           1           2   1.5151565206417672     
           2           3   1.1980453530619712     
           3           4   1.3814952695068936     
           4           5   1.2506059310278981     
           5           6   1.8848829214601197     
           6           7  0.79042217771330558     
           5           8  0.16364953770287685     
           7           8   1.7366767764539994     
           5           9  0.18840319222711865     
           7           9   1.2650679425602860     
           8           9  0.17873638294117050     
           9          10   1.1976847515762117     
          10          11   1.3668998860993353     
          11          12   1.7511584963431324     
          12          13   1.4414918268511918     
          13          14  0.62355552400820780     
          12          15  0.23929047153267105     
          14          15   1.0288980405093962     
          14          16   1.5862175335273581     
          15          16  0.12341858088226769     
          14          17   1.5788459040481009     
          15          17  0.13157035245888254     
          16          17  0.12357843299350305     
          11          18  0.40766493786329860     
          13          18   1.4498758290093632     
           6          19   1.0556967931647254     
          10          19   1.1178260050189448     
          18          19   1.4928032985852480     
           4          20   1.0865062899367144     
           3          21  0.22056301944503176     
          20          21   1.6217028621132361     
           2          22   1.1414901078697923     
          20          22   1.1267961732820890     
          22          23   1.2341965538072102     
          22          24  0.10160847166606604     
          23          24   2.1930576692620951     
          24          25  0.83253968690324465     
          24          26  0.11702017457190847     
          25          26   1.6643750031873012     
          24          27  0.10597877195321888     
          25          27   1.3928375793642005     
          26          27  0.26849943239534785     
