           1           2   1.6552964917436659     
           2           3  0.99717120075759058     
           3           4   2.4820137113822733     
           3           5  0.18001545313514322     
           4           5   1.1155985480402963     
           1           6  0.10284695194406669     
           2           6   1.1902625585520101     
           6           7   1.2695146337918535     
           7           8   1.3204395679586545     
           8           9   1.4295046781850256     
           9          10   1.1304951239078380     
          10          11   1.3761935921624131     
          11          12   1.1757612786623195     
          12          13   1.2838058226884124     
          13          14   1.6244891763938034     
          13          15  0.39773970634687633     
          14          15   1.6188916128400366     
          15          16   1.3596463571129824     
          16          17  0.99456693682431452     
          12          18   1.3177103430559793     
          13          18  0.15744107627464005     
          14          18  0.38461249515822438     
          15          18  0.15291968114451335     
          16          18   1.4281261438418715     
          10          19   1.2147389791999310     
          11          19  0.10096180018901586     
          11          20  0.18949384824295318     
          19          20   1.5977304378865926     
          20          21   1.5941895895154361     
           9          22   1.1324885830617641     
          21          22   1.2307363080131311     
           8          23  0.41669291741232267     
          22          23   1.2856780619730803     
           7          24   1.1898019392379902     
          23          24   1.7430373727085944     
