   -0.05280597
   -0.00660623
    0.33720560
   -0.34481813
   -0.21569691
    0.18803225
   -0.18166892
    0.07880936
    0.18951199
   -0.09804538
    0.12856685
   -0.02001333
   -0.00565670
    0.18780318
   -0.15830848
    0.09060746
   -0.06837193
   -0.08658500
   -0.13942877
    0.17122667
   -0.16310959
    0.11434544
   -0.04547912
    0.14954937
   -0.10469185
    0.05939701
    0.01549576
    0.01926046
    0.08726301
   -0.04072601
    0.05420080
   -0.11548904
    0.03611550
   -0.05988932
