   -0.00662764
   -0.01766446
    0.15310159
   -0.07923930
    0.11730374
   -0.11477191
    0.05881550
    0.03413599
    0.12314107
   -0.18305282
    0.13081894
   -0.16194910
    0.13986239
   -0.00431769
   -0.05567244
    0.07194312
    0.02808728
    0.04330797
   -0.14701777
    0.13349526
   -0.01661117
    0.07403569
   -0.02517220
   -0.00515655
    0.03138318
   -0.00838571
   -0.03332520
   -0.09460425
    0.02242427
   -0.03713368
    0.11502917
   -0.24437140
    0.32245945
   -0.35974200
   -0.00874726
    0.01797868
   -0.02345725
    0.17507019
   -0.07335187
   -0.09202184
