   -0.08770914
    0.14428485
   -0.15711404
    0.16697372
   -0.18709809
    0.20255217
   -0.14692414
    0.14543558
   -0.04138792
   -0.07679703
    0.17332190
   -0.13376533
    0.04987109
    0.07318979
    0.02762084
   -0.02066085
    0.00840291
    0.20777120
   -0.15499274
   -0.07230566
    0.08745242
   -0.06834299
   -0.07106736
    0.05047534
   -0.02468858
    0.15555999
   -0.18594654
    0.28003036
   -0.32791018
    0.04227607
   -0.02459032
   -0.02433213
    0.10870598
    0.04032343
   -0.10076068
   -0.04891877
   -0.00893518
