   -0.13167051
    0.13586464
    0.03338682
    0.05155843
    0.08893433
   -0.00556800
   -0.00634509
    0.22933272
   -0.26242205
    0.22035905
   -0.25386226
   -0.06340287
    0.31231746
   -0.38518013
   -0.18249362
    0.14481252
    0.00266408
    0.04512946
    0.03746341
   -0.00071622
    0.09893402
   -0.12359841
    0.29697924
   -0.37024974
    0.05527030
    0.13397717
   -0.13779778
    0.06722800
    0.09374292
   -0.01017249
   -0.00264717
    0.22917392
   -0.26097201
    0.22035951
   -0.25409697
   -0.04629270
