           1           2   1.2867203335094881     
           1           3  0.56824005355017571     
           2           3   1.3307271306550825     
           2           4   1.0057374263646495     
           3           4  0.29484509673762693     
           1           5  0.18890201631865480     
           3           5  0.14476608963517806     
           4           5   1.5776157965924920     
           1           6  0.12752554395723281     
           3           6  0.10661061502325177     
           4           6  0.27491065865632419     
           5           6   1.4641680730430418     
           6           7   1.1235706010962241     
           7           8   1.0411140292889882     
           7           9  0.12114653815621888     
           8           9   1.7771886676213668     
           8          10   1.0218563037107145     
          10          11   2.5637709171893599     
          11          12  0.98943557899155254     
          12          13   1.6982342477193100     
          12          14   1.1702397756912051     
          14          15   1.2920717002899169     
          15          16   1.1984526555831874     
          14          17  0.11439286462514395     
          16          17   1.7678250170346130     
          17          18   1.2730279898420092     
          18          19   1.1893438003754215     
          16          20  0.12973015371842511     
          19          20   1.5587267750654359     
          20          21   1.7292089530314807     
          21          22   1.0889390263905425     
          20          23  0.13524038287082121     
          22          23   1.6004765532159755     
          23          24   1.0865205599939627     
          24          25   1.3221524562741036     
          25          26   1.6221181547413421     
          24          27  0.10071100055803815     
          25          27  0.39027629315655715     
          26          27   1.6334423385605732     
          25          28  0.10147970746996769     
          27          28   1.3656758341227078     
          28          29  0.99529888247309684     
          24          30   1.3572704213308138     
          25          30  0.15786490090279973     
          26          30  0.39408059923191791     
          27          30  0.15410484499265786     
          28          30   1.4149088083018615     
          18          31   1.1614354768431399     
          22          31   1.0529859240559356     
          15          32   1.2395778345830315     
          16          32  0.22321304729875885     
          17          32  0.14603886342974687     
          31          32   1.4657733159059079     
