   -0.08840935
    0.03670023
    0.11048925
   -0.02356414
   -0.01712484
    0.03850429
    0.29699189
   -0.31459124
    0.08510691
   -0.01801568
    0.07953920
   -0.06920881
    0.12376654
    0.01571653
    0.02942163
    0.31096813
   -0.27472586
   -0.21647158
    0.19412942
   -0.15481506
    0.16313617
   -0.16695484
    0.18600304
   -0.16184910
    0.14000183
   -0.03240936
   -0.03358565
    0.19320352
   -0.15558975
    0.08902520
   -0.06915127
   -0.07427881
   -0.01985927
   -0.14761369
   -0.01678450
   -0.03770099
