           1           2   2.0904141392145528     
           1           3  0.11751161597470887     
           2           3   1.1888421566563476     
           1           4  0.10793835286657937     
           2           4  0.10935279461174191     
           3           4   1.1246120279132088     
           1           5  0.10355317656677192     
           4           5   1.4220623019302241     
           5           6   1.1284823878872523     
           6           7   1.0664783878916873     
           7           8   1.7592747799096502     
           7           9   1.0193784766566059     
           9          10   1.4769548300138935     
          10          11   1.1360655150496457     
          10          12  0.15098245942538796     
          11          12   1.6597297245350795     
          11          13   1.0800185040996870     
          12          13  0.10874718260218189     
          13          14   1.2338398167331948     
          14          15   1.7884395390562258     
          15          16  0.78820615918488901     
          14          17  0.16678027433408921     
          16          17   1.7329819760422833     
          14          18  0.22130183100192785     
          16          18   1.2733184821420316     
          17          18  0.17308466721515961     
          18          19   1.2308835542585412     
          19          20   1.2674575006443649     
          20          21   1.5567249759274500     
          21          22   1.6597963394713522     
          22          23   1.1674497877225773     
          21          24  0.19432842484507978     
          23          24   1.2921181206613199     
          24          25   1.2423541588066169     
          25          26   1.2243993195482366     
          26          27   1.7737779774444011     
          27          28   1.3585565875749237     
          28          29   1.0037010460123064     
          28          30   1.2494354097029188     
          30          31   1.0050030730722792     
          25          32   1.2706766390357969     
          26          32  0.32062870613272842     
          27          32  0.14809262847473742     
          30          32   1.4580153055606089     
          15          33   1.0916701669040323     
          19          33   1.2191052286715542     
          23          33   1.2831320754087854     
           9          34   1.1923970646861477     
          10          34  0.13331053872353418     
          12          34  0.16555019993317083     
          13          34   1.3487666153390863     
           1          35  0.11578350413703892     
           4          35  0.13577708255001197     
           6          35   1.1550935275881848     
           3          36   1.0520003851241646     
           4          36  0.15624949782467831     
          35          36   1.5698957710690344     
