           1           2   2.1780279685523309     
           1           3  0.11121808417823657     
           2           3   1.1207498937618396     
           3           4   1.0935905414212534     
           4           5   1.4486708580858378     
           5           6   1.4178468742529586     
           6           7   1.1587840921989254     
           7           8   1.7134721628489078     
           8           9   1.5946343469008932     
           9          10   1.0972765448747710     
          10          11   2.7961428407876694     
           9          12  0.99125768364478617     
          12          13   1.6624809685099866     
          13          14   1.1003611608967521     
          14          15   1.3056932316302732     
          15          16   1.6255752154990686     
          15          17  0.38525171198849395     
          16          17   1.6282749686186722     
          15          18  0.10090865032758818     
          17          18   1.3660679916676253     
          18          19   1.0014663739825755     
          14          20   1.3497400876534948     
          15          20  0.15879006984465932     
          16          20  0.38929516280961185     
          17          20  0.15737933552439601     
          18          20   1.4134202341254984     
           6          21   1.1055982967399456     
          12          21   1.0336970109421382     
           5          22  0.47381398901878136     
          21          22   1.5169872589643760     
           4          23   1.1018292108152230     
          22          23   1.3724731228101501     
          23          24   1.2016711943804408     
          24          25   1.4700365423082165     
          24          26  0.18347548873611655     
          25          26   1.4116822158061733     
          25          27  0.96170963180510449     
          26          27  0.13465466804873863     
          27          28   2.1288788315471923     
          26          29  0.12848685719834776     
          27          29  0.14171045438358149     
          28          29   1.4794927908285347     
          29          30   1.1102301594878190     
          29          31  0.13460622852176130     
          30          31   1.1248938987687302     
          29          32  0.11074385925570905     
          30          32  0.10320003919089543     
          31          32   1.3697116964665359     
          32          33   1.1511333339239673     
          29          34  0.13496121447396314     
          33          34   1.1597081955848729     
          30          35   1.0849163766013736     
          31          35  0.16084291969082706     
          34          35   1.4373487690639373     
