   -0.00016655
   -0.01218503
    0.15436209
   -0.07424002
    0.11863678
   -0.11198303
    0.05852014
    0.03806418
    0.12358479
   -0.17405637
    0.12987095
   -0.13653717
    0.13736679
   -0.06779059
   -0.03191968
    0.19428049
   -0.15373395
    0.09154403
   -0.06152487
   -0.05387206
    0.02496746
   -0.03369678
    0.11607435
   -0.24773127
    0.32292495
   -0.34222467
   -0.00638324
    0.01886152
    0.12396453
   -0.08966136
    0.04839637
   -0.04545617
    0.04276747
   -0.11720972
    0.05133201
   -0.03514638
