           1           2   1.5451444211148635     
           1           3  0.10905892001238493     
           2           3   1.0280728665079457     
           1           4  0.19521378983484081     
           3           4   1.4467041955545346     
           4           5   1.3711716041033282     
           5           6   1.2468331243337925     
           6           7   1.6482743292542319     
           7           8   1.3762534429094677     
           8           9   1.0803978259976557     
           9          10   2.8160881657345631     
           8          11   1.2329463307007511     
           7          12  0.25021745835218384     
          11          12   1.2560457032928287     
          12          13   1.2569496026082059     
          13          14   1.2048256725039623     
          14          15   1.7350689539460364     
          15          16   1.3578745309041120     
          16          17   1.0059628719818061     
          16          18   1.2468395900938789     
          18          19   1.0086653244263526     
          13          20   1.2663584524602876     
          14          20  0.36684437586694979     
          15          20  0.15233322485300299     
          18          20   1.4688195960934392     
           5          21   1.0782374412821745     
          11          21   1.1799747169260291     
           1          22  0.16748399959279567     
           4          22  0.34008012885892880     
          21          22   1.4243801371186953     
           3          23   1.0918775986899969     
          22          23   1.3849064325962361     
           1          24  0.17013575122493840     
          23          24   1.2590859113116941     
          24          25   1.1968158780899898     
          24          26  0.11379924161840618     
          25          26   1.6620833815597607     
          25          27  0.97566625637618443     
          27          28   2.4856321784680921     
          28          29   1.0670601034740310     
          27          30  0.16500553385800262     
          28          30  0.11933419498380582     
          29          30   1.7019328695590192     
          29          31  0.96930088711856310     
          31          32   1.1672001672068273     
          32          33   1.2907698473417866     
          33          34   1.1923579027450768     
          34          35   1.1414967642984206     
          31          36   1.1105524038100474     
          32          36  0.15294715142793480     
          35          36   1.5400224923327679     
