           1           2   2.7508355385730732     
           2           3   1.1265812689389723     
           1           4  0.12323705308735652     
           3           4   1.7325879122450152     
           4           5   1.1165842901624963     
           3           6  0.10859969257183569     
           5           6   1.7356861788520526     
           5           7  0.97243603541361967     
           7           8   1.0588412379455756     
           8           9   2.7972616929004328     
           7          10   1.7332523773056741     
           9          10  0.13751330453938723     
          10          11   1.3313782398408440     
          11          12   1.1908278933530909     
          10          13  0.14974931978485517     
          12          13   1.7277219415674741     
          13          14   1.1516603842668165     
          12          15  0.12872175113490847     
          14          15   1.4736726296870755     
          14          16   1.1589249938463861     
          11          17   1.1998458624110337     
          12          17  0.14783225598780242     
          15          17  0.12290095952317107     
          16          17   1.7115727958961886     
