   -0.09318517
    0.09408130
   -0.12800973
    0.15465462
   -0.06507600
    0.11588657
   -0.13420096
    0.08805606
    0.00997632
    0.12189626
   -0.21451854
    0.13002850
   -0.10438276
    0.12485093
   -0.05374005
   -0.01387434
    0.03942826
    0.04832770
    0.11964886
   -0.20412136
    0.10294522
    0.05699899
   -0.01197882
    0.00220002
    0.02682133
    0.00318924
   -0.02724625
   -0.04979580
    0.08848755
    0.09876866
   -0.08709283
   -0.08618256
    0.01391457
   -0.05193721
    0.10124231
   -0.15719427
    0.29683267
   -0.37022537
   -0.02125433
    0.04066983
   -0.03008368
    0.18357001
   -0.08966578
   -0.06871000
