           1           2   2.7946110933911701     
           2           3   1.0402877283668281     
           1           4  0.16032082171553375     
           3           4   1.7958120174621430     
           4           5   1.2203241668026075     
           5           6   1.5430621259514297     
           6           7   1.1548451078777195     
           7           8   1.6592758048753937     
           7           9  0.86812564159414807     
           9          10   1.8500032396085091     
           4          11  0.27741094367107449     
           6          11  0.21901385705121404     
           9          11   1.0323408901819391     
           4          12  0.13241737918379715     
           5          12   1.0057922012812461     
           6          12  0.31247532367077396     
          10          12  0.15120592465588806     
          11          12   1.9543567191094957     
           3          13  0.92515393426842030     
          13          14   1.7386783085398210     
          13          15   1.1486413567705762     
          15          16   1.6622597834269939     
          15          17  0.14716818059574868     
          16          17   1.6461122036595142     
          17          18   1.4620435609284543     
          17          19  0.14266813122915711     
          18          19   1.6832868020782532     
          18          20  0.13326748075306388     
          19          20   1.4259472367314951     
          20          21   1.6355411759486780     
          21          22   1.4982797447751521     
          20          23  0.10835405961958114     
          21          23  0.13619241551361383     
          22          23   1.5473925346430168     
          23          24   1.6084713230685688     
          22          25  0.12084481677480331     
          24          25   1.4810501090195580     
          24          26  0.12095430864783352     
          25          26   1.6656898212691968     
          26          27   1.1504778024169555     
          27          28   1.7534495656982325     
          27          29  0.90827977347341515     
          29          30   1.0528651209654478     
          30          31   2.7885381153894340     
          29          32   1.8085538244264381     
          31          32  0.15455724040206675     
          32          33   1.2002344378321645     
          32          34  0.13888310790935568     
          33          34   1.1573841966268896     
          32          35  0.18844082461986933     
          34          35   1.7299074402974515     
          35          36   1.2297237684299649     
          34          37  0.18550920934127405     
          36          37   1.5907121346142208     
          36          38  0.96968831518248477     
          35          39  0.12725114687723219     
          37          39  0.13309820583874293     
          38          39   1.5347395687822645     
          33          40   1.3914933022453744     
          34          40  0.33831346163313408     
          35          40  0.31459475858908070     
          38          40   1.2758626618984985     
