           1           2   2.6085501161208104     
           2           3  0.89073499028524283     
           1           4  0.14359944745699704     
           3           4   1.6881089834007592     
           1           5  0.10549650798314540     
           3           5   1.2193655300172910     
           5           6   1.1972765365901641     
           6           7   1.2356868030336612     
           5           8  0.12292335001262504     
           7           8   1.7129964927286236     
           8           9   1.2782890800942266     
           9          10   1.2261808746782674     
           7          11  0.10519633309582051     
          10          11   1.6177287278722008     
          11          12   1.5635766505691611     
          12          13   1.2744547822314918     
          11          14  0.11476869035855751     
          13          14   1.2546751134873431     
          14          15   1.2953221923057463     
          15          16   1.2110805678494498     
          16          17   1.8590293033836947     
          17          18   1.2863624376139347     
          18          19   1.0991381562117073     
          19          20   1.1279619597904453     
          20          21   1.4090653467646921     
          21          22   1.1087180104760317     
          20          23  0.16556138355125705     
          21          23  0.20152757447286532     
          22          23   1.2461671282353979     
          21          24  0.34027902411556832     
          22          24   1.2791801106254319     
          23          24  0.49062859586968832     
          18          25   1.1837202899925310     
          25          26   1.0100665022327715     
          15          27   1.2367796341642219     
          16          27  0.29171925517416242     
          17          27  0.14080838366030712     
          20          27  0.11761809100402108     
          25          27   1.5145131636135662     
           9          28   1.1300926902060411     
          13          28   1.1846593905587890     
           6          29   1.3048282156259603     
           7          29  0.21180499217116641     
           8          29  0.17559800926249480     
          28          29   1.3524734464285784     
