           1           2   2.4886380400349846     
           2           3  0.97679030389019450     
           1           4  0.12624854999625587     
           3           4   1.7392671707589673     
           3           5   1.0614742628577738     
           4           5  0.10631754021512450     
           5           6   1.1094871365135979     
           6           7   1.6887194100873979     
           6           8  0.23670191558993625     
           7           8   1.6504662768438669     
           8           9   1.1114196570226027     
           9          10   1.0986498257607415     
          10          11   1.3541151916374363     
          11          12   1.1476519034858139     
          12          13   1.1597995921332587     
           9          14   1.0967460150736990     
          10          14  0.14312719153903292     
          13          14   1.4196324709251047     
           5          15   1.0261886233366722     
          15          16   1.2899260542571751     
          16          17   1.7854197371104235     
          17          18   1.3063164773258502     
          18          19   1.1999519072494791     
          16          20  0.11266010975911402     
          19          20   1.6307991877955368     
          20          21   1.6052114064487240     
          21          22   1.2151922325860947     
          20          23  0.16543106510856212     
          22          23   1.3349298801494116     
          23          24   1.1857046745653066     
          24          25   1.2834978390498326     
          25          26   1.6439589475784977     
          25          27  0.37440695811486291     
          26          27   1.6241862840128281     
          27          28   1.3629779752315931     
          28          29  0.99459649416959195     
          24          30   1.3076200134664755     
          25          30  0.15409224026543730     
          26          30  0.38184864046687761     
          27          30  0.15921837774870165     
          28          30   1.4194280144119824     
          18          31   1.1466002598937606     
          22          31   1.1699423921174168     
          15          32   1.3981961735895903     
          16          32  0.19747480595020736     
          17          32  0.18509368875587179     
          31          32   1.3573126713475521     
