   -0.08371171
    0.10908850
   -0.14174657
    0.15567595
   -0.07958620
    0.11464435
   -0.12396751
    0.08726373
    0.02738892
    0.12581468
   -0.17310490
    0.13400846
   -0.11172986
    0.13261059
   -0.05582350
   -0.08692881
    0.16958328
   -0.13880518
    0.05139240
    0.07560211
    0.02981681
   -0.01970602
    0.02831247
    0.06829252
    0.13782362
   -0.15448668
   -0.05402097
    0.08958828
   -0.05610942
   -0.07804470
    0.00747891
   -0.06873487
    0.10114384
   -0.15320622
    0.29357060
   -0.37615164
   -0.01566949
    0.05539767
   -0.02311143
    0.16849642
   -0.10044605
   -0.06790240
