           1           2   2.0414411977868925     
           1           3  0.27700594156048508     
           2           3   1.3864228675407959     
           1           4  0.16083066092374260     
           3           4   1.8282747424477468     
           4           5   1.0994898261506867     
           5           6   1.4988612999592057     
           6           7   1.2405802121456886     
           7           8   1.2183616605878924     
           8           9   1.8395236537296766     
           9          10   1.0524477037020565     
           8          11  0.16131223857929985     
          10          11   2.7912988089731399     
           9          12  0.85473398993258132     
           8          13  0.19447644128420791     
          12          13   1.4283438467074858     
          12          14   1.5575874604021358     
          13          14  0.21335028329942934     
           6          15  0.45109025483107396     
           7          15   1.3170936126929542     
          15          16   1.4257758938879925     
          16          17   1.1428678460910864     
          17          18   1.6125736139196649     
          17          19  0.18750442802767281     
          18          19   1.4905577024071019     
          17          20  0.10438915831912636     
          18          20  0.30195963308452872     
          19          20   1.8617056042268347     
           5          21   1.1015731760897587     
          16          21   1.1016821769550349     
           6          22  0.15021942323738008     
          15          22  0.11257282983771005     
          21          22   1.5266595076377010     
