           1           2   2.5688935723641326     
           2           3  0.91193134932197717     
           1           4  0.17527337068670962     
           3           4   1.7336143667843846     
           3           5   1.1499215946987054     
           4           5  0.11536798782198504     
           5           6   1.5192278008251807     
           6           7   1.1609302154097536     
           7           8   1.5224385637366831     
           8           9   1.1798023207396342     
           9          10   1.5432155834676895     
          10          11   1.7144215773184583     
          11          12   1.1142333992336719     
          10          13  0.24126626861292527     
          11          13  0.10837976713786984     
          12          13   1.3125527705592628     
          13          14   1.1905616554279812     
          14          15   1.2707984856995893     
          15          16   1.6338432255787452     
          15          17  0.40455247512321341     
          16          17   1.6174214125924935     
          17          18   1.3580830871728451     
          18          19  0.99608279766367058     
          14          20   1.3054208848908093     
          15          20  0.15741164283086378     
          16          20  0.39245593061564898     
          17          20  0.14596840051480550     
          18          20   1.4290893488510552     
           8          21   1.0254562835913406     
          12          21   1.3182894322451371     
           7          22  0.31131978133528010     
          21          22   1.2129644510476292     
           6          23   1.0819334944502743     
          22          23   1.8576920986945964     
