           1           2   1.6745603259049824     
           2           3   1.0077501637719330     
           3           4   2.4123050395624044     
           4           5   1.1898640230703375     
           5           6   1.1194439138299941     
           6           7   1.3773803338728392     
           7           8   1.1404730736237001     
           8           9   1.1581842308843575     
           5          10   1.1245573205695394     
           6          10  0.11648191039853190     
           9          10   1.3674067282726148     
           2          11   1.1668686620719724     
          11          12   1.3132904925062130     
          12          13   1.1930305575333422     
          11          14  0.11232715347113548     
          13          14   1.7761389176206481     
          14          15   1.2721179371829527     
          15          16   1.1932079442909025     
          13          17  0.13126710597208088     
          16          17   1.5529924854778232     
          17          18   1.7308932827450225     
          18          19   1.0878989107381551     
          17          20  0.13494073790701813     
          19          20   1.6031377806659328     
          20          21   1.0859820504720685     
          21          22   1.3223933314235043     
          22          23   1.6218626913781908     
          21          24  0.10086505401143100     
          22          24  0.39186651680077045     
          23          24   1.6339475177611649     
          22          25  0.10147135936606230     
          24          25   1.3654425758738995     
          25          26  0.99439308254644376     
          21          27   1.3576840294008736     
          22          27  0.15787524791312513     
          23          27  0.40080774015648618     
          24          27  0.15328467929930797     
          25          27   1.4154406877252252     
          15          28   1.1600467708096800     
          19          28   1.0524617890451173     
          12          29   1.2323251499278434     
          13          29  0.21612012532886204     
          14          29  0.15273951650780637     
          28          29   1.4698692041148063     
