           1           2   2.6046945295316712     
           2           3  0.89826709199942301     
           1           4  0.13355507272175221     
           3           4   1.6936103714825128     
           1           5  0.10326476485802286     
           3           5   1.2132548580886096     
           5           6   1.2452039902013605     
           6           7   1.3203282296502092     
           7           8   1.4423829210987975     
           8           9   1.1313006130115082     
           9          10   1.3582881192191500     
          10          11   1.2114636741923621     
          11          12   1.2284578417860590     
          12          13   1.7276449373710050     
          13          14   1.3650957316291410     
          14          15   1.0010466717075928     
          14          16   1.2526208005267205     
          16          17   1.0088986766568653     
          11          18   1.2947198845450947     
          12          18  0.35148643948935360     
          13          18  0.14956059476117645     
          16          18   1.4582118038862253     
           9          19   1.2285933117974732     
          10          20  0.19921991778441422     
          19          20   1.6058829815143205     
          20          21   1.5677024730452640     
           8          22   1.1239939177615685     
          21          22   1.2508926570326602     
           7          23  0.41927875207189003     
          22          23   1.2750199243266902     
           6          24   1.1917576580324614     
           7          24  0.10415288991722391     
          23          24   1.7323850312646865     
