           1           2   2.8060152041369508     
           2           3   1.0578959695666048     
           3           4   1.0605890949337518     
           4           5   2.8042224152115858     
           1           6  0.10940537751676851     
           3           6   1.6296684108404049     
           5           6  0.10897855886678143     
           6           7  0.92186598918046914     
           7           8   1.6984754276163057     
           7           9   1.2184922815545065     
           8           9  0.17171678978821339     
           9          10   1.3114894770995140     
          10          11   1.3936736054459529     
           9          12  0.16113945612366018     
          10          12   1.1658289498782615     
           6          13  0.91195587177395609     
          12          13   1.2712588339720357     
          12          14  0.20733440295571248     
          13          14   1.6633716822845521     
