           1           2   1.3458453455286670     
           1           3  0.42962914926832591     
           2           3   1.3012942127919072     
           1           4  0.13583709907424693     
           2           4   1.0011167192641910     
           3           4  0.44709915254848648     
           1           5  0.14993714899340832     
           3           5  0.10881469497269249     
           4           5   1.7145422521354994     
           3           6  0.14280879461832280     
           5           6   1.3835146850769608     
           5           7  0.14180922154080922     
           6           7   1.7016534281898676     
           7           8   1.1211851447945058     
           8           9   1.7069721384893044     
           8          10   1.0119001733711275     
          10          11   2.5551708334450520     
          11          12  0.98635481201112452     
          12          13   1.6879341159312589     
          12          14   1.1755028571221926     
          14          15   1.2678935707150398     
          15          16   1.2038351952280875     
          14          17  0.13650234642777379     
          16          17   1.7729400541564295     
          17          18   1.2621492972465223     
          18          19   1.2435931200677348     
          16          20  0.15385388260804969     
          19          20   1.5817019914393442     
          20          21   1.5886153470674633     
          21          22   1.2208855336845330     
          20          23  0.14636387150449776     
          22          23   1.3396140402379664     
          23          24   1.1899516958914329     
          24          25   1.2756729135299665     
          25          26   1.6296513809644468     
          25          27  0.39710035164467938     
          26          27   1.6192972104311487     
          27          28   1.3591336302016843     
          28          29  0.99609472939041455     
          24          30   1.3106863459422613     
          25          30  0.15957476470425372     
          26          30  0.38655843084671410     
          27          30  0.14576267160672460     
          28          30   1.4269861190661055     
          18          31   1.1284175719334917     
          22          31   1.1645861232919861     
          15          32   1.2772500425633284     
          16          32  0.21553915009485547     
          17          32  0.15986950876211634     
          31          32   1.4008158092775362     
