           1           2   1.6868148804554350     
           2           3  0.99943612189622866     
           3           4   2.5485832261145278     
           4           5  0.98568018433455684     
           5           6   1.6622302393443540     
           5           7   1.1970875729117485     
           7           8   1.2661870134102791     
           8           9   1.2906590932640825     
           9          10   1.5009241071831274     
          10          11  0.97392582830009444     
          11          12   1.5989121857212287     
          12          13   1.1230975089270394     
          13          14   1.2737971719302486     
          14          15   1.6788618712453320     
          15          16   1.3792073432453984     
          16          17   1.0022614399756338     
          14          18  0.10308190758372796     
          16          18   1.2584060493940035     
          18          19   1.0089520351513430     
          13          20   1.3246401411167334     
          14          20  0.36019515360173293     
          15          20  0.14795087449572800     
          18          20   1.4368987556698016     
          11          21   1.1872461239949104     
          12          21  0.10766829325126868     
          12          22  0.10566667583233426     
          21          22   1.6659089318518134     
          22          23   1.6841361160872019     
          10          24   1.1753903444748783     
          23          24   1.0989538929591547     
           9          25  0.38178500786676006     
          24          25   1.3380341603891981     
           8          26   1.2027551330333432     
          25          26   1.6995928952530599     
           1          27  0.11784916384205107     
           2          27   1.1474825012333787     
          27          28   1.6207493587796025     
          27          29  0.13738706524447680     
          28          29   1.6740809802341847     
          29          30   1.4582665983312137     
          30          31   1.2733958463315787     
          30          32  0.11722933121520430     
          31          32   1.1033366891564778     
          30          33  0.14699877501755310     
          32          33   1.3849124463003362     
          33          34   1.1529252665821781     
          34          35   1.1292053395063548     
          30          36  0.19077669746384573     
          31          36   1.0450781238445328     
          32          36  0.18577196273495838     
          35          36   1.5328406590998127     
