           1           2   2.5896675558403874     
           2           3  0.91113753368013406     
           1           4  0.26442692900167236     
           3           4   1.3508433272622042     
           3           5   1.5280597820608288     
           4           5  0.17571769323093925     
           5           6   1.1669486924182948     
           6           7   1.2469482386247985     
           7           8   1.7409225638933712     
           8           9   1.2953157891894675     
           9          10   1.1728643358685831     
          10          11   1.5710510737790562     
          11          12   1.7380705435414725     
          12          13   1.0873354532283077     
          11          14  0.14597403153813035     
          13          14   1.5963493743197927     
          14          15   1.0947980102914430     
          15          16   1.2968410879914523     
          16          17   1.6911241008501043     
          17          18   1.3613650951043610     
          18          19  0.99297014452818988     
          19          20   1.2507300874219833     
          20          21   1.4185612575664737     
          21          22   1.0721363565619861     
          20          23  0.13395986420454828     
          21          23  0.34367135546316696     
          22          23   1.3151344544730732     
          20          24  0.17279718318815551     
          21          24  0.18309294058401571     
          22          24   1.2528488551567938     
          23          24  0.49047447322362625     
          16          25  0.10699382439265112     
          18          25   1.2637137146613544     
          25          26   1.0063957932505039     
          15          27   1.3487299842056999     
          16          27  0.27102074523756914     
          17          27  0.18329053319135069     
          25          27   1.4462458556345981     
           9          28   1.1643939577105269     
          13          28   1.0546862487002546     
           6          29   1.3002567195556329     
           7          29  0.21222931840445489     
           8          29  0.18408441761975128     
          28          29   1.4462035729768361     
