           1           2   1.6100027574361071     
           1           3  0.39538794359217322     
           2           3   1.3261191846292211     
           3           4   1.1396097758992541     
           4           5  0.96236962691974082     
           5           6   1.7832090528217575     
           5           7   1.0902008925357434     
           7           8   1.0766843273597804     
           8           9   1.3488154707794735     
           9          10   1.0628766161545544     
           8          11  0.45939843444374695     
           9          11  0.20909403294862969     
          10          11   1.5244951137649534     
           9          12  0.28639582322510032     
          10          12   1.0043817936214614     
           7          13   1.2080394972783917     
           8          13  0.13922597188317964     
           9          13  0.21968228732699024     
          11          13  0.22085331969100624     
          12          13   1.4310729479511697     
           1          14  0.17145692928223830     
           4          14   1.5374049857459584     
           1          15  0.10110728147053707     
           2          15  0.93932980434787605     
          14          15   1.1673297717930522     
           4          16  0.11630317982272501     
          15          16   1.5817517823958145     
          16          17   1.5754914766468711     
          17          18  0.82089158367664039     
          18          19   1.7656902117203830     
          16          20  0.10433768335365662     
          18          20   1.2151523603504570     
          19          20  0.12839696062587080     
          20          21   1.2711453797546670     
          21          22   1.2425894521423186     
          22          23   1.5869735825253024     
          23          24   1.6748816036833958     
          24          25   1.1573759611430405     
          23          26  0.19517865496717868     
          25          26   1.2908018039201565     
          26          27   1.2405757584447963     
          27          28   1.2104915783879984     
          28          29   1.7275909894044061     
          29          30   1.3587677916970602     
          30          31   1.0071597773373686     
          30          32   1.2423977756882745     
          32          33   1.0124697122716380     
          27          34   1.2794307861762382     
          28          34  0.34323798243392317     
          29          34  0.15877694757267535     
          32          34   1.4659134978064177     
          17          35   1.0635403109791457     
          21          35   1.2160818754674312     
          25          35   1.2956460099475666     
