   -0.00651020
   -0.01785670
    0.15262417
   -0.08043452
    0.11705934
   -0.11636265
    0.05405856
    0.03518503
    0.12302769
   -0.17891889
    0.12840709
   -0.14903293
    0.14564627
   -0.06447961
   -0.07142822
    0.17877092
   -0.12560243
    0.05130817
    0.07420393
   -0.03395526
   -0.00978470
    0.03481333
   -0.00950606
   -0.02380426
    0.09116602
   -0.06316723
   -0.06388752
    0.02267504
   -0.03971667
    0.11437219
   -0.25153315
    0.32221435
   -0.35702049
   -0.00155542
    0.01855122
   -0.00637265
    0.19137195
   -0.08936789
   -0.09515780
