           1           2   1.8404926844153913     
           1           3  0.14770956971426344     
           2           3   1.0768425455511301     
           3           4   1.4891142838155911     
           4           5  0.97249739522022627     
           5           6   1.7043361675658795     
           5           7   1.1573885375381421     
           6           7  0.10428804169046614     
           7           8   1.6639603299026289     
           7           9  0.13775309247578366     
           8           9   1.4651506389663937     
           9          10   1.2010910645185635     
           9          11  0.11902854296139782     
          10          11   1.0910527476858496     
           9          12  0.20174446284269082     
          11          12   1.5050803218688664     
          12          13   1.1028776128479467     
          12          14  0.12167440792138194     
          13          14   1.2046511451840660     
           8          15  0.11130330066087077     
           9          15  0.12188234387982311     
          10          15   1.0552245541449898     
          11          15  0.15809388745061548     
          14          15   1.3307811492673911     
           1          16  0.17352226197682241     
           4          16   1.2177412996694219     
           1          17  0.10141153543197186     
           2          17  0.93816536821765195     
          16          17   1.2834868058644582     
           3          18  0.16953166213978982     
          17          18   1.4881031963268243     
          18          19   1.4878016489850303     
          19          20   1.0305379711856932     
          18          21  0.10657958583991685     
          20          21   1.5700814934934468     
          18          22  0.12625247141901391     
          20          22   1.2177704130622951     
          22          23   1.3042399635107702     
          23          24   1.2340112155919705     
          24          25   1.5622120430432462     
          25          26   1.7164723290437127     
          26          27   1.1559170564974901     
          25          28  0.19647009445772795     
          27          28   1.3344753549632697     
          28          29   1.2293511261484900     
          29          30   1.2195626248897333     
          30          31   1.7767195901415023     
          31          32   1.3650357101145019     
          32          33   1.0059832477634010     
          32          34   1.2443927885980548     
          34          35   1.0097067366698840     
          29          36   1.2834755553921879     
          30          36  0.30753715804150183     
          31          36  0.15459166162187229     
          34          36   1.4539104680962889     
          19          37   1.1662411313153571     
          23          37   1.1617091395741674     
          27          37   1.2320121871782910     
