           1           2   1.6373799085493952     
           1           3  0.29917002044780605     
           2           3   2.1050517876051038     
           3           4   1.0071255124805369     
           1           5  0.17682840010955739     
           4           5   1.4133780114740360     
           4           6   1.4188498611355036     
           5           6  0.21592284155089175     
           6           7   1.1826494120175963     
           7           8   1.3593355641834080     
           8           9   1.5160268817326339     
           9          10   1.0306369087869074     
          10          11   1.6624293214387680     
          11          12   1.1046152197359058     
          12          13   1.2736087348492113     
          13          14   1.7073133653506267     
          14          15   1.3718524816842608     
          15          16  0.99908000656966600     
          13          17  0.10342843343913791     
          15          17   1.2595037124457846     
          17          18   1.0089742553324168     
          12          19   1.3337278917058133     
          13          19  0.29817774658653029     
          14          19  0.15936162031650070     
          17          19   1.4390678065943356     
          10          20  0.98769454271716417     
          20          21   1.0991020963757188     
          21          22   2.7938941640451000     
          11          23  0.11544818860891135     
          20          23   1.5791651920231256     
          23          24   1.6655314118194697     
           9          25   1.1101497758704106     
          24          25   1.1703007080544174     
           8          26  0.43394580539922789     
          25          26   1.3877360300485000     
           7          27   1.1318973037529119     
          26          27   1.4608042808068724     
          27          28   1.0648329369123004     
          28          29   1.1347309101387395     
          29          30   2.0509078134430765     
