   -0.07004276
    0.07799021
   -0.01636597
    0.08718676
    0.29776556
   -0.33164491
    0.02914745
   -0.07044229
    0.04846376
   -0.12104156
    0.03364048
    0.00367194
   -0.13826367
    0.12120044
   -0.00549238
    0.02645427
    0.30969887
   -0.26885185
   -0.21172483
    0.19419483
   -0.14853179
    0.16251173
   -0.15079830
    0.19285933
   -0.16248875
    0.13731458
   -0.01657769
   -0.05478763
    0.06977518
    0.02733715
    0.04754351
   -0.14566350
    0.13496068
   -0.00699827
    0.07074011
   -0.01907461
   -0.00323845
    0.02674705
   -0.01067871
   -0.03284180
   -0.08576246
   -0.02789171
