           1           2   1.6698353460757731     
           1           3  0.13765851378457208     
           2           3   1.1296860215026709     
           3           4   1.4891796768116357     
           4           5   1.0154726040323685     
           5           6   1.7364572521867012     
           5           7   1.0781885609830422     
           6           7  0.11239572473689516     
           7           8   1.2146394859701806     
           8           9   1.3062043736852649     
           9          10   1.0860811304308708     
           8          11  0.19724510075212581     
           9          11  0.20891281591346017     
          10          11   1.2199204180983436     
           7          12   1.0399655910303232     
           8          12  0.25827857434790974     
           9          12  0.15495374910159140     
          11          12   1.3976366760678172     
           1          13  0.18147724534664181     
           3          13  0.13621137620844603     
           4          13   1.1875656414545530     
           1          14  0.11177892299726223     
           2          14   1.0780831889661517     
          13          14   1.3550448032158726     
          14          15   1.2342634175667744     
          15          16   1.8068387784596160     
          16          17  0.79306932368177974     
          15          18  0.16510357231515380     
          17          18   1.7347093307147139     
          15          19  0.20753809087988298     
          17          19   1.2670749704969724     
          18          19  0.17788872605460615     
          19          20   1.2276302693753705     
          20          21   1.2627806102165560     
          21          22   1.5619332597607776     
          22          23   1.6380081329790956     
          23          24   1.2046313449362076     
          22          25  0.13987002847948218     
          24          25   1.2310616929896865     
          25          26   1.2807519106792946     
          26          27   1.2515145982245555     
          27          28   1.7333513487009011     
          28          29   1.3137960410461842     
          29          30   1.1002006981436543     
          28          31  0.18219324407659482     
          30          31   1.2224274954277441     
          31          32   1.6178915740726354     
          29          33   1.1682353991511061     
          32          33   1.0988554187319899     
          31          34  0.19752026347190035     
          33          34   1.1373781311023035     
          34          35   1.0397243529121738     
          34          36  0.10846803662582760     
          35          36   1.3209791372879276     
          36          37   1.5486428415207547     
          35          38  0.10799104866045151     
          36          38  0.18297898375537913     
          37          38   1.6164487948946642     
          34          39  0.10833640484779000     
          36          39  0.22064418046922962     
          38          39   1.6176621454260784     
          35          40   1.3203714314923931     
          36          40  0.12605126231314059     
          37          40  0.22224308486551697     
          38          40  0.17029738400400030     
          39          40   1.5441116038534870     
          26          41   1.2228984242669221     
          27          41  0.28129377866739574     
          28          41  0.18587720439209746     
          30          41   1.4032185510178392     
          16          42   1.0699917423679171     
          20          42   1.2197526449322482     
          22          42  0.10291821205655580     
          24          42   1.2993938071740232     
