           1           2   1.6503243427593695     
           2           3   1.0206166642845456     
           3           4   2.5247769267006563     
           4           5   1.2678493493604166     
           5           6   1.2064402345140093     
           5           7  0.28950196486413676     
           6           7   1.1038324047549817     
           5           8  0.10755081980015306     
           7           8   1.2769611944507162     
           8           9   1.2003577644626164     
           9          10   1.1249163908063309     
           6          11   1.0444890288048543     
           7          11  0.15702029780674889     
          10          11   1.7055807095006927     
           1          12  0.10558997302357394     
           2          12   1.1893482255515975     
          12          13   1.2658715442477826     
          13          14   1.2120418472606800     
          12          15  0.12403085414419339     
          14          15   1.7326152958371019     
          15          16   1.3076389895843334     
          16          17   1.0944513207641287     
          14          18  0.10925383362723981     
          17          18   1.6928581632171409     
          18          19   1.6252031820116675     
          19          20   1.1548206368021610     
          18          21  0.11739766645463988     
          19          21  0.10873137708801138     
          20          21   1.5794107929261743     
          21          22   1.0883064534667579     
          22          23   1.3211348952014512     
          23          24   1.6222299549808052     
          22          25  0.10113297301304326     
          23          25  0.38633353106954693     
          24          25   1.6303155030258527     
          23          26  0.10145984468707123     
          25          26   1.3662564024505728     
          26          27  0.99399853130857285     
          22          28   1.3565126027063765     
          23          28  0.15675829557431797     
          24          28  0.38436882172674458     
          25          28  0.15545459246736454     
          26          28   1.4145106439489563     
          16          29   1.1916008404322986     
          20          29   1.0273871970074218     
          13          30   1.2568154800772049     
          14          30  0.23576413539799559     
          15          30  0.13840439731943183     
          29          30   1.4542957568024082     
