           1           2  0.99357116899745412     
           1           3  0.57824981550312982     
           2           3   1.0354041654357218     
           1           4  0.57491584664105844     
           2           4   1.0385249080431687     
           3           4  0.56106447425051376     
           2           5  0.84620298990924325     
           5           6   1.7263198917554596     
           6           7   1.0946563980207034     
           7           8   1.5924163229328254     
           8           9   1.5909021161478147     
           9          10   1.0543597932418771     
           8          11  0.10582165278227826     
          10          11   1.5560710032469904     
          10          12   1.2173490913079674     
          12          13   1.2608419673765763     
          13          14   1.3142613713399929     
          14          15   1.6768096741137923     
          14          16  0.12155361505317767     
          15          16   1.8274389092204748     
          14          17  0.36166062537608162     
          15          17  0.11184922564753567     
          16          17   1.6297057584737515     
           9          18   1.1251147522757843     
          13          18   1.0968581445719567     
          17          18   1.3853613384084513     
           6          19  0.45863886284024125     
           7          19   1.1141688994310426     
          19          20   1.7271960291560720     
          20          21  0.84486433678992856     
          21          22   1.0367446804360858     
          21          23  0.99544552459984048     
          22          23  0.57448007111386390     
          21          24   1.0382494003429874     
          22          24  0.56280732832074709     
          23          24  0.57354672648160776     
           5          25  0.96359456951791733     
          20          25  0.96411000164752236     
           6          26  0.12599521384609980     
          19          26  0.12902556556520189     
          25          26   1.7890223795965032     
