           1           2   1.4744800472830655     
           1           3  0.54308552024732770     
           2           3   1.4734672355556824     
           2           4  0.90850232239004303     
           4           5   1.7320375788622371     
           5           6   1.0835204171834631     
           6           7   1.6030033079567203     
           7           8   1.5696811042595691     
           8           9  0.89209458938324848     
           9          10   1.5262753297688112     
           9          11   1.3860854770311417     
          11          12   1.1838393592107677     
          12          13   1.3527002995676349     
          13          14   1.6778414260457750     
          13          15  0.13749820445125721     
          14          15   1.7928921078993647     
          13          16  0.36735979025250581     
          14          16  0.12143694584975895     
          15          16   1.6474976019320577     
           8          17   1.0771923237215326     
          12          17   1.1209768094256067     
          14          17  0.10141985956061665     
          16          17   1.4144675879382382     
           5          18  0.41211288546482205     
           6          18   1.1112972351363395     
          18          19   1.7048027611289653     
          19          20  0.93318135535517199     
          20          21   1.4594811193158213     
          20          22   1.4670259433896475     
          21          22  0.58041121115249861     
           4          23  0.96009900791098957     
          19          23  0.96342177168307441     
           5          24  0.13422571122081381     
          18          24  0.12606776104975190     
          23          24   1.7768883228886769     
