           1           2   1.3228292127942405     
           1           3  0.58959806738574461     
           2           3   1.2965034427805988     
           2           4   1.1142692897738848     
           3           5  0.10548483770077191     
           4           5   2.4764622007377581     
           5           6  0.98116791699538264     
           6           7   1.6691221411207162     
           6           8   1.1977973613808786     
           8           9   1.2583469183754989     
           9          10   1.2082062678823509     
           8          11  0.12367898930434125     
          10          11   1.7655102423344555     
          11          12   1.2649155972924744     
          12          13   1.2379488929918008     
          10          14  0.15338565689120559     
          13          14   1.5858962902458837     
          14          15   1.5994210136344649     
          15          16   1.2203116957581770     
          14          17  0.14179447022567515     
          16          17   1.3371106471774197     
          17          18   1.1890367233283279     
          18          19   1.2816866041115018     
          19          20   1.6469878668169680     
          19          21  0.37688164576085742     
          20          21   1.6219984305359421     
          21          22   1.3636019083481801     
          22          23  0.99320007209659311     
          18          24   1.3048966302602489     
          19          24  0.15406079608307410     
          20          24  0.41516407539971983     
          21          24  0.15823066825592597     
          22          24   1.4200643278818519     
          12          25   1.1294381144647812     
          16          25   1.1662760890740298     
           9          26   1.2819330728524680     
          10          26  0.21295307890453932     
          11          26  0.14972961494964232     
          25          26   1.3959881475539739     
