           1           2   1.8083855056744129     
           1           3  0.39648811283872409     
           2           3   1.8989484677182467     
           3           4  0.96492780858723337     
           3           5  0.12750270512920392     
           4           5   1.6594219216032566     
           1           6  0.13546926098752565     
           4           6   1.2155252257778772     
           5           6  0.13994255851873813     
           6           7   1.2232511559360943     
           7           8   1.2299667290957084     
           6           9  0.11929648293621656     
           8           9   1.7383773422650497     
           9          10   1.3188046741412884     
          10          11   1.0846760119730157     
          11          12   1.7052619382812864     
          12          13   1.6293943448993478     
          13          14   1.1540408889694798     
          12          15  0.12343046619623629     
          13          15  0.11866677445929037     
          14          15   1.5796430897358327     
          15          16   1.0900302896390834     
          16          17   1.3208703986102535     
          17          18   1.6238033461549113     
          16          19  0.10069484197244818     
          17          19  0.38671176752922126     
          18          19   1.6282849210988384     
          17          20  0.10146276475542229     
          19          20   1.3660651772967780     
          20          21  0.99399735154294167     
          16          22   1.3546743310393634     
          17          22  0.15466686255537884     
          18          22  0.38330872244008651     
          19          22  0.15624156285283475     
          20          22   1.4151310075445269     
          10          23   1.1961899117512909     
          14          23   1.0271281590012187     
           7          24   1.2770203660165762     
           8          24  0.22185356746863247     
           9          24  0.19934739157925235     
          23          24   1.4501597800770847     
