           1           2   2.6072067860976791     
           2           3  0.89737816346071941     
           1           4  0.13419162040040924     
           3           4   1.6944463505367948     
           1           5  0.10398568415632141     
           3           5   1.2133381659545621     
           5           6   1.2451933443828629     
           6           7   1.3197120618008029     
           7           8   1.4420727704738376     
           8           9   1.1308206392359510     
           9          10   1.3606902373453622     
          10          11   1.2061724259972477     
          11          12   1.2358983675769126     
          12          13   1.7339194032825829     
          13          14   1.3661835203626478     
          14          15  0.99957942664917432     
          14          16   1.2621753550435595     
          16          17   1.0068315524530462     
          11          18   1.2941270689137616     
          12          18  0.34419438770426419     
          13          18  0.14881331612377471     
          16          18   1.4638877480096562     
           9          19   1.2271102780291412     
          10          20  0.20108266577751549     
          19          20   1.6068659062632864     
          20          21   1.5694355725867055     
           8          22   1.1244438778940560     
          21          22   1.2499545451146745     
           7          23  0.41760330312924315     
          22          23   1.2754548365725182     
           6          24   1.1920884880581597     
           7          24  0.10385724863825484     
          23          24   1.7329262528270146     
