           1           2   2.1600176399006843     
           1           3  0.15360632483489747     
           2           3   1.1414668735869671     
           1           4  0.10772158544914733     
           3           4   1.1632325149790594     
           1           5  0.17899733186119579     
           2           5  0.13356235696178079     
           4           5   2.0503129405159966     
           1           6  0.15747404349790764     
           2           6  0.10786990239391667     
           3           6   1.1112477489813943     
           4           6  0.12216461061109769     
           5           6  0.14008345603076042     
           6           7   1.2652125686681532     
           6           8  0.11515139508249088     
           7           8   2.5243336686730893     
           8           9   1.0148862452981555     
           9          10   1.6474967177050162     
           9          11   1.2023145542855178     
          10          11  0.11771627099156182     
          11          12   1.2629113545493720     
          12          13   1.3232419657294170     
          13          14   1.4357865966405785     
          14          15   1.1336984558363434     
          15          16   1.3566536049303184     
          16          17   1.2095454791452995     
          17          18   1.2296727303130701     
          18          19   1.7253894442803737     
          19          20   1.3658481141449943     
          20          21  0.99992581186416518     
          20          22   1.2538030557069646     
          22          23   1.0078752656453340     
          17          24   1.2952732518727810     
          18          24  0.35287359492814507     
          19          24  0.13396951561165252     
          22          24   1.4565457181700303     
          15          25   1.2275677461829702     
          16          26  0.19539854535260900     
          25          26   1.6058106792761224     
          26          27   1.5740518506687584     
          14          28   1.1257835030302736     
          27          28   1.2466681705010472     
          13          29  0.41269695124756250     
          28          29   1.2785366620362795     
          12          30   1.1870638355388730     
          13          30  0.10350125292262288     
          29          30   1.7464518495825228     
