           1           2   2.5277228321240290     
           2           3  0.93646207573494145     
           1           4  0.16809612334647109     
           3           4   1.6901251582188626     
           3           5   1.1673549492338609     
           4           5  0.10617542644355561     
           5           6   1.4838240299482601     
           6           7   1.0855895081757891     
           7           8   1.6720691562621859     
           8           9   1.0056894774422200     
           9          10   1.4183089648888214     
          10          11   1.1642080248027442     
          11          12   1.2876120214799609     
          12          13   1.6377291835592820     
          12          14  0.38582815643066554     
          13          14   1.6332429321898165     
          14          15   1.3655869111808852     
          15          16  0.99398622720746810     
          11          17   1.3226132415192580     
          12          17  0.15722406431871916     
          13          17  0.40588896755409054     
          14          17  0.15414140430793458     
          15          17   1.4160838328841119     
           9          18   1.3033999861808958     
          10          18  0.11068697442529275     
          10          19  0.20356348512475134     
          18          19   1.5262231434466231     
          19          20   1.7318989413300527     
           8          21   1.0306587237687801     
          20          21   1.1668696739145397     
           7          22  0.39820255118982661     
          21          22   1.3937129031069959     
           6          23   1.1897501634364576     
           7          23  0.10739797962810743     
          22          23   1.6650831748796522     
