           1           2   1.7085374629137466     
           2           3   1.0206919633458882     
           3           4   2.5633783831236938     
           4           5   1.2317248227097330     
           3           6  0.18422298280106048     
           5           6   2.1972925388347466     
           6           7   1.0705092181534079     
           7           8   1.1799491091837002     
           8           9   1.3578934328107424     
           8          10  0.23366299566149490     
           9          10   1.5489050756561893     
           8          11  0.24645772968998580     
           9          11  0.20812118006769675     
          10          11   1.5346225801710069     
           7          12   1.1714807502393059     
           8          12  0.14920289916768775     
           9          12  0.23976318816417469     
          10          12  0.22710233984045808     
          11          12   1.3505803752996448     
           1          13  0.12402728928031180     
           2          13   1.1359235347793115     
          13          14   1.5365966314061128     
          14          15   1.0581359087915625     
          15          16   1.7135198311957653     
          16          17  0.96057483330757698     
          17          18   1.6304156272494221     
          18          19   1.0969806837961948     
          19          20   1.2984262729228360     
          20          21   1.6716033978565292     
          21          22   1.3828571289582912     
          22          23  0.98836332950052408     
          20          24  0.10872564248311944     
          22          24   1.2725522734499159     
          24          25  0.99691404673510253     
          19          26   1.3355110753966772     
          20          26  0.34860181406823820     
          21          26  0.15330955089120987     
          24          26   1.4314604297878504     
          17          27   1.1687734052878951     
          18          28  0.13229697136174134     
          27          28   1.6761502566181705     
          28          29   1.6587758771945076     
          16          30   1.0067672701815298     
          29          30   1.1737267130073405     
          15          31  0.36751082905578619     
          30          31   1.4061306734048749     
          14          32   1.1733671128809973     
          15          32  0.10583878269645768     
          31          32   1.6619299746146750     
