           1           2   2.5931896626098010     
           2           3  0.89509351024141171     
           1           4  0.13366138667917041     
           3           4   1.6902545933446864     
           3           5   1.2167192444198203     
           5           6   1.2362949632899993     
           6           7   1.3225429579907637     
           7           8   1.4310157907730656     
           8           9   1.1303576657691412     
           9          10   1.3734128749023746     
          10          11   1.1768490067720800     
          11          12   1.2825808392656370     
          12          13   1.6239896602301038     
          12          14  0.39691970186466041     
          13          14   1.6191235586888988     
          14          15   1.3595551698708979     
          15          16  0.99640768707739313     
          11          17   1.3164087785044534     
          12          17  0.15803853635558196     
          13          17  0.37571564615652381     
          14          17  0.15170952599036380     
          15          17   1.4273378415583520     
           9          18   1.2162495839229814     
          10          19  0.19285491777993014     
          18          19   1.5949849111641008     
          19          20   1.6002405817775793     
           8          21   1.1313719196873715     
          20          21   1.2252415303935329     
           7          22  0.41999296426567323     
          21          22   1.2867674592644804     
           6          23   1.1971153042926987     
          22          23   1.7282050570890630     
