           1           2   2.0510473545789285     
           2           3   1.1606206156272223     
           1           4  0.13187852028284569     
           3           4   1.1413660650030242     
           1           5  0.17509188524369226     
           2           5  0.10498871454628653     
           3           5  0.15380738050978082     
           4           5   2.1623180234980572     
           1           6  0.14525645816484400     
           2           6  0.12525768651888308     
           3           6   1.1146449403696317     
           4           6  0.10714834113918784     
           5           6  0.16246703562749851     
           6           7   1.2585526885157070     
           6           8  0.10981665082734686     
           7           8   2.5311511759079641     
           8           9   1.0173449160764263     
           9          10   1.6634922223756794     
           9          11   1.1825081648948332     
          11          12   1.2822811120895643     
          12          13   1.2012892875596362     
          11          14  0.12377338080321205     
          13          14   1.7561792099090210     
          14          15   1.2788930608611480     
          15          16   1.1798007076133266     
          13          17  0.12611101801644878     
          16          17   1.5672756889418908     
          17          18   1.7282615333674276     
          18          19   1.0893570918384166     
          17          20  0.13546359240090247     
          19          20   1.5986625865594626     
          20          21   1.0872626359726467     
          21          22   1.3221219673736893     
          22          23   1.6222904640292692     
          21          24  0.10063384823275640     
          22          24  0.38989284144556163     
          23          24   1.6326924557869082     
          22          25  0.10147270341711939     
          24          25   1.3657495981589092     
          25          26  0.99507541142266687     
          21          27   1.3565674893434170     
          22          27  0.15741636438628070     
          23          27  0.39119532841044452     
          24          27  0.15458551959722647     
          25          27   1.4150220735053205     
          15          28   1.1657807079872720     
          19          28   1.0529850576493029     
          12          29   1.2497790050427002     
          13          29  0.23077834243314832     
          14          29  0.13851596832353782     
          28          29   1.4600520390914873     
