   -0.01256980
   -0.03162917
    0.13738849
   -0.04647777
    0.14176228
   -0.22730692
    0.31984915
   -0.34956347
    0.00688263
    0.02790282
    0.02628046
    0.08001350
   -0.04636212
    0.03941319
   -0.11906809
    0.05033458
   -0.05089232
   -0.02548433
    0.01286977
    0.12901638
   -0.17683281
    0.13336720
   -0.01328203
   -0.02915326
    0.02223145
    0.11411455
   -0.05575881
   -0.06649672
    0.03667552
    0.12501398
   -0.17134756
    0.05376100
   -0.12379532
    0.08914356
