           1           2   2.5660600132609988     
           2           3  0.92383995389344897     
           1           4  0.20841930788968469     
           3           4   1.6424804472558057     
           1           5  0.12477837995756796     
           3           5   1.2311273620878680     
           4           5  0.15621508050033014     
           5           6   1.2700854489797109     
           6           7   1.3754968665511789     
           7           8   1.4551649737983925     
           8           9   1.1485747007780893     
           9          10   1.3528330561728170     
          10          11   1.2153236869206296     
          11          12   1.2425069519623018     
          12          13   1.7690288794460671     
          13          14   1.3610094490851452     
          14          15   1.0033797308387493     
          14          16   1.2536133598811978     
          16          17   1.0059672822797145     
          11          18   1.2772522025301500     
          12          18  0.31697164688006596     
          13          18  0.13491528618065374     
          16          18   1.4508445779377011     
           9          19   1.2172589226905373     
          10          20  0.21685859893949058     
          19          20   1.6207701865201765     
          20          21   1.5736471819676316     
           8          22   1.0887916938810807     
          21          22   1.2509953500599829     
           7          23  0.43459632845946033     
          22          23   1.3308100792722246     
           6          24   1.0819717665161610     
          23          24   1.5150312454382089     
          24          25   1.0545670470516362     
          25          26   1.1571905809207441     
          26          27   1.6976992293221296     
          27          28   1.2269023956441409     
          28          29   1.1427806475550366     
          29          30   1.4385853364434888     
          29          31  0.11856407897093053     
          30          31   1.7759905571314865     
          29          32  0.11545404723600891     
          30          32  0.10118701644692693     
          31          32   1.3631334061036875     
          30          33  0.13670887498455023     
          31          33  0.16559969536481872     
          32          33   1.8844372873917714     
