           1           2   2.0462421228211074     
           2           3   1.1189753230191632     
           3           4   1.0710408228219142     
           4           5   1.4744289745198920     
           5           6   1.3762332509845328     
           6           7   1.2439033369031436     
           7           8   1.6631320989558298     
           8           9   1.3922593087440893     
           9          10   1.0809548582272337     
          10          11   2.8160545623631008     
           9          12   1.2244380350570758     
           8          13  0.23789405546528075     
          12          13   1.2628278445808041     
          13          14   1.2468370845046572     
          14          15   1.2109986797149932     
          15          16   1.7210238895381600     
          16          17   1.3403371769757932     
          17          18   1.0227104338624482     
          18          19   1.2274941664881294     
          19          20   1.0508487176311587     
          20          21   1.3418180885670528     
          21          22   1.6574221516818513     
          19          23  0.10004503991877274     
          20          23  0.11471073911133063     
          21          23  0.36013245690055351     
          22          23   1.6143285438034594     
          21          24  0.10112166997858360     
          23          24   1.3492551666187194     
          24          25   1.0015391661436961     
          20          26   1.3713781669515672     
          21          26  0.16723617570835284     
          22          26  0.38051788691210392     
          23          26  0.14323314323516353     
          24          26   1.3805097948272997     
          17          27   1.2253494575552986     
          27          28   1.0081533302939496     
          14          29   1.2739881998564768     
          15          29  0.32527513332244901     
          16          29  0.15592021249638788     
          27          29   1.4765197572074269     
           6          30   1.0754294103784019     
          12          30   1.1856939082672773     
           5          31  0.41110133307855434     
          30          31   1.4194426213807820     
           4          32   1.1010234805831447     
          31          32   1.4425803401438151     
          32          33   1.1607495191671151     
          33          34   1.5014623129042592     
          33          35  0.19189342827918884     
          34          35   1.3792724995926369     
          34          36  0.96038502358348565     
          35          36  0.11803542471284834     
          36          37   2.2910939091932550     
          35          38  0.12444168522649897     
          36          38  0.12408479434974268     
          37          38   1.2806026804197219     
          38          39   1.0355325970233049     
          38          40  0.47459347288952947     
          39          40   1.3017656534540876     
          39          41   1.2979725556289119     
          40          41  0.48388856591390511     
