           1           2   1.5682126946629893     
           2           3  0.97642145508221101     
           3           4   1.6979184140793833     
           4           5   1.1068669291088269     
           5           6   1.6378500710616222     
           6           7   1.5340499334907691     
           7           8   1.0789497980019642     
           6           9  0.12594119147835459     
           8           9   2.8030877833753562     
           7          10   1.1627935702421055     
           6          11  0.15814990810743990     
          10          11   1.4581859769166181     
          10          12   1.2068550282545507     
          12          13   1.5949468069742954     
          12          14  0.16433365117709325     
          13          14   1.5471779490945876     
          13          15  0.13074632039445330     
          14          15   1.4887393603004384     
          15          16   1.6785049405824768     
          15          17  0.13495379427833040     
          16          17   1.5181988119543011     
          17          18   1.3841720689848838     
          18          19   1.4992502149554050     
          18          20  0.90745116863687736     
          20          21   1.0735075782004571     
          21          22   2.8192941295850322     
          19          23  0.14946912288426259     
          20          23   1.8014661684032840     
          22          23  0.12751447898026505     
          23          24   1.2875198912647152     
          24          25   1.4259318418870404     
          23          26  0.13723744246013730     
          25          26   1.4275409485645352     
          26          27  0.99702264335041946     
          26          28   1.0026678569885301     
          28          29   1.7725604320275667     
          28          30  0.94760968982611749     
          30          31  0.97176286935947209     
          31          32   1.5433465535128450     
          24          33   1.0844348790977387     
          25          33  0.42127597441631048     
          29          33  0.12198030531724978     
          30          33   1.7048926128066424     
           4          34  0.42959169099628908     
           5          34   1.0768955719138795     
          34          35   1.7289212075813456     
          34          36  0.10103397143971610     
          35          36   1.0295130317257641     
           3          37  0.95655807692897632     
          35          37  0.97865975547052764     
           4          38  0.12617137353445917     
          34          38  0.13392265879355778     
          37          38   1.7840817225885648     
