           1           2   1.5606237318057796     
           2           3   1.0347174647208510     
           1           4  0.11881682633044394     
           3           4   1.4438027387376298     
           4           5   1.2821084928463995     
           5           6   1.2386563823830310     
           6           7   1.8494472318103394     
           7           8   1.0505612756994309     
           6           9  0.16677256311037406     
           8           9   2.7909973473051153     
           7          10  0.85384359326393477     
           6          11  0.20624859063097953     
          10          11   1.4270492714519376     
          10          12   1.5613648879180411     
          11          12  0.21362908437987463     
           4          13  0.42562237066284547     
           5          13   1.2587944136385494     
          13          14   1.4642663294588387     
          14          15   1.1461796872184260     
          15          16   1.4765144096610463     
          16          17  0.97084747594636300     
          17          18   1.3972037191755871     
          18          19   1.6126338746909779     
          17          20  0.11925539725793714     
          18          20  0.13474626352204117     
          19          20   1.7942340574277444     
          18          21  0.30340979451072136     
          19          21  0.13061989320914491     
          20          21   1.6755047834693697     
          17          22   1.2963414097735184     
          19          22  0.15328142985293508     
          21          22   1.4043665145838615     
          22          23  0.90188453696745308     
          23          24   1.6549778757849356     
          23          25   1.3276171199931834     
          24          25  0.20781644633985552     
           3          26   1.1174426179805863     
          14          26   1.1141612278993192     
           4          27  0.12191629075654434     
          13          27  0.16619042361149583     
          26          27   1.4917916517738670     
