   -0.08957643
    0.09091365
   -0.12626327
    0.16052663
   -0.07642057
    0.11955155
   -0.11339946
    0.06399099
    0.03585647
    0.12340487
   -0.17333652
    0.13039428
   -0.14789211
    0.13597530
   -0.07148480
   -0.05310543
    0.17073568
   -0.16433610
    0.04847707
    0.04272691
   -0.03339659
    0.04270977
    0.03792372
   -0.05114439
    0.19502489
   -0.15299220
    0.09053140
   -0.05891028
   -0.05280444
    0.02174703
   -0.05594686
    0.09892677
   -0.14785219
    0.29655903
   -0.36221530
   -0.01756118
    0.05792622
   -0.02198296
    0.16915400
   -0.09118206
   -0.07125310
