   -0.09739358
    0.09519129
   -0.09782809
    0.16140877
   -0.08523118
    0.11700500
   -0.13478878
    0.08780286
    0.02343837
    0.12564575
   -0.17815776
    0.13805568
   -0.11253644
    0.12589792
   -0.02467486
   -0.03765112
    0.14648393
   -0.12963783
    0.02053891
    0.04842359
   -0.02706511
    0.04713227
    0.03623706
   -0.06454980
    0.15836552
   -0.04458135
   -0.01296006
    0.08932703
   -0.09149097
   -0.09955843
    0.01546996
   -0.05704618
    0.12205840
   -0.21980729
    0.32379819
   -0.34820058
   -0.01285423
    0.02620942
   -0.02533181
    0.17576176
   -0.07212635
   -0.11077987
