           1           2   2.1617167542438303     
           1           3  0.11181325950739376     
           2           3   1.1230793921363633     
           3           4   1.1039686340364641     
           4           5   1.4578629202820226     
           5           6   1.4058309470938521     
           6           7   1.1766354107589314     
           7           8   1.6460964919609864     
           8           9   1.5884085492389721     
           9          10   1.0996718713375435     
          10          11   2.7915450642525128     
           9          12  0.98299620894228890     
           8          13  0.11843997281335213     
          12          13   1.6889901568577632     
          13          14   1.0796033229323723     
          14          15   1.3125315101983424     
          15          16   1.6692274990044691     
          16          17   1.3739227495951678     
          17          18   1.0049181649492027     
          18          19   1.3566774584094363     
          19          20   1.0292603156947153     
          20          21   1.4010171923183656     
          21          22   1.6732209186409641     
          20          23  0.13622009105842370     
          21          23  0.14357605706275289     
          22          23   1.7819409969961482     
          21          24  0.39210424219766671     
          22          24  0.14131141393484123     
          23          24   1.6477675304176560     
          20          25   1.2348495366995447     
          22          25  0.10441739951710687     
          24          25   1.3583519978009848     
          25          26  0.99716429437441922     
          26          27   1.5287885862515240     
          15          28  0.10681328580674881     
          17          28   1.2592355447338015     
          28          29  0.99640392523223276     
          14          30   1.3305182880711952     
          15          30  0.30342325727573966     
          16          30  0.19451229026831074     
          28          30   1.4379002090214594     
           6          31   1.0929862253145675     
          12          31   1.0171320951431697     
           5          32  0.46859426984298180     
          31          32   1.5619108316933055     
           4          33   1.0690716195890333     
          32          33   1.3111962208536172     
          33          34   1.3409572178173930     
          34          35   1.1818167565473581     
          35          36   1.6664652125149086     
          35          37  0.98560080493026514     
          37          38   2.2898673079426697     
          37          39  0.16293199849649539     
          38          39   1.3268056811572768     
          39          40   1.0644759283042233     
          40          41   1.2808275623009246     
          39          42  0.40543692304014051     
          40          42   1.2872136601581672     
          41          42  0.51261943008655908     
