           1           2   1.9553221663136375     
           2           3   1.1411742682091235     
           3           4   1.1004924604049020     
           4           5   1.4893478714896233     
           5           6   1.3940513803169703     
           6           7   1.1899090478285541     
           7           8   1.6198111174594141     
           8           9   1.5803852480876446     
           9          10   1.1028296972830245     
          10          11   2.7790508003002969     
           9          12  0.97158859106104978     
           8          13  0.19158538935530686     
          12          13   1.6734022941640654     
          13          14   1.1071962325599005     
          14          15   1.2887125677514835     
          15          16   1.6805429695421987     
          16          17   1.3618414353344397     
          17          18  0.98897015156146195     
          18          19   1.1836781868404775     
          19          20   1.0631297655899619     
          20          21   1.3161647332597628     
          21          22   1.6690006883508717     
          20          23  0.11095729124377662     
          21          23  0.19983740347647663     
          22          23   1.5903500509787520     
          21          24  0.21545005962295014     
          23          24   1.5744385630945135     
          20          25   1.3143996487497651     
          22          25  0.21582576431837605     
          23          25  0.18543792842042345     
          24          25   1.6680592946849169     
          15          26  0.10611627419527299     
          17          26   1.2483208551235687     
          26          27   1.0009213650850679     
          14          28   1.3310925429969012     
          15          28  0.29401192197371284     
          16          28  0.17180887432748621     
          26          28   1.4404441173531988     
           6          29   1.1000952103956383     
          12          29   1.0437174247402305     
           5          30  0.49181011898437865     
          29          30   1.5398209852051463     
           4          31   1.0511072873849485     
          30          31   1.3366710621677085     
          31          32   1.3253002846211375     
          32          33   1.1765558157958498     
          33          34   1.6915482102479504     
          33          35  0.97061543941698469     
          35          36   2.3528254116597647     
          35          37  0.16672508457951465     
          36          37   1.2935941349905258     
          37          38   1.1524251267518999     
          38          39   1.1045535939628688     
          39          40   1.4844660019460998     
          40          41   1.0287186446192746     
          39          42  0.36279210624328972     
          41          42   1.4861773462570569     
          39          43  0.18685247648747016     
          40          43  0.24490702905011336     
          41          43   1.0631991915219334     
          42          43  0.10425208368797775     
          37          44  0.20818234830710275     
          38          44   1.0706792399651377     
          42          44  0.39091415266466290     
          43          44   1.4062849101293060     
