           1           2   2.0542614357333662     
           2           3   1.1653283403413610     
           1           4  0.13515899851463348     
           3           4   1.1307157125787011     
           1           5  0.10394556249187827     
           2           5  0.10231462772010236     
           4           5   2.0628115726623779     
           1           6  0.10962062461123859     
           3           6   1.1166539719770849     
           6           7   1.5572342167863336     
           6           8  0.14783211700276702     
           7           8   1.5922276484330200     
           8           9   1.1550075780469795     
           8          10  0.12377572075131422     
           9          10   1.6572095121595405     
           9          11   1.0310783393833136     
          11          12   1.1971057950615713     
          11          13  0.10096512299123037     
          12          13   1.4723969648884323     
          12          14   1.1859058813510424     
          14          15   1.3834697260518598     
          15          16   1.2600285201386860     
          16          17   1.8554284461117345     
          17          18  0.80934155481934011     
          16          19  0.14007699931717510     
          18          19   1.7330920351621284     
          16          20  0.17288249330044245     
          18          20   1.2540847636915848     
          19          20  0.17745520143576909     
          20          21   1.2320246480882053     
          21          22   1.2615520346011824     
          22          23   1.5686800416669680     
          23          24   1.6389479634915329     
          24          25   1.1971397881575139     
          23          26  0.15884903015826762     
          25          26   1.2366350727319120     
          26          27   1.2973718902426865     
          27          28   1.1956017968945363     
          28          29   1.7874326475165960     
          29          30   1.3544071544615570     
          30          31   1.0165545682349646     
          30          32   1.2352761588574088     
          32          33   1.0117644031110575     
          27          34   1.2439774545830695     
          28          34  0.34406654465110698     
          29          34  0.17804296004218920     
          32          34   1.4730684019781006     
          17          35   1.0589598593673610     
          21          35   1.2208932420263832     
          23          35  0.10745905462659275     
          25          35   1.3079276645719102     
          11          36   1.1815489162384245     
          15          36   1.0760657226655119     
          14          37  0.20453580817859318     
          36          37   1.5786289195129839     
