           1           2   1.4004141371375383     
           1           3  0.12119977556526935     
           2           3   1.2604882831965196     
           1           4  0.25250219283503167     
           3           4   1.5861826055995012     
           1           5  0.15750324249232459     
           3           5  0.37460743394623308     
           4           5   1.5684399236385165     
           5           6   1.2519082888762929     
           1           7  0.37209778408567434     
           3           7  0.16211510664642673     
           4           7  0.26681394747941628     
           5           7  0.13443182837617842     
           6           7   1.4160113661687999     
           2           8   1.1414983106917109     
           6           8   1.1385511733993785     
           8           9   1.3117159295346670     
           9          10   1.4182823947276708     
           9          11  0.14275811885960929     
          10          11   1.5088521937545032     
          10          12  0.89435857059319357     
          12          13   1.0724854017553105     
          13          14   2.7686632451969722     
          12          15   1.6110724585330227     
          14          15  0.14932921289278234     
          15          16   1.5336249913286273     
          16          17   1.0233127449393311     
          17          18   1.9473044480218620     
          18          19   1.0506197882381521     
          17          20  0.13715145660580386     
          19          20   1.8369161318743579     
          19          21  0.85271237148605072     
          21          22   1.4910053991958647     
          16          23   1.2000264973207813     
          17          23  0.21313725752100129     
          18          23  0.15633177035671089     
          21          23   1.4032542168576820     
