           1           2   1.4465040414253156     
           1           3  0.77018558415904859     
           2           3   1.4751275415571830     
           2           4  0.87579170300940645     
           1           5  0.29655294873289534     
           3           5  0.16200597498115601     
           4           5   1.6048206522134827     
           3           6  0.15460720541391568     
           4           6   1.0493936814475548     
           5           6  0.35045567344186945     
           6           7   1.2737142240251309     
           6           8  0.10336018007347868     
           7           8   2.5226508230364009     
           8           9   1.0234264828483508     
           9          10   1.6579269675006505     
           9          11   1.1853276658657628     
          10          11  0.10850775907242645     
          11          12   1.2638702790725351     
          12          13   1.2050047177464138     
          11          14  0.12754288576990760     
          13          14   1.7639540367889603     
          14          15   1.2671773030435365     
          15          16   1.2363685185944433     
          13          17  0.15190569243975593     
          16          17   1.5882102445435211     
          17          18   1.6007610394869958     
          18          19   1.2200373682634877     
          17          20  0.14229031256924787     
          19          20   1.3377461146992877     
          20          21   1.1892339332306479     
          21          22   1.2818825859590053     
          22          23   1.6468548591293448     
          22          24  0.37633191953289036     
          23          24   1.6222767632781538     
          24          25   1.3635606995219265     
          25          26  0.99405083321504739     
          21          27   1.3047165804997660     
          22          27  0.15412623455621569     
          23          27  0.40615549582034527     
          24          27  0.15831094764917494     
          25          27   1.4196925288549855     
          15          28   1.1303162161375842     
          19          28   1.1654586755721719     
          12          29   1.2812763455274667     
          13          29  0.21805996729119159     
          14          29  0.14643778413149736     
          28          29   1.3963173836318046     
