           1           2   2.5988135840396587     
           2           3  0.71195133084160911     
           3           4   1.5971218359662653     
           3           5   1.5605891485900307     
           4           5  0.11834724984186537     
           3           6  0.91863843951932966     
           6           7   1.3483148248370456     
           7           8   1.3579540908254200     
           8           9   1.4839806622553178     
           9          10   1.1643654869093658     
          10          11   1.2798356006509237     
          11          12   1.2832768412867570     
          12          13   1.2051082275279767     
          13          14   1.8081875325153918     
          14          15   1.3038511353207907     
          15          16   1.0849380046826176     
          16          17   1.1578854533430771     
          17          18   1.1094803949594980     
          18          19   1.2972099248901887     
          19          20   1.6338060483688621     
          19          21  0.17786991268837504     
          20          21   1.6026244643455627     
          19          22  0.22088941607133766     
          21          22   1.6051636321741036     
          18          23   1.2888072831640329     
          20          23  0.23339384204584795     
          21          23  0.18621604332941927     
          22          23   1.6269196060972779     
          15          24   1.1761765646150200     
          24          25   1.0133064103945801     
          12          26   1.2445667719461331     
          13          26  0.29206033704299506     
          14          26  0.17927236518202705     
          24          26   1.5008068226216045     
          10          27   1.2281452015607541     
          27          28   1.0803008792687390     
          28          29   2.8162466692465618     
          11          30  0.16032037227281695     
          27          30   1.3810150192189830     
          30          31   1.6659388114027112     
           9          32   1.0493430563523882     
          31          32   1.2483009764580062     
           8          33  0.52014089269690500     
          32          33   1.3978110235247798     
           7          34   1.0504922654421891     
          33          34   1.4613447645260720     
          34          35   1.1194766484752938     
           6          36  0.11011333925833011     
          35          36   1.1307655424280543     
           6          37  0.15009375199087852     
          35          37  0.11888349842264846     
          36          37   2.1685144737805517     
