           1           2   1.5089772718817744     
           1           3  0.52724021417579015     
           2           3   1.5118658145156390     
           1           4  0.10647897886425045     
           2           4  0.84007218459538857     
           4           5   1.3318294372596491     
           5           6   1.5981108811830962     
           6           7   1.2771049056468522     
           7           8   1.1969812153123796     
           8           9   1.8690983187808372     
           9          10  0.89798450354385717     
           8          11  0.13741567801785462     
          10          11   1.5075378703500451     
           8          12  0.11130355601697274     
          10          12   1.4048595784301023     
          11          12  0.12015089958900309     
          12          13   1.1571827105106594     
          13          14   1.3718628886497333     
          14          15   1.7120611129107508     
          13          16  0.10086610213086471     
          14          16  0.13091071015141106     
          15          16   1.8100485559456891     
          14          17  0.38455352052500047     
          16          17   1.6351921896152906     
           9          18   1.0080719909215590     
          13          18   1.1293645638130134     
          15          18  0.10986907005012597     
          17          18   1.4516624634429569     
           1          19  0.13007830848194429     
           3          19  0.13671351676656479     
           5          19  0.18612945119267113     
           6          19  0.11691092318640156     
           7          19   1.2492621043748493     
           4          20   1.3469963404831358     
           5          20  0.11190951242922723     
           6          20  0.21371935736004463     
          19          20   1.5871009484242762     
