           1           2   1.5508460202143155     
           1           3  0.44706490815436606     
           2           3   1.0071636577486376     
           1           4  0.13550078317408742     
           3           4   1.2076046658438020     
           4           5   1.1566015973692783     
           3           6  0.12777152864277655     
           5           6   1.4505254764371658     
           3           7  0.17222840194609637     
           4           7  0.12421321953745325     
           5           7  0.35349361190795098     
           6           7   1.2801706089082863     
           4           8   1.0340426138712260     
           7           8   1.1307922606948249     
           5           9  0.13154121134797672     
           8           9   1.1311830550124888     
           9          10   1.3047211624444837     
          10          11   2.4784505433973139     
          11          12   1.0258215288352976     
          12          13   1.6442689476582819     
          12          14   1.1907000297692263     
          13          14  0.11735609446241337     
          14          15   1.2549054925522669     
          15          16   1.2069292820307458     
          14          17  0.11391066675208597     
          16          17   1.7660681627271784     
          17          18   1.2689957817924691     
          18          19   1.2323057517091032     
          16          20  0.14951391900160532     
          19          20   1.5909547100615147     
          20          21   1.5862881397178050     
          21          22   1.2196261871836596     
          20          23  0.15276868718941558     
          22          23   1.3394158758029568     
          23          24   1.1888740740721797     
          24          25   1.2770324598825888     
          25          26   1.6298841701102569     
          25          27  0.39776322299743533     
          26          27   1.6176931287303706     
          27          28   1.3595006605649371     
          28          29  0.99305700867359259     
          24          30   1.3109352918883255     
          25          30  0.15723310127709039     
          26          30  0.39272097236849951     
          27          30  0.14672348065354793     
          28          30   1.4279669207629713     
          18          31   1.1328909842437824     
          22          31   1.1649294896530198     
          15          32   1.2881786423870112     
          16          32  0.21130536475828368     
          17          32  0.14967765498468313     
          31          32   1.3934410245197499     
