   -0.05710863
    0.08354631
   -0.02466945
    0.12545827
    0.02559514
    0.01728076
    0.29225042
   -0.33895466
   -0.20711932
    0.19202463
   -0.14296447
    0.17233790
   -0.16355293
    0.18834833
   -0.14213584
    0.14003759
   -0.03720385
   -0.02828086
    0.19523653
   -0.14896575
    0.09048494
   -0.05420467
   -0.07792095
   -0.00579638
   -0.15740236
    0.11564637
    0.29138594
   -0.30971378
    0.03045360
   -0.05130744
   -0.02269817
    0.13755242
   -0.06858705
   -0.03990573
   -0.01914684
