           1           2   1.6034676366104503     
           1           3  0.36229032328447408     
           2           3   1.3288591020765941     
           3           4   1.1742033011797304     
           4           5   1.5193445221948139     
           5           6   1.5726453741301445     
           6           7  0.84993970543985065     
           5           8  0.12117247721468437     
           7           8   1.5542522897521136     
           7           9   1.4023184335721599     
           8           9  0.12594374028552816     
           9          10   1.1967437452249767     
          10          11   1.2598855530406461     
          11          12   1.5808113445779766     
          12          13   1.6672555843498627     
          13          14   1.1624134617239994     
          12          15  0.19508180052369684     
          14          15   1.2969975761641090     
          15          16   1.2350130864956892     
          16          17   1.2108712052822319     
          17          18   1.7248723576220293     
          18          19   1.3602797489009257     
          19          20   1.0084130540042338     
          19          21   1.2424036129018527     
          21          22   1.0127485744329769     
          16          23   1.2841399199206129     
          17          23  0.35066251169073809     
          18          23  0.15431093525033282     
          21          23   1.4629635777664773     
           6          24   1.0651611936242373     
          10          24   1.2314444981695638     
          14          24   1.2867019105514301     
           1          25  0.13585049666958041     
           4          25   1.0870405578434008     
           1          26  0.11507720121703002     
           2          26  0.94819919722680224     
          25          26   1.6559508372874432     
          26          27  0.95167306839611276     
          27          28   1.7672908497703705     
          27          29   1.1123129333090855     
          28          29  0.10837175430984576     
          29          30   1.1470822134938816     
          30          31   1.4003306830067670     
          31          32   1.0177556659389000     
          30          33  0.16816520157108977     
          31          33  0.40922911366288556     
          32          33   1.5086521680755358     
          31          34  0.19299103686154701     
          32          34   1.0295233845521237     
          33          34  0.10504470372670095     
          29          35   1.0815311966115215     
          30          35  0.12069845916645354     
          33          35  0.34895786191201977     
          34          35   1.5405171814113823     
