   -0.13016580
    0.14274030
    0.03646215
    0.03304154
    0.08703698
   -0.01131499
   -0.01053989
    0.22829431
   -0.26622151
    0.21836460
   -0.25082837
   -0.06111389
    0.32687916
   -0.31251309
   -0.15268609
    0.09141229
   -0.01002551
    0.01967427
    0.00064710
    0.01998609
    0.02211475
    0.02324496
    0.09356907
   -0.13924914
    0.31877829
   -0.33375349
    0.03632467
    0.13638598
   -0.11309620
    0.03545960
    0.08911928
   -0.01008292
   -0.01462968
    0.22823495
   -0.26864839
    0.22006053
   -0.26115548
   -0.06180644
