   -0.08224643
    0.09792650
   -0.13072515
    0.15826928
   -0.07407778
    0.11842703
   -0.11100387
    0.06833552
    0.03456511
    0.12346779
   -0.17139788
    0.13094520
   -0.17199904
    0.13249453
   -0.00479380
   -0.01747822
    0.02733937
    0.11507909
   -0.04577140
   -0.06277135
    0.01814455
   -0.05694283
    0.09096636
   -0.15004803
    0.29586758
   -0.34598669
    0.01848088
    0.00397703
    0.03937783
    0.08580208
   -0.06826948
    0.06276240
   -0.11679810
    0.02949874
   -0.04141685
