           1           2   2.7938309466156861     
           2           3   1.0462595599791764     
           1           4  0.15693860156804010     
           3           4   1.7856770780272508     
           4           5   1.2203053967705364     
           4           6  0.14045127277389674     
           5           6   1.1420525935266033     
           4           7  0.21220411246259546     
           6           7   1.7446362218877152     
           7           8   1.2230046003465165     
           6           9  0.19557598471705173     
           8           9   1.5939611979282313     
           8          10  0.96997829345638997     
           7          11  0.10851830182367810     
           9          11  0.14473686786889237     
          10          11   1.5615140379435830     
           5          12   1.3950132209877584     
           6          12  0.33046603676649361     
           7          12  0.28731386495979372     
          10          12   1.2651294815898615     
           3          13  0.92512413457563114     
          13          14   1.6684361239088732     
          13          15   1.2126112319411737     
          14          15  0.10408066561903574     
          15          16   1.2176626238760229     
          16          17   1.2504273553304559     
          15          18  0.11064418099009007     
          17          18   1.6772212582383890     
          17          19  0.18423135633000320     
          18          19   1.6109128316843462     
          17          20  0.19486616581914712     
          19          20   1.5897114819948897     
          16          21   1.2521876355769812     
          18          21  0.17464092671787901     
          19          21  0.17383106019217109     
          20          21   1.7446557598721111     
