   -0.10743482
    0.02259986
    0.12262996
    0.02623420
   -0.10426087
    0.02291892
    0.01047987
    0.08507704
   -0.07873097
    0.30379019
   -0.37050209
    0.01526448
    0.00063251
    0.32450771
   -0.31730913
   -0.22916791
    0.19860171
   -0.07121342
    0.01734578
    0.20037356
   -0.14370877
    0.12839758
    0.00294538
   -0.00998877
    0.02058230
    0.11515403
   -0.05173037
   -0.07584112
   -0.15270126
    0.18424551
   -0.14795975
    0.11311452
    0.03507425
   -0.08942010
