           1           2   1.5814234453117035     
           1           3  0.19800729247142693     
           2           3   2.3036791622161754     
           3           4   1.0511079217468391     
           1           5  0.10376543909405836     
           3           5  0.10231859249421733     
           4           5   1.6162841579574454     
           1           6  0.15344590128770988     
           4           6   1.1950784248014001     
           5           6  0.14641372862046689     
           6           7   1.2558567691199043     
           7           8   1.2100380478078863     
           6           9  0.12737215003208227     
           8           9   1.7727766028395300     
           9          10   1.2732940956109549     
          10          11   1.2301068867140192     
           8          12  0.14540660724994253     
          11          12   1.5926893840202327     
          12          13   1.6020272243530027     
          13          14   1.2160482702030146     
          12          15  0.14794818008079438     
          14          15   1.3439065142260818     
          15          16   1.1822733096023978     
          16          17   1.2861098255750967     
          17          18   1.6427733013710333     
          17          19  0.37505364844808547     
          18          19   1.6241339928170258     
          19          20   1.3632875556292734     
          20          21  0.99298869207459661     
          16          22   1.3101374371380878     
          17          22  0.15450564651213264     
          18          22  0.39793519206830230     
          19          22  0.15976376001836684     
          20          22   1.4200946916406445     
          10          23   1.1345924754028212     
          14          23   1.1642244889679330     
           7          24   1.2869099612549084     
           8          24  0.22241585008882889     
           9          24  0.19476209127251790     
          23          24   1.3938083791436977     
