   -0.12302797
    0.14287606
    0.03922557
    0.05651271
    0.07914385
   -0.01150657
    0.17162313
   -0.28900780
    0.24143362
   -0.21774983
    0.07596621
   -0.00044818
   -0.04181340
    0.31294631
   -0.34065401
   -0.12116456
    0.07775254
    0.00188129
    0.08425244
   -0.14840673
    0.31533089
   -0.33469284
    0.03414088
    0.13592119
   -0.13397601
    0.04900925
    0.08089144
   -0.02426484
    0.20446291
   -0.29424913
    0.21345470
   -0.27656785
    0.08105022
   -0.00158644
   -0.03875905
