           1           2   2.7953851727663745     
           2           3   1.0429151004138524     
           1           4  0.16026325987548512     
           3           4   1.7747913428309803     
           4           5   1.2474929445088838     
           5           6   1.5099115212473588     
           6           7   1.1944107257667440     
           7           8   1.5768031475207263     
           7           9  0.89933019903680744     
           9          10   1.8653892154449894     
           9          11  0.97021349881052343     
          11          12   1.0359185379432163     
           5          13   1.0462315901831893     
           6          13  0.47085002258485431     
          10          13  0.14310984159464096     
          11          13   1.7355637746781425     
          12          13  0.10749923192392033     
           3          14  0.94611784048711711     
          14          15   1.6878809895173372     
          14          16   1.1847094813237897     
          15          16  0.11179360455768475     
          16          17   1.6275786957351990     
          17          18   1.5403606993077881     
          17          19  0.13813337870788236     
          18          19   1.4909445097950733     
          18          20  0.13350193353852086     
          19          20   1.6170023790222583     
          20          21   1.1495943462591334     
          21          22   1.6995764780709315     
          21          23  0.95207657024367476     
          23          24   1.0477680395993996     
          24          25   2.7996987782741387     
          23          26   1.7740244013170283     
          25          26  0.15087756958215801     
          26          27   1.2441903317588858     
          27          28   1.3659156371390280     
          28          29   1.2974083575898641     
          29          30   1.4962461960024882     
          29          31   1.0187486724766204     
          28          32  0.11375921108991294     
          30          32  0.10361994722915896     
          31          32   1.5961173564370190     
          31          33   1.1505607110408880     
          33          34   1.0274304717491001     
          27          35   1.1817928506493707     
          28          35  0.45537431044860271     
          32          35  0.18955777032170373     
          33          35   1.5605201548855390     
