   -0.08492780
    0.02595071
    0.13406085
    0.01118087
   -0.10228338
    0.02866972
    0.02182970
    0.06697903
   -0.10888487
    0.30232265
   -0.38044570
    0.02226855
   -0.00339843
    0.32315419
   -0.34913161
   -0.21325892
    0.19989683
   -0.07254177
    0.01106641
    0.19959665
   -0.13508108
    0.12687058
   -0.00302701
   -0.01017136
    0.02323372
    0.12096437
   -0.03400052
   -0.06040891
   -0.13438181
    0.17824809
   -0.16203246
    0.12456000
    0.02371971
   -0.09059702
