           1           2   2.0911796083736869     
           1           3  0.10820370806181794     
           2           3   1.1677003588144288     
           1           4  0.13949745815780382     
           3           4   1.1941503834389617     
           1           5  0.15163905554440782     
           2           5  0.16689879818758921     
           4           5   2.0147449546844287     
           3           6   1.0704037414481786     
           6           7   1.6826477766345618     
           6           8  0.17567117440751492     
           7           8   1.4271050596938271     
           7           9  0.12520087258424703     
           8           9   1.4522928534376547     
           9          10   1.3766494420543036     
          10          11   1.4396282080984140     
          10          12   1.0189608596328823     
          12          13   2.5635983394971027     
          13          14  0.98542817089607115     
          14          15   1.6728860436033060     
          14          16   1.1878819344649949     
          16          17   1.2775236127789618     
          17          18   1.2815916132103893     
          18          19   1.5066562492111983     
          19          20  0.98782965904152276     
          20          21   1.6453144213929278     
          21          22   1.1006230170812736     
          22          23   1.3101018760396159     
          23          24   1.6165688457335905     
          23          25  0.38798176131282985     
          24          25   1.6369113639066157     
          23          26  0.10081871148101099     
          25          26   1.3668919087742002     
          26          27  0.99928498426850654     
          22          28   1.3550002859454413     
          23          28  0.16218686609044280     
          24          28  0.36136794808149975     
          25          28  0.15125711610485545     
          26          28   1.4142000138716488     
          20          29   1.1086182916908105     
          29          30   1.7887094095090166     
          30          31   1.5776224670461696     
          19          32   1.1578250216241881     
          31          32   1.1609818659098643     
          18          33  0.39625863157581653     
          32          33   1.3145662432485379     
          17          34   1.1954622373856840     
          33          34   1.7210531854011657     
