           1           2   2.7967254423486225     
           2           3   1.0486766571772586     
           1           4  0.15011034568780182     
           3           4   1.7720013461966040     
           4           5   1.1950507257168588     
           4           6  0.11946363114780477     
           5           6   1.1718809585879391     
           6           7   1.7479482594443889     
           7           8   1.2425736678682102     
           6           9  0.17087012089333109     
           8           9   1.5828454014043409     
           8          10  0.96289995276393436     
           9          11  0.12816337510045026     
          10          11   1.5270209400758976     
           5          12   1.3774851238927435     
           6          12  0.25422958460745715     
           7          12  0.25142900212964986     
          10          12   1.2734012018215599     
           3          13  0.92237117849870609     
          13          14   1.6987366407809086     
          13          15   1.1727760632225825     
          14          15  0.11615924463239841     
          15          16   1.7171469996482813     
          16          17   1.0666274772877185     
          17          18   1.3113563292913928     
          18          19   1.6327776277007098     
          18          20  0.16433619162182184     
          19          20   1.5685463662498540     
          18          21  0.22520156276246001     
          20          21   1.6246033766718626     
          17          22   1.2981908439326799     
          19          22  0.22416200724149404     
          20          22  0.20811797630118883     
          21          22   1.6212133380661891     
