   -0.08330888
    0.09603019
    0.00717354
    0.04608475
    0.14516787
   -0.10712689
   -0.14632934
    0.14967021
   -0.15494316
    0.19095226
   -0.16280947
    0.14491253
   -0.02440475
   -0.07043710
    0.17331498
   -0.13489535
    0.04889662
    0.07323912
    0.02645884
   -0.02198879
    0.00877593
    0.20828149
   -0.15394259
   -0.07056328
    0.08658909
   -0.06991070
   -0.08208733
    0.30176795
   -0.36176405
   -0.08917019
    0.03212578
    0.00685566
    0.08341048
   -0.02718165
    0.03485668
   -0.11847089
    0.06667500
   -0.05190453
