   -0.04397637
    0.00274615
    0.33104738
   -0.33842277
   -0.20291411
    0.11868054
   -0.03189850
    0.01544308
    0.19324659
   -0.12936815
    0.13913774
   -0.02507121
   -0.03066828
    0.19257127
   -0.15713515
    0.08905274
   -0.06920554
   -0.07842408
   -0.14598957
    0.15647994
   -0.12814334
    0.13376499
   -0.08900039
    0.16426678
   -0.11386866
    0.06111265
    0.00226013
    0.01266835
    0.07707899
   -0.03972937
    0.03956502
   -0.12071633
    0.05193540
   -0.03652592
