           1           2   1.8322360141701948     
           1           3  0.10279767939696691     
           2           3   1.0544546450940164     
           3           4   1.2148362522460301     
           4           5   2.1015497462722736     
           5           6   1.1552880366450144     
           4           7  0.12469664705110617     
           6           7   1.4032172964803813     
           4           8  0.12930608617043010     
           5           8  0.14374316919063515     
           6           8   1.3419145269201185     
           7           8  0.22854019631183287     
           3           9   1.2248028545709548     
           9          10   1.4393357854824047     
           1          11  0.17888970180709038     
           9          11   1.1928006016753665     
           2          12  0.92766157771924418     
          11          12   1.3272945949259582     
          12          13   1.4793569302375165     
          13          14   1.6903077385478746     
          14          15  0.81879131292421425     
          15          16   1.7543690412796338     
          13          17  0.10708680316644577     
          15          17   1.2234346348292757     
          16          17  0.12826649376995106     
          17          18   1.2441494809669600     
          18          19   1.3679633453474620     
          19          20   1.4165927618419187     
          20          21  0.99286446452407795     
          21          22   1.3559222668664357     
          22          23   1.6401540137210164     
          21          24  0.11504480529275739     
          22          24  0.32251273689319354     
          23          24   1.6341843236278428     
          24          25   1.3047358918118583     
          25          26   1.0171479383868569     
          24          27  0.10599020788459200     
          26          27   1.5510227321323418     
          21          28   1.4046308914797034     
          22          28  0.13862605399127650     
          23          28  0.37555289061800828     
          24          28  0.15566554658824616     
          25          28   1.3511406338354535     
          27          28  0.14722253328496099     
          13          29  0.10155002922730978     
          19          29  0.16002042277228404     
          20          29   1.3109234918808730     
          19          30  0.27807924695578129     
          29          30   1.6226764522109880     
          14          31   1.0081410704063096     
          18          31   1.1021902003293660     
          30          31   1.4598661884644719     
