           1           2   2.7982578541593877     
           2           3   1.0731904916662351     
           3           4   1.0711647692926025     
           4           5   2.8026669308658021     
           3           6   1.5826993254726003     
           6           7  0.94875647332814772     
           7           8   1.4903746776030036     
           7           9   1.3831180804504630     
           8           9  0.13265242038920211     
           9          10   1.1615956840650472     
          10          11   1.3854450900911448     
          11          12   1.7134327269575080     
          12          13   1.3252927298058692     
          13          14  0.93186776780027802     
          14          15   1.4620825018031565     
          14          16   1.4519376275594529     
          15          16  0.36865537439000123     
           9          17  0.11546478213607855     
          11          17  0.17201803266097379     
          12          17  0.12087472466241478     
          13          17   1.3591353077794155     
           6          18   1.0774696228167866     
          10          18   1.1134655429071927     
          17          18   1.5066259638667718     
