   -0.09248390
    0.07952805
   -0.12149874
    0.16301408
   -0.07014500
    0.12164372
   -0.10685466
    0.06234565
    0.03748216
    0.12482053
   -0.17753838
    0.13083556
   -0.15544014
    0.13870886
   -0.06233610
   -0.01118206
    0.04631609
    0.04497506
    0.12231362
   -0.21568211
    0.10134179
    0.05554236
   -0.02897967
    0.00288437
    0.03683569
    0.02544295
   -0.00818229
   -0.05738772
    0.07529272
    0.09698744
   -0.09611376
   -0.06683227
    0.01775922
   -0.05991047
    0.11915597
   -0.18995209
    0.29470873
   -0.42097849
    0.01040193
    0.01485509
   -0.00660380
    0.19413828
   -0.08348647
   -0.08574180
