           1           2   2.5977739719378712     
           2           3  0.90281332437900041     
           1           4  0.14656466619909267     
           3           4   1.7029210644167883     
           3           5   1.1970281240107652     
           5           6   1.2534176714345788     
           6           7   1.2193781161050701     
           5           8  0.11699370301961790     
           7           8   1.7465583028742711     
           8           9   1.2741890068032828     
           9          10   1.1841676813548636     
          10          11   1.5699426085750023     
          11          12   1.7328518106006492     
          12          13   1.0869116314205143     
          11          14  0.14538636466302110     
          13          14   1.6007396265651739     
          14          15   1.0877178001242522     
          15          16   1.3208003292809953     
          16          17   1.6233178044185061     
          16          18  0.39200504541424436     
          17          18   1.6325828313904567     
          16          19  0.10159906098652212     
          18          19   1.3655960080379954     
          19          20  0.99513666009223400     
          15          21   1.3555377009839256     
          16          21  0.15686208525535358     
          17          21  0.40176780709249726     
          18          21  0.15384168022826988     
          19          21   1.4153147663659371     
           9          22   1.1640667170554584     
          13          22   1.0529929775539202     
           6          23   1.2501861420150389     
           7          23  0.20002393820223707     
           8          23  0.18440194707923041     
          22          23   1.4616431157446890     
