           1           2   1.5062748540415103     
           2           3   1.0304782661407743     
           1           4  0.18639441841207946     
           3           4   1.3490154600998356     
           4           5   1.3513130908002060     
           5           6   1.0592070233998223     
           6           7   1.5849996996959779     
           7           8   1.1558797596835579     
           8           9   1.0795351127273958     
           9          10   1.9178157264947469     
          10          11   1.0090157429240487     
           9          12  0.10223422427639067     
          11          12   1.4081973634878073     
           9          13  0.31560624355622158     
          12          13   1.6577144326963720     
          13          14   1.3437512843258930     
          14          15   1.0022433216168583     
          12          16  0.31097649541237016     
          13          16  0.12970046934341972     
          14          16   1.3979457509589344     
           8          17   1.0512890057888924     
          11          17   1.1612056223616456     
          13          17  0.10955030196998260     
          16          17   1.4668864868757865     
           7          18  0.89373020515373791     
          18          19   1.7345224177732388     
          18          20   1.1823875663151933     
          19          20  0.11880294387819128     
           6          21  0.94795383874447514     
          20          21   1.3764704845852274     
          20          22  0.15330349384374481     
          21          22   1.5039014871340659     
           4          23  0.33112595039857695     
           5          23   1.3561536276571133     
          23          24   1.3500779137785908     
          24          25   1.0299476737708455     
          23          26  0.19224960939263491     
          25          26   1.5145177433558386     
           3          27   1.2763930269177375     
          24          27   1.2772728662264057     
          27          28  0.96803758610389845     
           1          29  0.17380809294279045     
          26          29  0.16919277658448031     
          28          29   1.4771634659505632     
