           1           2   2.5214106949246267     
           2           3  0.97474081874951235     
           1           4  0.14569642919553083     
           3           4   1.7427261280867052     
           3           5   1.0541845625094401     
           4           5  0.10162729129624544     
           1           6  0.23563263248693367     
           2           6  0.10804248808148037     
           5           6   1.1069055335065070     
           6           7   1.4152454085512507     
           7           8   1.8076809633268685     
           8           9   1.0966090890347819     
           9          10   1.1673117575256307     
          10          11   1.4370963529096619     
          11          12   1.1584926788846319     
           8          13  0.11442108145130976     
          10          13  0.17099372845375882     
          11          13  0.22773905465629737     
          12          13   1.1594439573072250     
           9          14   1.1593701185057155     
          10          14  0.14656970437262309     
          11          14  0.21315466603768515     
          13          14   1.3873931016878507     
           5          15   1.0402432767614203     
          15          16   1.2881021568758204     
          16          17   1.7405416877382553     
          17          18   1.3256851679323871     
          18          19   1.1236687539308723     
          19          20   1.6180063212530964     
          19          21  0.10671298055859155     
          20          21   1.7822723850621789     
          21          22   1.0964553015390950     
          22          23   1.6249832938138131     
          23          24   1.1114522537844511     
          24          25   1.3071531733713857     
          25          26   1.6215346963267594     
          25          27  0.39176489640708673     
          26          27   1.6313351684038939     
          27          28   1.3624384568174885     
          28          29  0.99192980321360724     
          24          30   1.3483399449536204     
          25          30  0.15694999429785064     
          26          30  0.38368826143568768     
          27          30  0.15720406777639426     
          28          30   1.4215131272097259     
          16          31  0.10240696495044535     
          18          31   1.1818745566706215     
          22          31   1.0166250611315260     
          15          32   1.3269660830787091     
          16          32  0.19992132838842733     
          17          32  0.20751593628754780     
          31          32   1.4474660671792841     
