           1           2   1.5844725043783285     
           2           3   1.0047972816591515     
           1           4  0.10412310510547100     
           3           4   1.6398857659133461     
           4           5   1.1321569833638543     
           5           6   1.5886666456128868     
           6           7   1.5639597416744562     
           7           8   1.0751108604501767     
           6           9  0.14602784085144399     
           8           9   2.7930107252583847     
           7          10   1.1379997538585154     
           6          11  0.16676803415231961     
          10          11   1.5121758477710692     
          10          12   1.2362330188011081     
          11          12  0.67674603047849380     
           4          13  0.42110317501256406     
           5          13   1.0868480908862574     
          13          14   1.7034319578695121     
          14          15   1.0236697032079010     
          15          16   1.1176039382941427     
          16          17   1.6504157383191000     
          15          18  0.10392146749416437     
          16          18  0.43963219793092800     
          17          18   1.7286339632106011     
          18          19  0.85142227782630464     
          19          20   1.6538605053384896     
          19          21   1.3698288263295748     
          20          21  0.26652115970038931     
           3          22  0.96448701770689738     
          14          22  0.97177499174053850     
           1          23  0.10136655291449176     
           4          23  0.10779118602272579     
          13          23  0.11828709013270126     
          22          23   1.7738505936252709     
