           1           2   1.6971775149867545     
           2           3  0.99589281134892171     
           3           4   2.5440599847699805     
           4           5   1.0121356659633431     
           5           6   1.7007597045583525     
           5           7   1.1359638033794439     
           7           8   1.6052020356146393     
           7           9  0.15171548028622170     
           8           9   1.5369061460840430     
           8          10  0.18169965620938039     
           9          10   1.5177727467138022     
          10          11   1.2132671251695095     
          11          12   1.0794280437193495     
          12          13   1.4324443389586206     
          13          14   1.1366067031111480     
          14          15   1.1576047444430366     
          11          16   1.0718311383898516     
          12          16  0.15688786834925930     
          15          16   1.4644089384548984     
           2          17   1.1352857407908432     
          17          18   1.4834611000899640     
          18          19   1.0932836242388373     
          19          20   1.6611305000279128     
          20          21   1.0111856399741885     
          21          22   1.4110403166842809     
          22          23   1.1701047282948065     
          23          24   1.2881535500278827     
          24          25   1.6222328201665273     
          24          26  0.39256759687272813     
          25          26   1.6241609578405916     
          26          27   1.3608085121500804     
          27          28  0.99652646766397313     
          23          29   1.3154705624788801     
          24          29  0.15780964450462767     
          25          29  0.37358684974812600     
          26          29  0.15016888828153044     
          27          29   1.4253194575570791     
          21          30   1.3079710786756298     
          22          31  0.18816376510132721     
          30          31   1.4954393655064158     
          31          32   1.7336670994525802     
          20          33   1.0313133448715268     
          32          33   1.1706019012018611     
          19          34  0.37171872023191838     
          33          34   1.3900765359788150     
          18          35   1.1853795719249851     
          34          35   1.6770723806840284     
