           1           2   2.3022910075882002     
           1           3  0.12494605835342726     
           2           3   1.2715212734206882     
           1           4  0.24063576987642554     
           3           4   2.3346895363220739     
           4           5  0.94291568368457290     
           5           6   1.6655338158379449     
           5           7   1.2143300331842575     
           6           7  0.11442134303841628     
           7           8   1.2405458330908339     
           8           9   1.3191790667893390     
           9          10   1.4350884064920508     
          10          11   1.1332681786072698     
          11          12   1.3707107086452828     
          12          13   1.1743556040763641     
          13          14   1.2880641379335553     
          14          15   1.6403653032604868     
          14          16  0.38168898250395322     
          15          16   1.6298482984432041     
          16          17   1.3637600049272585     
          17          18  0.99363986905052892     
          13          19   1.3131742009082170     
          14          19  0.15546643507625929     
          15          19  0.40656326030570211     
          16          19  0.15654277048162538     
          17          19   1.4191947518855368     
          11          20   1.2197683102412793     
          12          20  0.10599811716821339     
          12          21  0.19824386238434258     
          20          21   1.6025992097757240     
          21          22   1.6134684072098342     
          10          23   1.1280124323442986     
          22          23   1.2159172380299772     
           9          24  0.38047654399310643     
          23          24   1.3021963266773093     
           8          25   1.2019320542100254     
          24          25   1.7229852814457514     
