           1           2   1.5942189421893365     
           2           3   1.0112113697945611     
           3           4   1.2860066230694724     
           4           5   1.8408875697970231     
           5           6   1.3395819823376134     
           6           7   1.1780556152029931     
           7           8   1.5277729973074181     
           7           9  0.18260981606884066     
           8           9   1.4601618586805420     
           8          10  0.81677019604946288     
          10          11   1.0694280256878725     
          11          12   2.8040276735735676     
           7          13  0.10066076902722927     
           9          13  0.22248135167290023     
          10          13   1.8659122701869539     
          12          13  0.14054832737991069     
          13          14   1.1816574509007929     
          14          15   1.1391893423535886     
          15          16   1.7576623294466556     
          16          17   1.2336067884866295     
          15          18  0.19449086161795259     
          17          18   1.5910529237871400     
          17          19  0.97254697581994742     
          18          20  0.16305634382880088     
          19          20   1.5787796827625804     
          14          21   1.4220818403561792     
          15          21  0.31702758151180360     
          16          21  0.22668773014741961     
          19          21   1.2429481032291034     
           6          22   1.1698384026149409     
          22          23   1.0286986449388054     
           5          24  0.28193307213759150     
          22          24  0.12491562739988095     
          23          24   1.5495911994802847     
           1          25  0.10715516868395807     
           3          25   1.3327166865214950     
           4          25  0.27547229079284258     
           5          25  0.13983465245770005     
          22          25   1.3678500241833094     
          24          25  0.31991613858859130     
