   -0.09539621
    0.08813945
   -0.13859125
    0.15771871
   -0.07709660
    0.11645314
   -0.13570783
    0.09078356
    0.01012970
    0.11911619
   -0.20611159
    0.12881153
   -0.10132055
    0.11948350
   -0.05406691
   -0.04767076
    0.15611093
   -0.15986432
    0.06779914
    0.08123097
   -0.01270922
   -0.01102454
    0.06258862
   -0.02648684
    0.02889391
    0.03715173
   -0.01644289
    0.05661076
   -0.04050157
    0.08837562
   -0.07835658
   -0.08599285
    0.01367460
   -0.04452015
    0.10219370
   -0.14588788
    0.29842329
   -0.36580140
   -0.01694696
    0.04130113
   -0.03024465
    0.18361767
   -0.08841110
   -0.06945522
