   -0.10090944
    0.09699088
   -0.09548062
    0.16405046
   -0.09035330
    0.12079353
   -0.11587031
    0.06159757
    0.03218770
    0.12256519
   -0.18519499
    0.13116834
   -0.14647532
    0.14146661
   -0.02357388
   -0.08131743
    0.17583521
   -0.13815137
    0.03910911
    0.07918403
    0.03160835
   -0.00939297
    0.02839973
    0.10604140
   -0.07806212
   -0.03715486
    0.08886036
   -0.07829859
   -0.10546172
    0.02250512
   -0.05042642
    0.11531656
   -0.22752705
    0.32335567
   -0.34035922
   -0.00498263
    0.02726504
   -0.00596502
    0.19047609
   -0.08991587
   -0.09390384
