           1           2   2.1733994240490646     
           1           3  0.11348857647825841     
           2           3   1.1247063042163512     
           3           4   1.1082288099467041     
           4           5   1.4634954324635778     
           5           6   1.3975081588363896     
           6           7   1.2417286619081656     
           7           8   1.6636852545361664     
           8           9   1.3748183017074740     
           9          10   1.0813429267751640     
          10          11   2.8137797566667371     
           9          12   1.2340092590258018     
           8          13  0.20052791353932684     
          12          13   1.2434234886275453     
          13          14   1.2822098826847084     
          14          15   1.2053636504335825     
          15          16   1.8410281698469906     
          16          17   1.3034196245124339     
          17          18   1.0584931460293590     
          18          19   1.1265063137962681     
          19          20   1.1191213848678738     
          20          21   1.3040488545520523     
          21          22   1.6346563311874196     
          19          23  0.10284920615517723     
          21          23  0.27620741018825490     
          22          23   1.6499815474815198     
          23          24   1.2297808004090722     
          21          25  0.10395127866014374     
          24          25   1.3395854193494330     
          20          26   1.3407412746387026     
          21          26  0.14321204462589485     
          22          26  0.37967668922710068     
          23          26  0.14276985677021642     
          24          26   1.2715896936112328     
          25          26  0.11833871497534607     
          17          27   1.1890101680452922     
          27          28   1.0034327751434988     
          14          29   1.2472919740678454     
          15          29  0.26592934541142405     
          16          29  0.17840123399274849     
          19          29  0.12582668708458591     
          27          29   1.4998811136083872     
           6          30   1.0607230625717223     
          12          30   1.1828320003336983     
           5          31  0.50291015047957810     
          30          31   1.4457689606740272     
           4          32   1.0563374565784591     
          31          32   1.3846492120747573     
          32          33   1.2898738637553784     
          33          34   1.1978678109041656     
          33          35  0.10572606358590546     
          34          35   1.6500535509724874     
          34          36  0.98080130431267165     
          36          37   2.2623256670839740     
          37          38   1.3595559840518872     
          38          39  0.96081157179605614     
          36          40  0.14011189345128461     
          38          40  0.45632999733443530     
          39          40   1.3574714202953531     
          36          41  0.15293408157125002     
          38          41  0.46123780462647812     
          39          41   1.3507958381271528     
          40          41  0.50710394740977782     
