           1           2   1.8377872555815822     
           1           3  0.10010250337760518     
           2           3   1.0525048316946017     
           3           4   1.2651479967959720     
           3           5  0.16113225195828587     
           4           5   1.8870967493206345     
           5           6  0.85688454255400348     
           4           7  0.12719706609319736     
           6           7   1.6563059227433854     
           4           8  0.14655532999939827     
           5           8  0.18005594870416403     
           6           8   1.3597790625847201     
           7           8  0.22346017026423634     
           3           9   1.2022622318207914     
           4          10  0.10113844973984037     
           5          10  0.10281045591421895     
           9          10   1.4828666428053274     
           1          11  0.20670499834092740     
           9          11   1.1767436094687886     
           2          12  0.93869605203325945     
          11          12   1.3581845882525512     
          12          13   1.4096238063876871     
          11          14  0.11674995312071670     
          13          14   1.5898157194187117     
          14          15  0.78232800048018092     
          13          16  0.13663966259494675     
          15          16   1.7464455479058656     
          13          17  0.16654659722507426     
          15          17   1.2574670768543412     
          16          17  0.15243663764599469     
          17          18   1.2207244921361455     
          18          19   1.3729508733293092     
          19          20   1.4128213261309897     
          20          21  0.99205785428427451     
          21          22   1.3555390777384575     
          22          23   1.6403560076945434     
          21          24  0.11594808389725689     
          22          24  0.32289475432818671     
          23          24   1.6354228370069788     
          24          25   1.3044020116721979     
          25          26   1.0179533746542926     
          24          27  0.10336729699210893     
          26          27   1.5503208159402733     
          21          28   1.4055696622824985     
          22          28  0.14009624612177296     
          23          28  0.36951535076552050     
          24          28  0.15374086567362924     
          25          28   1.3484974192636792     
          27          28  0.15034141173252219     
          13          29  0.13066479172202933     
          19          29  0.18358669810340256     
          20          29   1.3080659049717875     
          19          30  0.25797848237542204     
          29          30   1.6173431124958773     
          14          31   1.0303537960197127     
          18          31   1.1137214309418242     
          30          31   1.4537732332104416     
