           1           2   1.2978371119675531     
           1           3  0.55742947661262410     
           2           3   1.3242162173690954     
           2           4   1.1100751435538276     
           1           5  0.10720706771026807     
           3           5  0.10532875468711039     
           4           5   2.4403508493680635     
           5           6  0.98099161187737260     
           6           7   1.3950437794390476     
           6           8   1.4837401885592862     
           7           8  0.19841509487047077     
           8           9   1.1808758977576879     
           9          10   1.2351266379688488     
          10          11   1.7372724942940119     
          11          12   1.2941571963644538     
          12          13   1.1673118636225195     
          10          14  0.11642712144474739     
          13          14   1.5789223718455085     
          14          15   1.7305541960615278     
          15          16   1.0894761377239033     
          14          17  0.13251764663460541     
          16          17   1.5932779208124308     
          17          18   1.0881077080678276     
          18          19   1.3221713598827711     
          19          20   1.6232207675283612     
          18          21  0.10062022604377499     
          19          21  0.38697815239277095     
          20          21   1.6319436497800031     
          19          22  0.10157948553684802     
          21          22   1.3663349070284365     
          22          23  0.99547099235366476     
          18          24   1.3557287897215751     
          19          24  0.15661792160788618     
          20          24  0.38613026126787087     
          21          24  0.15661400071629800     
          22          24   1.4142546513868544     
          12          25   1.1694804824449081     
          16          25   1.0553181209502966     
           9          26   1.2998614416475118     
          10          26  0.23355534438216780     
          11          26  0.17228361017730764     
          25          26   1.4415633635461782     
