   -0.14734009
    0.14533463
    0.03945874
    0.05836022
    0.08894573
   -0.00426415
   -0.01093652
    0.22805752
   -0.26448840
    0.22078692
   -0.25477308
   -0.05633757
    0.31776207
   -0.34190594
   -0.18262201
    0.13799271
   -0.04916279
    0.04741783
    0.03176718
   -0.02910446
    0.15169730
   -0.19033656
    0.31537665
   -0.34074175
    0.03767127
    0.14212538
   -0.11897295
    0.08040556
    0.09149375
   -0.06371339
    0.24984038
   -0.23091615
    0.18397332
   -0.28137973
    0.01121188
   -0.01268351
