           1           2   1.9718701933785547     
           1           3  0.23695220824163910     
           2           3   1.4844158947818189     
           1           4  0.20896986489991462     
           2           4  0.10663075921751980     
           3           4   1.5888276089438702     
           4           5   1.2569701094096357     
           5           6   2.5003756463203586     
           6           7   1.0286618853279799     
           7           8   1.6689356361487593     
           7           9   1.1467871135059329     
           9          10   1.4709752386859973     
          10          11   1.0839940961784054     
          11          12   1.7006513848918705     
          12          13  0.96672663804050818     
          13          14   1.6187802840432242     
          14          15   1.1075966737852811     
          15          16   1.2858545641019541     
          16          17   1.6803982887146642     
          17          18   1.3798473065210493     
          18          19  0.99084680974953987     
          16          20  0.10722456676459158     
          18          20   1.2678924583983406     
          20          21   1.0020214236537455     
          15          22   1.3342894148703195     
          16          22  0.35006038309763154     
          17          22  0.16498735612823559     
          20          22   1.4340954546281199     
          13          23   1.1715755962326850     
          14          24  0.11335941636567153     
          23          24   1.6695992670621640     
          24          25   1.6858278971688143     
          12          26   1.0083042527887187     
          25          26   1.1482325006054590     
          11          27  0.33760405392638454     
          26          27   1.4278543300764717     
          10          28   1.1981371702725652     
          27          28   1.6458486743338014     
