   -0.09624036
    0.09654787
   -0.10023193
    0.16275742
   -0.08369299
    0.11692307
   -0.13061768
    0.08776511
    0.02443362
    0.12466380
   -0.17458252
    0.13548411
   -0.10690600
    0.12888370
   -0.04930382
   -0.06155838
    0.16760923
   -0.17747806
    0.16253780
   -0.08990943
    0.06342067
   -0.02352300
   -0.01258974
    0.02911430
    0.00256758
   -0.03247952
    0.09369400
   -0.04413773
   -0.05918593
    0.01544347
   -0.05662984
    0.12572853
   -0.21883017
    0.32428681
   -0.35886363
   -0.00638945
    0.02237392
   -0.01937915
    0.17642503
   -0.06821747
   -0.08991325
