           1           2   2.4936054816060449     
           2           3  0.98034574879457181     
           1           4  0.13659551089430508     
           3           4   1.7538689899216160     
           3           5   1.0575987103119335     
           5           6   1.1351589268444677     
           2           7  0.12832567158658417     
           6           7   1.2971211454252551     
           6           8  0.47963392968433027     
           7           8   1.4298553778752023     
           5           9   1.1445818206361202     
           8           9   1.2326513142814761     
           9          10   1.2330101321876505     
          10          11   1.3939547134745673     
          10          12   1.2138367260917902     
          11          12  0.13650657698758634     
          12          13   1.2859908093610177     
          13          14   1.3266352051915842     
          14          15   1.5427484957419202     
          15          16  0.97453164405469261     
          16          17   1.5967811891932511     
          17          18   1.1273489950327740     
          18          19   1.3252534751436815     
          19          20   2.1542148528652882     
          20          21   1.3706071656215557     
          21          22   1.0065677609786423     
          19          23  0.11631975175191475     
          21          23   1.3008401984334912     
          23          24   1.0275208383648444     
          18          25   1.2608016141052543     
          20          25  0.11759406954810955     
          23          25   1.3678948838258163     
          25          26  0.99364899725473288     
          16          27   1.1879325400371903     
          17          27  0.12416157064011277     
          17          28  0.12486042624433702     
          27          28   1.6822900874214888     
          28          29   1.6747155941221969     
          15          30   1.1350289814361241     
          29          30   1.0968923078753952     
          14          31  0.47384936274683614     
          30          31   1.3958697276920926     
          13          32   1.1077079771109442     
          31          32   1.4916584917714499     
          32          33   1.0204711820988881     
          33          34   1.0596930595138239     
          34          35   1.5775453046332277     
          35          36   1.0739778557997317     
          34          37  0.36067486840701479     
          35          37  0.16655189004401089     
          36          37   1.5145025372105392     
