           1           2   1.5332854494868771     
           1           3  0.10386854546701769     
           2           3   1.0315660480619391     
           1           4  0.20196560757538118     
           3           4   1.4490198955458067     
           4           5   1.3750903100685674     
           5           6   1.2374652191162592     
           6           7   1.6646830677798115     
           7           8   1.3790978534994072     
           8           9   1.0806158274184983     
           9          10   2.8149777166065206     
           8          11   1.2333339492398550     
           7          12  0.28559270000964349     
          11          12   1.2513431248309002     
          12          13   1.2107319505348750     
          13          14   1.2659179045500837     
          14          15   1.6600190762937352     
          14          16  0.37710667143396359     
          15          16   1.6322021992922173     
          16          17   1.3604670238932142     
          17          18  0.99428907410021061     
          13          19   1.2890621770365278     
          14          19  0.15406203459797888     
          15          19  0.43538898586861974     
          16          19  0.14955932556945820     
          17          19   1.4221977588070134     
           5          20   1.0800212385858057     
          11          20   1.1830119833501900     
           1          21  0.12937708486327373     
           4          21  0.36839679967152172     
          20          21   1.4226898185000989     
           3          22   1.0910330470662513     
          21          22   1.3927989010559312     
           1          23  0.15463552642079054     
          22          23   1.2559260007350073     
          23          24   1.2036600873803380     
          23          25  0.14114898564057496     
          24          25   1.6335947074366466     
          24          26   1.0203042186597666     
          26          27   2.5164942947072522     
          27          28   1.2720038552254262     
          28          29  0.95134191204489194     
          26          30  0.10426349462208720     
          28          30  0.49949734847503680     
          29          30   1.3585171238867728     
          26          31  0.11050676438940911     
          28          31  0.51060079137733383     
          29          31   1.3565787211227609     
          30          31  0.53541552877866150     
