           1           2   1.6617135368491134     
           1           3  0.23104511440265518     
           2           3   1.3349931319507262     
           2           4  0.88831342762672372     
           4           5   2.0125195831838085     
           5           6   1.4955820030105254     
           6           7   1.1233791925602044     
           7           8   1.2086090365234270     
           8           9   1.3204578218575871     
           6          10   1.0285438271979348     
           9          10   1.2194884955571326     
          10          11   1.5258788508429220     
          11          12   1.5773372490100597     
          12          13   1.0455857320551880     
          11          14  0.12891286479099004     
          13          14   1.5488189870989078     
          13          15   1.2291352714095873     
          15          16   1.2387820643425185     
          16          17   1.3318150261916002     
          17          18   1.6653911720002676     
          18          19   1.4039634241757113     
          19          20  0.79754839679173928     
          18          21  0.10333622150658303     
          20          21   1.6880202738005454     
          18          22  0.16758972260152702     
          20          22   1.3834171655106136     
          21          22  0.27460163832395246     
          15          23  0.10247523358854606     
          17          23  0.28613645501439799     
          18          23  0.11032843950796113     
          19          23   1.4170759357759741     
          12          24   1.1200126751913742     
          16          24   1.0866187417616349     
          23          24   1.4167617120232410     
           8          25   1.1744612207587373     
          25          26   1.5097115576145026     
          25          27  0.21627937278175202     
          26          27   1.6652231293785162     
           7          28   1.2626106251278282     
          25          28  0.31595242891790681     
          26          28  0.20935223402446987     
          27          28   1.4622810140562257     
