           1           2   2.7641330889654601     
           2           3   1.0844343821986553     
           3           4   1.0844328105894303     
           4           5   2.7641342409312450     
           3           6   1.0816538826177597     
           6           7   1.6266250826667616     
           7           8   1.2060903861034982     
           8           9   1.6653992564559676     
           9          10  0.93350820362476850     
          10          11   1.4510704330257209     
          10          12   1.4628110590542966     
          11          12  0.37313382650867782     
           8          13  0.15919131096536326     
           9          13   1.0627887284517794     
           8          14  0.20862463168030676     
          13          14   2.0126248919988607     
           7          15  0.91476145351879234     
          14          15   1.1982351288886002     
          15          16   1.5322392960745077     
           6          17  0.86065157788986868     
          16          17   1.1250037022157806     
          17          18   1.8093346460757418     
