           1           2   1.9717714012191550     
           2           3   1.1318367618461256     
           3           4   1.1065534923499911     
           4           5   1.4859971524060605     
           5           6   1.3929438598146189     
           6           7   1.1910075320900064     
           7           8   1.6202628779196486     
           8           9   1.5873815153029709     
           9          10   1.1022902881709307     
          10          11   2.7793504903353012     
           9          12  0.96584481790838206     
           8          13  0.19728789536059133     
          12          13   1.6785290485003839     
          13          14   1.1077779725203183     
          14          15   1.2840406388243046     
          15          16   1.7074077829384722     
          16          17   1.3634819934052562     
          17          18  0.97063051730842631     
          18          19   1.1632115196402948     
          19          20   1.0484617801041405     
          20          21   1.3343803008947581     
          21          22   1.6342942890748133     
          19          23  0.10794199630627825     
          20          23  0.11557254280273564     
          21          23  0.36540019383697853     
          22          23   1.6009210905686122     
          21          24  0.10119116681659528     
          23          24   1.3607293076641711     
          24          25  0.99999360611482280     
          20          26   1.3726694528243994     
          21          26  0.17535699573544397     
          22          26  0.37287539203668763     
          23          26  0.12951276740432743     
          24          26   1.3964463263579543     
          15          27  0.11429544787752501     
          17          27   1.2618021370529484     
          27          28   1.0043547019426127     
          14          29   1.3338541400090160     
          15          29  0.29861794149417553     
          16          29  0.16670114331069513     
          27          29   1.4384382526008230     
           6          30   1.0985130647504835     
          12          30   1.0439734539496466     
           5          31  0.48628100761666448     
          30          31   1.5456254003213825     
           4          32   1.0486763522910849     
          31          32   1.3277391662659099     
          32          33   1.3402001992623183     
          33          34   1.1576501784985267     
          34          35   1.6820345792419071     
          34          36   1.0006721380819716     
          36          37   2.3039061690347946     
          36          38  0.14939058519484807     
          37          38   1.3189128854625758     
          38          39   1.0653264743275173     
          39          40   1.2751665648527866     
          36          41  0.12394947223815876     
          38          41  0.39271576171156947     
          39          41   1.2907502354362395     
          40          41  0.53632540734024414     
