   -0.09560575
    0.11511796
   -0.11659332
    0.15989990
   -0.08265919
    0.11969385
   -0.10694286
    0.05871252
    0.03448079
    0.12281938
   -0.18035292
    0.12928426
   -0.14765494
    0.14333713
   -0.06213799
   -0.07918664
    0.17420762
   -0.11921564
    0.05570632
    0.07991360
   -0.02535469
   -0.01745975
    0.06632795
   -0.02550476
    0.03475626
    0.03877558
   -0.02224753
    0.05577119
   -0.05011714
    0.08870101
   -0.07029646
   -0.07130430
    0.01955302
   -0.06276083
    0.11781955
   -0.21679093
    0.32073648
   -0.37193108
   -0.00193373
    0.01336061
   -0.00606134
    0.18596821
   -0.10547136
   -0.09736003
