           1           2   2.1302168006973554     
           1           3  0.10904547068839446     
           2           3   1.1262941322835223     
           3           4   1.0621252426574850     
           4           5   1.4951714473663127     
           5           6   1.3639852045892351     
           6           7   1.2512809691652960     
           7           8   1.6714035054432881     
           8           9   1.3731199745158849     
           9          10   1.0827234274211022     
          10          11   2.8143802806090710     
           9          12   1.2376672443937207     
           8          13  0.15734653398938275     
          12          13   1.2382828324179911     
          13          14   1.2959978097910450     
          14          15   1.1851245281023284     
          15          16   1.8168816929925133     
          16          17   1.2892443874910542     
          17          18   1.0901585490052437     
          18          19   1.1404088009542950     
          19          20   1.1640263149501753     
          20          21   1.2284187491510736     
          19          22  0.11851719604261032     
          21          22   1.7876575582695604     
          22          23   1.2799464350979610     
          23          24   1.3074356122337569     
          24          25   1.7040281066869243     
          24          26  0.14302845299146139     
          25          26   1.7138635620186111     
          24          27  0.33271177911221722     
          25          27  0.10648676590340835     
          26          27   1.7611902822249730     
          23          28   1.0685930852360888     
          27          28   1.2978945054016522     
          20          29   1.3393416387794019     
          21          29  0.30479996035940288     
          22          29  0.20540908588968654     
          28          29   1.3306945213471246     
          17          30   1.1734271606476125     
          30          31   1.0077329135010300     
          14          32   1.2533920979830144     
          15          32  0.29858848974322477     
          16          32  0.17614948398923752     
          30          32   1.5176264041254104     
           6          33   1.0690966754841509     
          12          33   1.1889325421038621     
           5          34  0.41927241923345976     
          33          34   1.4355505537267308     
           4          35   1.0884754691937968     
          34          35   1.3718312943527660     
          35          36   1.2598967288743526     
          36          37   1.2102478041242524     
          36          38  0.13338845895575252     
          37          38   1.6513007578784253     
          37          39  0.98416322327864636     
          39          40   2.2855331189157608     
          40          41   1.3475277331396469     
          41          42  0.96226780066480577     
          39          43  0.13528998688598307     
          41          43  0.44707209722082902     
          42          43   1.3514600252114084     
          39          44  0.15895680922527769     
          41          44  0.45653153350622327     
          42          44   1.3511515363699125     
          43          44  0.51250173714930503     
