           1           2   1.7242557783836592     
           2           3   1.0299293238100946     
           3           4   2.5040463833202562     
           4           5   1.0871583507062965     
           5           6   1.3267539442509864     
           6           7   1.6466897833100578     
           5           8  0.10072386794010543     
           6           8  0.37819649106018316     
           7           8   1.6153705314666003     
           6           9  0.11561371212306057     
           8           9   1.3637472577495371     
           9          10  0.99264774322528082     
          10          11   1.3225146090264632     
          11          12   1.8236629035124001     
          12          13   1.3469008824605755     
          13          14   1.1028448149517707     
          11          15  0.11737465714205002     
          14          15   1.6414171442302374     
          14          16  0.10549032500142363     
          15          16   1.7350351351799722     
          16          17   1.1233781372619909     
          17          18   1.5807940219255370     
          18          19   1.1742317703302130     
          19          20   1.2345686664390993     
          20          21   1.7815714069983510     
          21          22   1.3145170564894757     
          22          23   1.0708975020585456     
          23          24   1.1351862265253971     
          24          25   1.1178606063424590     
          25          26   1.3089862915081643     
          26          27   1.6824328321899358     
          24          28  0.10890006993681388     
          26          28  0.33245020885974386     
          27          28   1.6010644746594107     
          26          29  0.10108686035120294     
          28          29   1.3492431291057301     
          29          30  0.99811209297595105     
          25          31   1.3366332391840672     
          26          31  0.16520785962240747     
          27          31  0.43734083744404617     
          28          31  0.15195501800962352     
          29          31   1.3860058903770021     
          22          32   1.1789607969753524     
          32          33   1.0085179712854662     
          19          34   1.2891575760763632     
          20          34  0.28516960852660245     
          21          34  0.20665895166605588     
          24          34  0.12243464984682428     
          32          34   1.4937510332748887     
          11          35  0.10311780334161805     
          13          35   1.1903249373842848     
          17          35   1.0232184173990062     
          10          36   1.3945722101750262     
          11          36  0.11748155043619306     
          12          36  0.18464668834022724     
          35          36   1.4334148781120415     
           5          37   1.3626611111697560     
           6          37  0.15659157277293517     
           7          37  0.39636507439866386     
           8          37  0.16474539004508121     
           9          37   1.3960047255435042     
           2          38   1.0937294391100854     
          38          39   1.6200963255708805     
