           1           2   1.5493905814688482     
           2           3   1.0224254025738349     
           1           4  0.16207470025819462     
           3           4   1.4462903539826484     
           4           5   1.3731889662901691     
           5           6   1.2409134227710370     
           6           7   1.6617370006704442     
           7           8   1.3844482743669801     
           8           9   1.0803783193091512     
           9          10   2.8157769058741411     
           8          11   1.2303306766408508     
           7          12  0.25033234903117713     
          11          12   1.2625039143349137     
          12          13   1.2238837248374281     
          13          14   1.2463308021883814     
          14          15   1.7359634797370618     
          15          16   1.3846406702200271     
          16          17  0.96520282920121447     
          17          18   1.0860993316190080     
          18          19   1.4842343278228798     
          19          20   1.3397830081433284     
          18          21  0.10961136159018407     
          20          21   1.6145626942194862     
          18          22   1.0610523139118075     
          21          22   1.0622985284715925     
          19          23  0.11919209661062616     
          20          23  0.52576210062266693     
          22          23   1.4997149829432421     
          16          24   1.2702333422791121     
          24          25  0.99481975909605647     
          13          26   1.2682409172748648     
          14          26  0.32603611262873100     
          15          26  0.15760319031628728     
          24          26   1.4576089611720244     
           5          27   1.0831793173196618     
          11          27   1.1775938447685435     
           1          28  0.18067959868631653     
           4          28  0.34546323634005055     
          27          28   1.4182132421439517     
           3          29   1.1131833706756660     
          28          29   1.4367713120937620     
          29          30   1.1720920791803879     
          30          31   1.4619800142816841     
          30          32  0.18777800756588744     
          31          32   1.3780156975926312     
          31          33   1.0112167042524975     
          33          34   2.3502842358326839     
          33          35  0.11119802706236590     
          34          35   1.2500879708823582     
          35          36   1.0502841606507747     
          35          37  0.46977410624993887     
          36          37   1.2989061017773755     
          36          38   1.2803222177274380     
          37          38  0.45187123273115903     
