   -0.10068907
    0.08166085
   -0.10818712
    0.16102696
   -0.08443025
    0.11596523
   -0.13383744
    0.09204878
    0.02277726
    0.12558147
   -0.17755717
    0.13710510
   -0.12328416
    0.13045102
   -0.03603316
    0.09957510
   -0.06771485
    0.13708585
   -0.14067831
    0.00718214
    0.07437929
   -0.01721484
    0.00068666
    0.02694938
    0.00239566
   -0.01277728
    0.09455438
   -0.07953571
   -0.06199700
    0.01226837
   -0.05351643
    0.12482673
   -0.21408495
    0.32359136
   -0.37106599
   -0.00840584
    0.02300657
   -0.02165369
    0.17842817
   -0.07241821
   -0.08646485
