           1           2   2.0237725863195011     
           2           3   1.1396042097185630     
           3           4   1.0913108453787808     
           4           5   1.4751260154562560     
           5           6   1.4015176817758335     
           6           7   1.1737251475169375     
           7           8   1.6649387990858802     
           8           9   1.5959566568144685     
           9          10   1.0974610376843612     
          10          11   2.7942485469290008     
           9          12  0.98805120800636870     
           8          13  0.10249518462380515     
          12          13   1.6769993316068945     
          13          14   1.1096405618337788     
          14          15   1.3438313847208150     
          15          16   1.4283561736888963     
          16          17   1.0143228008915037     
          16          18   1.2969319137707185     
          18          19   1.0229415436829343     
          19          20   1.2577304501538737     
          20          21   1.0971700158731765     
          21          22   1.3105996851140072     
          22          23   1.6289931285743813     
          21          24  0.11021570777582124     
          22          24  0.18573492655558363     
          23          24   1.6000962248340385     
          22          25  0.23051973928162145     
          24          25   1.6103755479899204     
          21          26   1.3117843387560428     
          23          26  0.21389934165016647     
          24          26  0.17435028277402695     
          25          26   1.6499168281685841     
          15          27  0.10384099976433382     
          18          27   1.3035168629900578     
          27          28   1.0080900175642120     
          14          29   1.3292719446545200     
          15          29  0.56844589361618192     
          16          29  0.10184711535462013     
          27          29   1.4225864594036692     
           6          30   1.0944336755088477     
          12          30   1.0241759890171851     
           5          31  0.45211278152664813     
          30          31   1.5537631292398615     
           4          32   1.0691972884345657     
          31          32   1.3101959969376977     
          32          33   1.3334829268843442     
          33          34   1.1615148489809843     
          34          35   1.6684668675071055     
          34          36   1.0080489695680963     
          36          37   2.2920142358094355     
          36          38  0.15438221590914591     
          37          38   1.3295080305453504     
          38          39   1.0567824501214707     
          39          40   1.2787472170592522     
          36          41  0.12582761954711280     
          38          41  0.39597749433549001     
          39          41   1.2957126127423280     
          40          41  0.51788489145518013     
