           1           2   2.5693801712184987     
           2           3  0.91558848088343536     
           1           4  0.11930293518019240     
           3           4   1.6946803189322006     
           3           5   1.1902251470038323     
           5           6   1.2658229034139339     
           6           7   1.3485886355757530     
           7           8   1.5201818830183493     
           8           9  0.99538031376154656     
           9          10   1.6083494280342725     
          10          11   1.0877245117173302     
          11          12   1.2998157309467739     
          12          13   1.6853961225056147     
          13          14   1.3769659873239617     
          14          15  0.99126002028477811     
          12          16  0.11110091851722334     
          14          16   1.2820044920494651     
          16          17   1.0024655548271655     
          11          18   1.3422219291913153     
          12          18  0.35483751714511524     
          13          18  0.14774399213689279     
          16          18   1.4351714640015987     
           9          19   1.1545625834527149     
          10          19  0.13862770388115395     
          10          20  0.18343428159642006     
          19          20   1.6485224201005102     
          20          21   1.6678907765752715     
           8          22   1.1474336593136516     
          21          22   1.1103654836968893     
           7          23  0.45457305278731780     
          22          23   1.3786054983195033     
           6          24   1.0856414848989209     
          23          24   1.4926857877522222     
          24          25   1.0651883933528383     
          25          26   1.2087281797538396     
          26          27   1.4927831924924406     
          26          28  0.29223703991400468     
          27          28   1.7604369528111019     
          28          29   1.1394651659817652     
          29          30   1.1486648934595927     
          30          31   1.4275610209042391     
          31          32   1.1621471643776193     
          30          33  0.20838096859375749     
          31          33  0.26719650181676863     
          32          33   1.1588953736409631     
          29          34   1.1452916389676795     
          30          34  0.12815359360314713     
          31          34  0.21790766261929390     
          33          34   1.4238811144313299     
