           1           2   2.6041261272679668     
           2           3  0.89465731747691823     
           1           4  0.14797131967830585     
           3           4   1.6981595566214629     
           3           5   1.2063617640960780     
           5           6   1.2249618408444620     
           6           7   1.2331781121335470     
           5           8  0.11977622079553245     
           7           8   1.7068344387527739     
           8           9   1.3051872634639385     
           9          10   1.0997164527768006     
          10          11   1.6907627017716862     
          11          12   1.6249029609158634     
          12          13   1.1593460044816037     
          11          14  0.12286393021494883     
          12          14  0.11028012898594143     
          13          14   1.5742872049581593     
          14          15   1.0977576752910774     
          15          16   1.2880986528664071     
          16          17   1.7164595141075505     
          17          18   1.3492512215542047     
          18          19   1.0492326758377453     
          19          20   1.1032252694429618     
          19          21  0.20066545017001991     
          20          21   1.2627792730638987     
          19          22  0.46981162080888683     
          20          22   1.2805472348371245     
          21          22  0.47643727541224518     
          18          23   1.2298550911780144     
          23          24   1.0086291412346970     
          15          25   1.3460053170222954     
          16          25  0.16384911950553230     
          17          25  0.23130737331151369     
          23          25   1.4647985744319718     
           9          26   1.1875767250786702     
          13          26   1.0264694343912408     
           6          27   1.2619441327332559     
           7          27  0.21022240822614127     
           8          27  0.16969278828230516     
          26          27   1.4537791168799945     
