           1           2   1.4892814720770913     
           2           3   1.0865861424826071     
           3           4   1.2442434550869124     
           4           5   1.1262176276161222     
           3           6  0.10554675015158187     
           5           6   2.6301311184378822     
           6           7   1.0162026147250658     
           7           8   1.4322619653389694     
           7           9   1.4354965052516804     
           8           9  0.24730125988168050     
           9          10   1.2056098990859967     
          10          11   1.2505930266473768     
          11          12   1.7657319092398229     
          12          13   1.2988690907448188     
          13          14   1.1790951191786259     
          11          15  0.17286042658798631     
          14          15   1.6503249875705437     
          15          16   1.5777763143452783     
          16          17   1.0997525054862707     
          17          18   2.7946754555758480     
          16          19  0.98955903938172352     
          19          20   1.6583988804621219     
          20          21   1.0982488662203667     
          21          22   1.3074978657602345     
          22          23   1.6111624361090120     
          22          24  0.39175163415399922     
          23          24   1.6342479486018677     
          24          25   1.3647613470973750     
          25          26  0.99809695632978956     
          21          27   1.3585933462667408     
          22          27  0.16830304644148839     
          23          27  0.39720174992899948     
          24          27  0.15191743570243019     
          25          27   1.4160343930437613     
          13          28   1.1392952484716159     
          19          28   1.0499736099989969     
          10          29   1.2641899986219367     
          11          29  0.15657193679675774     
          12          29  0.25248859277445446     
          28          29   1.4832093851058992     
