           1           2   1.8464589030594576     
           1           3  0.15364090601381783     
           2           3   1.0728906522540431     
           3           4   1.4821557489591410     
           4           5  0.97569155026665522     
           5           6   1.7002502428871877     
           5           7   1.1618099026025472     
           6           7  0.11566037358279557     
           7           8   1.6789007944199128     
           7           9  0.11590552610241206     
           8           9   1.4704846736081019     
           9          10   1.1676581218258566     
          10          11   1.1338514224761749     
           9          12  0.12913478336541023     
          11          12   2.0864042967956276     
          10          13   1.1195702350998216     
          12          13  0.13762945724370645     
           9          14  0.12731771510515816     
          13          14   2.0525221622490464     
           1          15  0.18397057090470267     
           4          15   1.2189609141086872     
           1          16  0.10093433776792264     
           2          16  0.93591314477523579     
          15          16   1.2904473665005329     
           3          17  0.13392767209572756     
          16          17   1.4818457281597763     
          17          18   1.4944157409962182     
          18          19  0.99366873485056650     
          17          20  0.16904114934878309     
          19          20   1.5724357516050615     
          17          21  0.18428679437141293     
          19          21   1.2359924708023700     
          20          21  0.12439504137341745     
          21          22   1.2721222792444047     
          22          23   1.2468886825772878     
          23          24   1.5534332330017575     
          24          25   1.7080128929627221     
          25          26   1.1590779682049221     
          24          27  0.19801959025936469     
          26          27   1.3369246123101954     
          27          28   1.2309831984809543     
          28          29   1.2202899460335508     
          29          30   1.7188164570379740     
          30          31   1.3596758621526159     
          31          32   1.0047388721471517     
          31          33   1.2499491350243415     
          33          34   1.0089992949805247     
          28          35   1.2772835635585678     
          29          35  0.35342261755340321     
          30          35  0.14902073815796180     
          33          35   1.4623253293105278     
          18          36   1.1793572405036525     
          22          36   1.1860200183073786     
          26          36   1.2323689299030824     
