           1           2   1.6702662336628296     
           2           3  0.99413357065888797     
           3           4   2.2594569090912984     
           3           5  0.15628059408456360     
           4           5   1.3572961693091001     
           5           6   1.1957641177587859     
           6           7   1.0554989536404134     
           7           8   1.5903603293669049     
           7           9  0.15648646965456048     
           8           9   1.1353439896678441     
           7          10  0.19326553316613154     
           8          10  0.12608352139039827     
           9          10   1.1571165224878497     
           6          11   1.0543164962188798     
           8          11  0.19459013103904946     
           9          11  0.16323193436653580     
          10          11   1.6064353032128078     
           2          12   1.1823412050237123     
          12          13   1.2578233576169457     
          13          14   1.2155024332335904     
          12          15  0.10597848068680865     
          14          15   1.7411123556840167     
          15          16   1.3075881814132146     
          16          17   1.0952442781239680     
          14          18  0.10307168272531107     
          17          18   1.6911318648049412     
          18          19   1.6264673133600025     
          19          20   1.1529900030834856     
          18          21  0.12066522818684901     
          19          21  0.11083994809030993     
          20          21   1.5818806570439852     
          21          22   1.0879012124943244     
          22          23   1.3213007166922610     
          23          24   1.6233604163265991     
          22          25  0.10115351217799229     
          23          25  0.38825152118927880     
          24          25   1.6300941047452751     
          23          26  0.10155550412329788     
          25          26   1.3659725445187372     
          26          27  0.99177501456955408     
          22          28   1.3564483352603647     
          23          28  0.15529177564957708     
          24          28  0.39846286090368055     
          25          28  0.15519257914881801     
          26          28   1.4157770933237361     
          16          29   1.1900521867879370     
          20          29   1.0272145957173895     
          13          30   1.2546772388308931     
          14          30  0.21621242520907255     
          15          30  0.15346306329319284     
          29          30   1.4563708073752970     
