   -0.09834806
    0.08173477
   -0.10189011
    0.16169791
   -0.07976339
    0.11714688
   -0.13067551
    0.09517461
    0.02249364
    0.12572722
   -0.17552244
    0.13986157
   -0.13328626
    0.12494902
    0.02089483
   -0.00908007
    0.01633857
    0.11267444
   -0.06557701
   -0.10459382
    0.01254807
   -0.05530377
    0.12636113
   -0.20844247
    0.32445313
   -0.36032793
    0.00196463
    0.02545552
   -0.00842329
    0.08929043
   -0.02683182
    0.03802547
   -0.10262331
    0.04667237
   -0.02277496
