           1           2   1.9626808318922209     
           2           3   1.1452178399682793     
           3           4   1.1024610369410623     
           4           5   1.4681149659511514     
           5           6   1.4120063688660507     
           6           7   1.1723713289093813     
           7           8   1.6721030092377147     
           8           9   1.5953929877315824     
           9          10   1.0980061844155615     
          10          11   2.7936224557228013     
           9          12  0.98874983341591938     
          12          13   1.6729480391489546     
          13          14   1.0955428312999684     
          14          15   1.3188440547864875     
          15          16   1.6337920974073836     
          15          17  0.39731450066659357     
          16          17   1.6404537783095183     
          15          18  0.10048906782705988     
          17          18   1.3647908266496109     
          18          19  0.99369440842928169     
          14          20   1.3387302374218237     
          15          20  0.15268990677989502     
          16          20  0.42365969114883922     
          17          20  0.14671299033643442     
          18          20   1.4146636204604548     
           6          21   1.0883513172881978     
          12          21   1.0248626032088770     
           5          22  0.46302858587117296     
          21          22   1.5581237212454835     
           4          23   1.0641259369125537     
          22          23   1.3054734286020739     
          23          24   1.3371989372536628     
          24          25   1.1631859903251636     
          25          26   1.6790636684328020     
          25          27   1.0009379021970406     
          27          28   2.2788977871385163     
          27          29  0.17411148007075522     
          28          29   1.3558493491280010     
          29          30   1.1836895820064475     
          30          31   1.0562421987828030     
          31          32   1.4517651766690964     
          32          33   1.0998230084165730     
          31          34  0.30865725967606472     
          32          34  0.15850026435976353     
          33          34   1.1097154336631461     
          30          35   1.0496750125124650     
          31          35  0.19133525897620268     
          32          35  0.30300217223576742     
          34          35   1.5188728118919701     
