   -0.01302805
   -0.01526769
    0.02692947
    0.05322813
   -0.02061764
   -0.00894665
   -0.02683001
    0.03082995
    0.01290819
    0.03011199
    0.03691238
    0.30276336
   -0.41843967
   -0.18269101
    0.15168067
   -0.01282686
   -0.01842186
    0.12309128
   -0.11627552
    0.06226323
    0.03154605
    0.12287031
   -0.18220022
    0.12987751
   -0.17119585
    0.13294126
   -0.00531151
   -0.02133386
    0.02219994
    0.11349478
   -0.05700209
   -0.06990845
    0.01683730
   -0.06018887
