           1           2   1.5521425523206005     
           1           3  0.36524967291524052     
           2           3   1.0489793434644059     
           1           4  0.10371256352665310     
           3           4   1.3159213305829407     
           4           5   1.1324925220639894     
           5           6   1.4887242482109633     
           3           7  0.13149327863135854     
           5           7  0.32897466054989749     
           6           7   1.3691817294600213     
           4           8  0.99690557295600268     
           7           8   1.0862265106699411     
           5           9  0.17257723761971067     
           6           9  0.20880841926547269     
           8           9   1.1438360231963030     
           9          10   1.2925103609043702     
          10          11   2.4802734227006127     
          11          12   1.0357134872278357     
          12          13   1.3758499629964573     
          12          14   1.4568552906963546     
          13          14  0.20299403141784989     
          14          15   1.1410527410801345     
          15          16   1.2550030215741497     
          16          17   1.6935739789229016     
          17          18   1.3021618711340097     
          18          19   1.2355950115173859     
          16          20  0.12822651922326000     
          19          20   1.6753872242257637     
          20          21   1.3894170544893645     
          21          22   1.0813073207914441     
          22          23   2.8156911423721454     
          21          24   1.2283323142092435     
          20          25  0.17056362219858145     
          24          25   1.2219308511531195     
          25          26   1.2221761890422620     
          26          27   1.2574899443998773     
          27          28   1.6363619581382569     
          27          29  0.40897999745476177     
          28          29   1.6165579217655568     
          29          30   1.3565150950646951     
          30          31  0.99455418368481963     
          26          32   1.2891010174408335     
          27          32  0.16425616508122609     
          28          32  0.41300126699935491     
          29          32  0.13603476258402938     
          30          32   1.4312587232450620     
          18          33   1.1159211740913864     
          24          33   1.2166785473026434     
          15          34   1.3540327872392270     
          16          34  0.29227380083106169     
          17          34  0.17936551615511787     
          33          34   1.3401352595316340     
