           1           2   1.6524967282686354     
           1           3  0.24006155061568496     
           2           3   1.3772896974040458     
           1           4  0.11896524694423459     
           2           4  0.84662337142109856     
           4           5   1.9448892064525509     
           5           6   1.5216768978793609     
           6           7   1.1136078476054594     
           7           8   1.2237314289516825     
           8           9   1.2997537729736295     
           6          10   1.0234453681647520     
           9          10   1.2259709086361499     
          10          11   1.5239810494014245     
          11          12   1.5028909936360002     
          12          13   1.1215634304080060     
          11          14  0.11744413234093203     
          13          14   1.5706504564549650     
          13          15   1.1335558666274279     
          15          16   1.5098531791195107     
          16          17   1.1801773621096459     
          17          18   2.0174595245444986     
          18          19   1.1490133070551913     
          19          20   1.1573329731588970     
          18          21  0.13388432762636571     
          20          21   1.3728604220515037     
          18          22  0.13453014606700589     
          20          22   1.3534831228590549     
          21          22  0.26755686221292474     
          17          23  0.23975434336735785     
          19          23   1.3005794479778860     
          12          24   1.1077186281823181     
          16          24  0.92459325294641681     
          23          24   1.6219902365416352     
           8          25   1.1796632067006847     
          25          26   1.5095350437709119     
          25          27  0.21284015712579918     
          26          27   1.6677112433688597     
           7          28   1.2673629539019893     
          25          28  0.30489033613135730     
          26          28  0.20583923646620061     
          27          28   1.4760140402255155     
