           1           2   2.0188893785254587     
           1           3  0.10212403903438411     
           2           3   1.1480224656807103     
           3           4   1.0315063062372998     
           4           5   1.5077572869202014     
           5           6   1.3595461607556460     
           6           7   1.2550492444044086     
           7           8   1.6697323564677764     
           8           9   1.3890889456954278     
           9          10   1.0798456206074949     
          10          11   2.8187645935126615     
           9          12   1.2245312483073123     
           8          13  0.21476564402878237     
          12          13   1.2433559438153556     
          13          14   1.2465051667029559     
          14          15   1.2127905501221961     
          15          16   1.7291319111015118     
          16          17   1.3412871889195792     
          17          18   1.0137614726097561     
          18          19   1.1555336370737634     
          19          20   1.0909310935668148     
          20          21   1.2965526504886369     
          21          22   1.6826506259818694     
          20          23  0.10343869300303760     
          21          23  0.19146753390944043     
          22          23   1.5711771341936680     
          21          24  0.21458561659144995     
          23          24   1.5933489428126906     
          20          25   1.3098906645914030     
          22          25  0.20385681838075775     
          23          25  0.19673008416592616     
          24          25   1.6955492435803288     
          17          26   1.2263467834768771     
          26          27   1.0102265277991351     
          14          28   1.2739296206904398     
          15          28  0.30779320818003530     
          16          28  0.14908386537747553     
          26          28   1.4723870266560299     
           6          29   1.0772732346035321     
          12          29   1.1973229618909851     
           5          30  0.38170798707192694     
          29          30   1.4036800872774147     
           4          31   1.1152381491056151     
          30          31   1.4203225818851171     
          31          32   1.1784617225153200     
          32          33   1.4306965126529494     
          32          34  0.16682807200179034     
          33          34   1.3976859537553845     
          33          35   1.0109255490383733     
          35          36   2.2783223770957446     
          35          37  0.25104711650664985     
          36          37   1.3469356116156128     
          37          38   1.0363541726094487     
          37          39  0.16314250959967749     
          38          39   1.5503917589025327     
          38          40  0.96584014664613838     
          39          40  0.20166644190724656     
          39          41  0.13211730007556308     
          40          41   1.7264380180031278     
          41          42   1.1592163855684401     
          41          43  0.12685815864694358     
          42          43   1.5573523461726750     
          42          44  0.96150508502439080     
          44          45   1.6944343911706685     
          44          46  0.96957534883248386     
          46          47   1.6616854806524670     
          46          48   1.0119226457394237     
          48          49   1.4953706512171658     
          48          50   1.0818858925514705     
          49          50  0.22779812293165114     
          49          51  0.15775256434860080     
          50          51   1.9817252129737077     
