           1           2   1.2817926053962796     
           1           3  0.49210621591300546     
           2           3   1.3005128777162003     
           2           4   1.0514302324555647     
           3           4  0.38448984004732595     
           4           5   1.3233639321776098     
           4           6  0.17139832842127037     
           5           6   2.2958271101257708     
           6           7   1.0008594763200789     
           7           8   1.6993608138024274     
           7           9   1.1266948243598398     
           9          10   1.4827320296637811     
          10          11   1.0949713741101252     
          11          12   1.6774025498140224     
          12          13   1.0425052107047539     
          13          14   1.6692948930770828     
          14          15   1.1044580233928032     
          15          16   1.3089976531104464     
          16          17   1.6232837622000367     
          16          18  0.39689216133122657     
          17          18   1.6449554408734810     
          16          19  0.10187287413163090     
          18          19   1.3680524085433650     
          19          20  0.99546189852910449     
          15          21   1.3471964610727234     
          16          21  0.16013672781218807     
          17          21  0.44392464251720687     
          18          21  0.14341406880534419     
          19          21   1.4129439422217991     
          13          22  0.97654693100538426     
          22          23   1.1060292505850204     
          23          24   2.7769004620887410     
          14          25  0.16149308170131416     
          22          25   1.5568958145174288     
          25          26   1.6391611721825525     
          12          27  0.99866380556767009     
          26          27   1.2386218944034681     
          11          28  0.35718758570141396     
          27          28   1.3932882301687677     
          10          29   1.1762472202311054     
          28          29   1.7130479443924183     
