           1           2   1.7113184351794342     
           2           3   1.0172366677181173     
           3           4   2.5713692181414514     
           4           5  0.98741708849632570     
           5           6   1.6817094095918992     
           5           7   1.1860824554861371     
           7           8   1.2638780137235790     
           8           9   1.3190865397316951     
           9          10   1.4303677402191302     
          10          11   1.1310685803038640     
          11          12   1.3748441484172857     
          12          13   1.1764725909309517     
          13          14   1.2830732108136862     
          14          15   1.6243996568017383     
          14          16  0.39730660448224725     
          15          16   1.6193697192671386     
          16          17   1.3595225049380080     
          17          18  0.99576098561922277     
          13          19   1.3169884420207003     
          14          19  0.15780416315990059     
          15          19  0.37945605927057230     
          16          19  0.15192585571006811     
          17          19   1.4276152238571620     
          11          20   1.2150683760614813     
          12          21  0.18910016015612899     
          20          21   1.5975793456256173     
          21          22   1.5960780987966472     
          10          23   1.1314333399368779     
          22          23   1.2300516797669048     
           9          24  0.41708368907592031     
          23          24   1.2835352627157430     
           8          25   1.1900040302588577     
          24          25   1.7435611575503704     
           2          26   1.1167900053333200     
          26          27   1.6373449775298539     
          26          28  0.11409608840043986     
          27          28   1.4397435632480078     
          26          29  0.10569775654771930     
          27          29  0.14958534384657055     
          28          29   1.6697916429198039     
          29          30   1.1510111969070331     
          30          31   1.1453941493089597     
          31          32   1.5451749314759859     
          32          33   1.3628491047152886     
          30          34   1.1035111293524447     
          31          34  0.32156103401036784     
          32          34  0.43465891620032426     
          33          34   1.4800895803287129     
