   -0.09173191
    0.08568813
   -0.10588841
    0.16277317
   -0.06463812
    0.11694579
   -0.12008758
    0.09306145
    0.02762132
    0.12638134
   -0.16979850
    0.13554576
   -0.11001479
    0.12720966
   -0.03434239
   -0.03651429
    0.15646859
   -0.13772247
    0.08944953
    0.04040056
   -0.03076294
   -0.01658029
    0.20820424
   -0.15590331
   -0.08318716
    0.18697917
   -0.16228228
    0.08915638
   -0.07994328
   -0.07575954
    0.01556534
   -0.06446070
    0.12642987
   -0.17704745
    0.29789530
   -0.41934904
    0.00765276
    0.01826815
   -0.01395116
    0.18147231
   -0.06018082
   -0.08302239
