           1           2   2.0263164986239723     
           2           3   1.1397760532497709     
           3           4   1.0771791293212558     
           4           5   1.4500528754402502     
           5           6   1.3921702217828640     
           6           7   1.1696610649563026     
           7           8   1.6691790730917830     
           8           9   1.5770969377814312     
           9          10   1.0990830464994810     
          10          11   2.7938035831749688     
           9          12  0.98975629831722034     
           8          13  0.11251886795191254     
          12          13   1.6574743490970072     
          13          14   1.1058068232780249     
          14          15   1.2834919749726741     
          15          16   1.7121842136570704     
          16          17   1.3584904718495874     
          17          18  0.96290625780659822     
          18          19   1.1623313291807789     
          19          20   1.0221229847120319     
          19          21  0.16201033565419609     
          20          21   1.3660468636695349     
          19          22  0.10156419881861130     
          21          22   1.8302660703893956     
          22          23   1.3231874263895496     
          23          24  0.99897810866826797     
          19          25  0.15833548404631220     
          21          25  0.33110090719733903     
          23          25   1.3942279610708366     
          20          26   1.2187739224178793     
          22          26  0.10489569531022896     
          25          26   1.4585590232592538     
          26          27   1.0001588890380586     
          15          28  0.10126531569587252     
          17          28   1.2458103029261784     
          28          29   1.0034860113721040     
          14          30   1.3278361033887562     
          15          30  0.23561973653589660     
          16          30  0.18905357778810697     
          28          30   1.4430552381596335     
           6          31   1.1060076325559716     
          12          31   1.0319207318776962     
           5          32  0.45012126609714875     
          31          32   1.5200862994280773     
           4          33   1.1273447850009501     
          32          33   1.3523700932118969     
          33          34   1.2025735363428613     
          34          35   1.4191938163169344     
          34          36  0.16510904207916668     
          35          36   1.3973581851815708     
          35          37   1.0129743827435018     
          37          38   2.3367583544545294     
          37          39  0.12290502658923669     
          38          39   1.2664262309211902     
          39          40   1.0814007753128174     
          39          41  0.15147959776762357     
          40          41   1.2718157187120964     
          37          42  0.16109909575744244     
          39          42  0.46634645024900578     
          40          42   1.2801897406413385     
          41          42  0.56020636962820114     
