           1           2   2.3915694691318579     
           2           3   1.0095643504285599     
           1           4  0.10544024799907910     
           2           4  0.10485165914184555     
           3           4   1.3641695627442232     
           3           5   1.4480191884800084     
           4           5  0.19965304389664568     
           5           6   1.1969540901548068     
           6           7   1.3693454124537965     
           7           8   1.5202941362758853     
           8           9  0.97896829445959666     
           9          10   1.5959299888481955     
          10          11   1.1204469388622009     
          11          12   1.2768041271126240     
          12          13   1.6829388559813876     
          13          14   1.3754833484829827     
          14          15  0.99659271648636616     
          12          16  0.10643347051233874     
          14          16   1.2655233906208372     
          16          17   1.0080991579783383     
          11          18   1.3248288573074125     
          12          18  0.35699558397477815     
          13          18  0.14159058154345908     
          16          18   1.4343539693975618     
           9          19   1.1854016090026698     
          10          19  0.12629985313443093     
          10          20  0.13124998273395683     
          19          20   1.6765972744122675     
          20          21   1.6877538395489489     
           8          22   1.1380238490225083     
          21          22   1.0912216986521963     
           7          23  0.40525014753760352     
          22          23   1.4083055484721489     
           6          24   1.1111650419831460     
          23          24   1.4615643867478609     
          24          25   1.0727688495856620     
          25          26   1.1292154179425797     
          26          27   2.0410694987674933     
          27          28   1.1428958081866611     
          28          29   1.1883219260589544     
          29          30   1.5797031262172878     
          29          31  0.15418637776781843     
          30          31   1.5475605413970634     
          30          32  0.15135041377141423     
          31          32   1.3407629218297463     
          31          33  0.21829666230366110     
          32          33   1.8293836521745819     
