           1           2   1.0256082400222075     
           1           3  0.56707775978128938     
           2           3   1.0002011415654390     
           1           4  0.54922563086306375     
           2           4   1.0371627347984673     
           3           4  0.56376257114595207     
           2           5  0.84835161292109396     
           5           6   1.7194663426716670     
           6           7   1.0991944711670367     
           7           8   1.5700940747315983     
           8           9   1.6712685259385931     
           9          10  0.84192054246622861     
          10          11   1.7499031247605570     
          10          12   1.2078585692138277     
          11          12  0.11057196548362708     
          12          13   1.2348384143209508     
          13          14   1.3355213614475061     
          14          15   1.6819945869724831     
          14          16  0.12943675084861000     
          15          16   1.8187097613430268     
          14          17  0.36410550331373626     
          15          17  0.11429994544716698     
          16          17   1.6170522775661900     
           9          18   1.0474048928803159     
          13          18   1.1229656831790324     
          15          18  0.10901221046601187     
          17          18   1.4449767316690527     
           6          19  0.45393281954808595     
           7          19   1.1191752789498739     
          19          20   1.7187535749400742     
          20          21  0.84784380002482951     
          21          22   1.0001810054714457     
          21          23   1.0364103396583131     
          22          23  0.57587589914716952     
          21          24   1.0294536723189931     
          22          24  0.57399450702309174     
          23          24  0.56140408320215440     
           5          25  0.95846402597374980     
          20          25  0.96157892429105563     
           6          26  0.12588894556788355     
          19          26  0.12455023635606785     
          25          26   1.7906032560251832     
