   -0.08847920
    0.09778927
   -0.12436118
    0.16281994
   -0.07684560
    0.11686086
   -0.13352401
    0.09362876
    0.00790754
    0.11744041
   -0.20469110
    0.13177242
   -0.11889847
    0.11956156
    0.00748743
   -0.02252860
   -0.01197106
    0.18990692
   -0.14770200
    0.04531433
    0.07150177
   -0.03042811
   -0.00535396
    0.03534977
   -0.00747706
   -0.01941768
   -0.10293821
    0.01200750
   -0.04484173
    0.11628921
   -0.19473748
    0.32225031
   -0.35392997
   -0.00804318
    0.03077073
   -0.00397672
    0.19329808
   -0.08902391
   -0.08278760
