           1           2   2.8010357704052007     
           2           3   1.0757660785460235     
           1           4  0.13223145151686955     
           3           4   1.8009492393253332     
           4           5   1.2401271432531591     
           5           6   1.5309217811748967     
           6           7   1.1672554903011156     
           7           8   1.6370620260684843     
           7           9  0.86940750741554851     
           9          10   1.8365644390727112     
           4          11  0.23120255214207863     
           6          11  0.20654229700806739     
           9          11   1.0423832852786410     
           5          12  0.99895892586916601     
           6          12  0.34149623066957846     
          10          12  0.14175094821503603     
          11          12   1.9534939721802087     
           3          13  0.87307999085785482     
           4          14  0.10324423157893609     
          13          14   1.7481428293856645     
          13          15   1.1573611180000141     
          15          16   1.6248300053554345     
          15          17  0.10151972038013843     
          16          17   1.4195754247566159     
          17          18   1.5901799580339755     
          15          19  0.11868666832103909     
          16          19  0.21213751029739567     
          17          19  0.10554200126253424     
          18          19   1.6033588488808352     
          19          20   1.0833671928979205     
          20          21   1.3068871156997230     
          21          22   1.5992513583205101     
          21          23  0.16236700488130484     
          22          23   1.5978769628195446     
          21          24  0.21851971363447514     
          23          24   1.6483646020680207     
          20          25   1.2918789427941217     
          22          25  0.23028086998399297     
          23          25  0.18143583135544727     
          24          25   1.5826539168427387     
