           1           2   1.5437911363185044     
           1           3  0.10333422677244439     
           2           3   1.0264189708019740     
           1           4  0.17567232787951806     
           3           4   1.4528209264709546     
           4           5   1.3727341086557832     
           5           6   1.2437400801720151     
           6           7   1.6504441428733627     
           7           8   1.3687434693763085     
           8           9   1.0816940838612084     
           9          10   2.8145436688541756     
           8          11   1.2427342032282964     
           7          12  0.18723592268796888     
          11          12   1.2385543874091915     
          12          13   1.2842814142819536     
          13          14   1.1899749016463383     
          14          15   1.8482994834446282     
          15          16   1.2845689542430332     
          16          17   1.1884015605668135     
          17          18   1.7118007287493280     
          18          19   1.0174101917034097     
          19          20   1.3296983782256400     
          20          21   1.5881929918955782     
          19          22  0.10620855191867305     
          20          22  0.16265937198830813     
          21          22   1.5811730596162537     
          20          23  0.24454918470402010     
          22          23   1.6316667973278298     
          19          24   1.3141798533919606     
          21          24  0.23115949434368896     
          22          24  0.20342846809919127     
          23          24   1.5889776814519718     
          16          25   1.1741677365786134     
          25          26   1.0049053380196331     
          13          27   1.2527351088216647     
          14          27  0.25448201605055631     
          15          27  0.15389108712047778     
          25          27   1.5170396098565708     
           5          28   1.0787668106310420     
          11          28   1.1842899215059211     
           1          29  0.15250115409519904     
           4          29  0.36018162387317104     
          28          29   1.4229652763705545     
           3          30   1.0907307912260327     
          29          30   1.3918152222017086     
           1          31  0.14795159523770796     
          30          31   1.2564909304514751     
          31          32   1.2128677926177769     
          31          33  0.12100539250850006     
          32          33   1.6387323029800407     
          32          34  0.97225587451177242     
          34          35   2.3088868142501289     
          34          36  0.14338824412603135     
          35          36   1.3122951041229407     
          36          37   1.0719811829904149     
          37          38   1.2736667767854193     
          34          39  0.12243779627308231     
          36          39  0.40267042608310560     
          37          39   1.2835672063786665     
          38          39  0.55301100383120527     
