           1           2   1.5470136916066741     
           1           3  0.46312033840376454     
           2           3   1.0214588640251789     
           3           4   1.2635060781708050     
           3           5  0.11285063253622034     
           4           5   2.5176837840066817     
           5           6   1.0315715676185728     
           6           7   1.4210420369055550     
           6           8   1.4242979069039912     
           7           8  0.18361761492131470     
           8           9   1.1701460893691440     
           9          10   1.4380896396512892     
          10          11   1.4132728665262728     
          11          12   1.1878302060675905     
          12          13   1.2500082534123813     
          13          14   1.2118783380652784     
          14          15   1.2650594918166076     
          15          16   1.6584053412366229     
          15          17  0.37826133152190783     
          16          17   1.6322980382501162     
          17          18   1.3607854174697220     
          18          19  0.99662673586784778     
          14          20   1.2880805229337962     
          15          20  0.15603602097162067     
          16          20  0.43464368185017294     
          17          20  0.14895224332855053     
          18          20   1.4211766591157937     
          12          21   1.2348691642704852     
          21          22   1.0799824559188584     
          22          23   2.8169587728884182     
          13          24  0.28774074023516427     
          21          24   1.3793834624617161     
          24          25   1.6712102681332193     
          11          26   1.0819829966582819     
          25          26   1.2377447488455098     
          10          27  0.38407472574142509     
          26          27   1.3784821235856937     
           9          28   1.1120231185927132     
          27          28   1.4546003719118754     
          28          29   1.0231965357713559     
          10          30  0.11978264409645215     
          27          30  0.15223199024933212     
          29          30   1.5386790168356714     
