           1           2   2.7979319474748019     
           2           3   1.0728405601367696     
           1           4  0.13704309884949922     
           3           4   1.8054375535441136     
           4           5   1.1993372442039210     
           4           6  0.16965325330094780     
           5           6   1.3413176798172823     
           4           7  0.21157904907343633     
           6           7   1.6784972089861234     
           7           8   1.0531932889190307     
           6           9  0.15403218424910525     
           8           9   1.8475598916729177     
           8          10  0.81307836834346536     
          10          11   1.8797909792009369     
           5          12   1.2537350266243175     
           6          12  0.24535508039514861     
           7          12  0.31947686038258660     
          10          12   1.0777230213361233     
           3          13  0.88848451440503651     
          13          14   1.7591176491830149     
          13          15   1.1195586651293006     
          14          15  0.10375179430781531     
          15          16   1.0455666583831702     
          16          17   1.3856807566699723     
          17          18   1.1914498746908384     
          18          19   1.0790638534655539     
          19          20   1.3230064420675187     
          20          21   1.5515379174347215     
          19          22  0.10414901105344890     
          20          22  0.17079786418271484     
          21          22   1.6504742647119932     
          20          23  0.21893555166077824     
          22          23   1.6481354688889260     
          19          24   1.3200038080559859     
          21          24  0.22821238456374004     
          22          24  0.17685440377877235     
          23          24   1.5747217376656788     
          16          25  0.12153298386289631     
          17          25  0.19356209792389695     
          18          25   1.1221054418791463     
          20          25  0.12683318462857326     
          15          26   1.1751525778877894     
          16          26  0.26490634574632821     
          17          26  0.17111774579256203     
          25          26   1.2997485015444712     
