           1           2   1.4479861092887576     
           1           3  0.31560578259862643     
           2           3  0.99326617026134012     
           1           4  0.12363535352991888     
           3           4   1.4999198970981100     
           1           5  0.11501704631108406     
           3           5  0.20550036014112918     
           4           5   1.5250041768455571     
           5           6   1.5174864831062322     
           6           7  0.91905494218391293     
           7           8   1.6821499438984897     
           7           9   1.2142152619205209     
           8           9  0.10285246015515907     
           9          10   1.2504211384738211     
          10          11   1.2058299057971025     
          11          12   1.8340720211057244     
          12          13   1.2691393704073899     
          13          14   1.2362345482978589     
          11          15  0.13769167809351188     
          14          15   1.5865235055619755     
          15          16   1.5932994268803951     
          16          17   1.2147177001467178     
          15          18  0.15052606882811842     
          17          18   1.3402199495964109     
          18          19   1.1912350854187046     
          19          20   1.2768525802630948     
          20          21   1.6280572230399755     
          20          22  0.39712332399187711     
          21          22   1.6175995090655777     
          22          23   1.3585969396032862     
          23          24  0.99334242230845549     
          19          25   1.3088260986681426     
          20          25  0.15794719909489424     
          21          25  0.39407273110327901     
          22          25  0.14718636021328088     
          23          25   1.4293414674533853     
          13          26   1.1292226529606126     
          17          26   1.1662478137480137     
          10          27   1.2974316740805367     
          11          27  0.16883253780313490     
          12          27  0.15605654723300527     
          26          27   1.3890829239158866     
           1          28  0.15704517925654660     
           2          28   1.0564983579240406     
           3          28  0.14952180603465534     
           4          28  0.27334580625810562     
           5          28  0.18621076639338169     
           6          28   1.2389752310871298     
