           1           2   2.7896334450915918     
           2           3   1.0424499265887801     
           1           4  0.16534405023362753     
           3           4   1.7860634725468403     
           4           5   1.2272046587220129     
           5           6   1.5367151087360205     
           6           7   1.1022684640146223     
           7           8   1.8245202495828858     
           7           9  0.86503118412302238     
           6          10  0.10827007744017215     
           9          10   1.6222625787647267     
           4          11  0.23642801851308251     
           6          11  0.21974324021939243     
           9          11   1.0713273323937813     
           5          12   1.0174053549467033     
           6          12  0.24804769939805718     
           9          12  0.10194962906025548     
          10          12  0.18920890069120255     
          11          12   2.0167658627926972     
           3          13  0.92176841416587729     
          13          14   1.6850204635281520     
          13          15   1.2120670714716610     
          14          15  0.11345990524470106     
          15          16   1.2533491537834722     
          16          17   1.2852167291731904     
          15          18  0.10949936957245997     
          17          18   1.6591737829744768     
          17          19  0.17137264324688592     
          18          19   1.7454869782704723     
          17          20  0.32061044437100272     
          18          20  0.13434264110464245     
          19          20   1.6235324486043734     
          16          21   1.1718397839057462     
          18          21  0.10343491687732023     
          20          21   1.4173429330484231     
          21          22   1.0409565314691409     
