           1           2   2.0038999868796386     
           1           3  0.38663098592653539     
           2           3   1.4935630580392973     
           3           4   1.1304501008702541     
           1           5  0.10082785876129804     
           3           5  0.20836776044294794     
           4           5   1.0788789970832577     
           5           6   1.2701214970058281     
           6           7   2.5080673841163907     
           7           8   1.0131231139560930     
           8           9   1.4059647892283123     
           8          10   1.4565753745718089     
           9          10  0.20926075410027117     
          10          11   1.1506772211496985     
          11          12   1.2510325995311380     
          12          13   1.7035026671103921     
          13          14   1.3012140230707194     
          14          15   1.2366864004697098     
          12          16  0.12533854006943995     
          15          16   1.6785313039975256     
          16          17   1.3940942194397681     
          17          18   1.0804476311327829     
          18          19   2.8188858623806219     
          17          20   1.2292562128912756     
          16          21  0.15856601034178766     
          20          21   1.2248802695371106     
          21          22   1.2210178089232024     
          22          23   1.2574972046549571     
          23          24   1.6360753965263359     
          23          25  0.40248763267643228     
          24          25   1.6145705898135290     
          25          26   1.3574161964620257     
          26          27  0.99971174029015164     
          22          28   1.2899765070929696     
          23          28  0.16540145602972833     
          24          28  0.38769550586598112     
          25          28  0.14021137225559191     
          26          28   1.4286831252084060     
          14          29   1.1164637012403260     
          20          29   1.2117561101548151     
          11          30   1.3456794569520134     
          12          30  0.28175843276802276     
          13          30  0.17921563712195474     
          29          30   1.3442525747273568     
           4          31   1.1215226994676319     
           5          31  0.21941399009652601     
          31          32   1.5545455575264755     
           5          33  0.11926037815971444     
          31          33  0.39152198063885901     
          32          33   1.9685758592519984     
