           1           2   2.6617608102797741     
           2           3  0.69158397567151941     
           3           4   1.6052752174700020     
           3           5   1.5500668706860234     
           4           5  0.11680849875947898     
           1           6  0.11838092015179849     
           3           6  0.89210397023852062     
           6           7   1.2740927302909115     
           7           8   1.3461264272939892     
           8           9   1.5200731708885438     
           9          10   1.0370691898579545     
          10          11   1.6480892036235006     
          11          12   1.1462490177300335     
          12          13   1.2261111732706693     
          13          14   1.7858281568941121     
          14          15   1.2998212279152310     
          15          16   1.0893713696333174     
          16          17   1.1460567073605483     
          17          18   1.2052263890085928     
          18          19   1.2474866615188458     
          19          20   1.6298430863439684     
          19          21  0.19953428166084408     
          20          21   1.5880482659632360     
          19          22  0.23083566309605411     
          21          22   1.5802356964411681     
          18          23   1.2482229135798455     
          20          23  0.24789900995185718     
          21          23  0.19817594092097002     
          22          23   1.6243919115184717     
          15          24   1.1716956779983709     
          24          25   1.0274769443497744     
          12          26   1.3163582749354472     
          13          26  0.29814234553937546     
          14          26  0.18109064736979213     
          24          26   1.4777638866045080     
          10          27  0.99219271719666979     
          27          28   1.0984729707337995     
          28          29   2.7946588515720387     
          27          30   1.5806160005910588     
          30          31   1.6644994616928881     
           9          32   1.1035261676487633     
          31          32   1.1718710845361149     
           6          33  0.12686262474022703     
           8          33  0.38935337772768330     
          32          33   1.3967896744973043     
           7          34   1.0792689709642160     
          33          34   1.4728331938503065     
          34          35   1.0923104128402916     
          35          36   1.1242941213799491     
          36          37   1.9674156372583629     
