           1           2   1.5461502665852700     
           2           3   1.0298112297261377     
           1           4  0.10424931799984752     
           3           4   1.4417097548236146     
           4           5   1.2793972862578429     
           5           6   1.2034906981395084     
           6           7   1.8517141946034936     
           7           8   1.0472930641023157     
           6           9  0.16746533647755146     
           8           9   2.7824654027666029     
           7          10  0.84348131619224687     
           6          11  0.13721806723181665     
          10          11   1.4219640241024551     
           6          12  0.15355184356290427     
          10          12   1.5786275352982615     
          11          12  0.19146092260132339     
           4          13  0.41895388205871714     
           5          13   1.2869820093129525     
          13          14   1.4491224085448138     
          14          15   1.1503944683892533     
          15          16   1.4010964978081610     
          16          17  0.93877299941608383     
          17          18   1.3488964610163920     
          18          19   1.6250780181356701     
          19          20   1.1850426714726241     
          18          21  0.19221810528532779     
          19          21  0.25054236113569250     
          20          21   1.4429727892328801     
          18          22  0.19672167644345781     
          19          22  0.24088916294061036     
          20          22   1.1787491448130709     
          21          22  0.24464665531413951     
          17          23   1.3389524213952122     
          19          23  0.21293535833705171     
          21          23  0.18396668548488337     
          22          23   1.6233062647765475     
           3          24   1.1184659565806059     
          14          24   1.1219359115257403     
           4          25  0.13226810076334228     
          13          25  0.16192691814773491     
          24          25   1.4842083213116615     
