           1           2   1.8419639167916291     
           2           3  0.97444508475172575     
           3           4   1.2014151300780362     
           4           5   1.9808637026183047     
           5           6   1.1734722756072655     
           4           7  0.17749852205500605     
           5           7  0.24442734531996546     
           6           7   1.3632633996078782     
           4           8  0.16561771301075390     
           6           8   1.3698741294146215     
           7           8  0.21158079530983995     
           3           9   1.3912064693999326     
           1          10  0.15088092718647114     
           9          10   1.5013187612946768     
           2          11  0.98325183951304085     
          10          11   1.2004520987600418     
           9          12  0.25473316855486644     
          11          12   1.4885247895127434     
          12          13   1.5250814444668401     
          13          14  0.80102540326256255     
          14          15   1.7490982495458027     
          14          16   1.2283346175274508     
          15          16  0.13132222389401324     
          16          17   1.2431093097705235     
          17          18   1.3752090236855239     
          18          19   1.4198089967168663     
          19          20  0.98821391679030923     
          20          21   1.3478500962371807     
          21          22   1.5898978317420203     
          22          23   1.2805947757419942     
          23          24   1.0024242065193418     
          21          25  0.40678102490640594     
          22          25  0.11502690754434354     
          23          25  0.12313097244567536     
          24          25   1.5926085131122554     
          21          26  0.13830851632948638     
          22          26  0.16407045303282636     
          23          26   1.2941527897853007     
          25          26  0.20519419633373312     
          20          27   1.3369745448525741     
          21          27  0.14029331762811714     
          22          27  0.12165600095430426     
          26          27   1.5786288015324716     
          18          28  0.18385613232951076     
          19          28   1.3014621277218885     
          16          29  0.10234917747320720     
          18          29  0.27812643230418582     
          28          29   1.5934987220696974     
          13          30   1.0577873853226387     
          17          30   1.0947367500742866     
          29          30   1.4501569550845563     
