    0.01130999
   -0.02083680
    0.13453095
   -0.04290276
    0.08608168
    0.06581856
    0.05076609
    0.12422956
   -0.14850706
    0.27033234
   -0.39198917
   -0.08272824
    0.05633961
    0.02587484
    0.01879281
    0.06637113
   -0.18443098
    0.32521022
   -0.30843004
    0.04458275
    0.14074322
   -0.14600117
    0.05109305
    0.07775881
   -0.05290716
    0.14681239
    0.00199732
    0.01070575
    0.19814326
   -0.30987105
    0.01102404
    0.55108449
   -0.34300345
   -0.31205592
   -0.00636437
   -0.02027643
    0.00640059
    0.56455081
   -0.33231710
   -0.32920085
    0.23918956
   -0.24792129
