           1           2   2.5016487215884395     
           1           3  0.10031452324725088     
           2           3  0.97981322269312376     
           1           4  0.15045002917661845     
           3           4   1.6945401917380434     
           3           5   1.0818344529446058     
           5           6   1.1257325840732524     
           6           7   1.3237934188824430     
           6           8  0.48058257667684234     
           7           8   1.4080061180486414     
           5           9   1.1400092573674907     
           8           9   1.2267077544048157     
           9          10   1.2196955083906080     
          10          11   1.4365718364156812     
          10          12   1.1913177252323877     
          11          12  0.16751365925496806     
          12          13   1.2842780644138434     
          13          14   1.3395098954445330     
          14          15   1.5386822241440135     
          15          16  0.98580581765849662     
          16          17   1.5473920560760637     
          17          18   1.1373602761568502     
          18          19   1.3160875512250476     
          19          20   1.7357492465257749     
          19          21  0.19675816893127271     
          20          21   1.6732354326095285     
          21          22   1.3602521520917188     
          22          23   1.0306745767969956     
          18          24   1.2625747811213941     
          20          24  0.11595215704930691     
          22          24   1.3251859215760493     
          24          25  0.99562796097620132     
          16          26   1.2136403719242472     
          17          26  0.10368407688655490     
          26          27   1.6298084658494816     
          27          28   1.6834468225608803     
          15          29   1.1239257833856082     
          28          29   1.0928992895008336     
          14          30  0.48949627424667191     
          29          30   1.4274392213039873     
          13          31   1.0857905404985506     
          30          31   1.4551281200115977     
          31          32   1.0825839366488768     
          32          33   1.1642614555036921     
          32          34  0.11523384738697218     
          33          34   1.9085222596836102     
          34          35   1.0577088497591496     
          33          36  0.23278183172436556     
          34          36  0.15348490853452315     
          35          36   1.5880096418382101     
