   -0.06656610
    0.05943341
    0.05046556
   -0.03707066
    0.12386293
    0.24780612
   -0.24388845
   -0.04383712
    0.09911390
   -0.14150723
    0.30298895
   -0.33952739
    0.09062117
   -0.10147931
    0.06192043
    0.02500482
    0.00789078
    0.09987363
   -0.02165378
    0.03538186
    0.14196402
   -0.20456380
    0.42189887
   -0.17154779
   -0.36319215
    0.09492627
   -0.07607298
    0.02590901
    0.07974289
   -0.04757474
    0.20358903
   -0.30514032
    0.10303756
   -0.03455868
    0.00799485
   -0.01240761
    0.10296535
   -0.08467715
   -0.07131404
   -0.01476969
    0.24567848
   -0.25072090
