           1           2   2.0408291000970502     
           2           3   1.1383758085896245     
           3           4   1.0471894514075304     
           4           5   1.5073123699848667     
           5           6   1.3648527985268371     
           6           7   1.1925200856872959     
           7           8   1.6304517015957114     
           8           9   1.5707413946118876     
           9          10   1.1051060054819881     
          10          11   2.7770544056767053     
           9          12  0.97223919747646936     
           8          13  0.17884792682218789     
          12          13   1.6598959729149201     
          13          14   1.1174970961632897     
          14          15   1.2723885062079670     
          15          16   1.7068883427626560     
          16          17   1.3430685762500332     
          17          18   1.0035445476221689     
          18          19   1.1248377576974329     
          19          20   1.1579130901165200     
          20          21   1.2740625136236881     
          21          22   1.6671194397860341     
          21          23  0.20017457880620854     
          22          23   1.5845644846717126     
          19          24  0.11139567724681929     
          21          24  0.21039631377498105     
          23          24   1.5639123528826606     
          20          25   1.2673695970354562     
          22          25  0.23655330610551858     
          23          25  0.20021102039609376     
          24          25   1.6419158203489796     
          15          26  0.10410603083088270     
          17          26   1.2384218966897778     
          26          27   1.0112778347316491     
          14          28   1.3295679724306089     
          15          28  0.31252962597477169     
          16          28  0.16068049170726692     
          26          28   1.4457035088829149     
           6          29   1.1205955524776159     
          12          29   1.0555251344227454     
           5          30  0.45095894016034549     
          29          30   1.5014133196567174     
           4          31   1.1071724283643842     
          30          31   1.3719703065166482     
          31          32   1.2141531658879678     
          32          33   1.4114440831269903     
          32          34  0.18555040221921437     
          33          34   1.4052822146529980     
          33          35   1.0225787210629584     
          35          36   2.3376398631643274     
          35          37  0.15930529565683599     
          36          37   1.2997785422907440     
          37          38   1.3409589511198137     
          38          39  0.89799528316571697     
          39          40   1.4834694680646370     
          37          41  0.14557075312468423     
          38          41  0.10319841163194356     
          39          41   1.4356742707163277     
          40          41  0.67491464853569161     
          38          42  0.91050152335651802     
          40          43  0.13794983579300032     
          41          43  0.13061993352937720     
          42          43   1.4712925024849415     
          40          44  0.20730717028818271     
          41          44  0.15473231269644541     
          42          44   1.4468624174573694     
          43          44  0.70004466654216668     
