           1           2   2.1749510276916797     
           1           3  0.11382972591656820     
           2           3   1.1245740697036779     
           3           4   1.1109499244773613     
           4           5   1.4573776164060819     
           5           6   1.4172298701568096     
           6           7   1.1706435167323674     
           7           8   1.6667417043875123     
           8           9   1.5896543637802925     
           9          10   1.0988092790273345     
          10          11   2.7930036394774720     
           9          12  0.98604119081934061     
           8          13  0.11393365112462470     
          12          13   1.6768605929252069     
          13          14   1.0974753094614667     
          14          15   1.2969257714260003     
          15          16   1.6094827610128624     
          16          17   1.4570681796055369     
          17          18   1.1234435969289360     
          14          19   1.3342611925726144     
          15          19  0.27704516937633050     
          16          19  0.19651705984132656     
          18          19   1.3853848277659249     
          16          20  0.17192881746409500     
          18          20   1.1753162092345313     
          20          21   1.3805280182539783     
          17          22   1.0266436794581997     
          21          22   1.0871681199319687     
          20          23  0.16705741954189268     
          21          23  0.13534678976477149     
          22          23   1.3190277264303767     
          23          24   1.0572150247845473     
          24          25   1.3239657451268811     
          25          26   1.6375631117890561     
          24          27  0.11076611475602055     
          25          27  0.18046231072306751     
          26          27   1.6191866681882052     
          25          28  0.21411647792728042     
          27          28   1.6106762897383271     
          24          29   1.3208108201839559     
          26          29  0.21694812849311068     
          27          29  0.17467858523556989     
          28          29   1.6396802400814714     
           6          30   1.0906639411096286     
          12          30   1.0245949745057448     
           5          31  0.48785652956672049     
          30          31   1.5537002161623605     
           4          32   1.0610844708763194     
          31          32   1.3166652752215162     
          32          33   1.3370666661903239     
          33          34   1.1874694580819944     
          33          35  0.10132756163923327     
          34          35   1.6618137043107235     
          34          36  0.97901524815871999     
          36          37   2.2738028297919550     
          37          38   1.3491589085158882     
          38          39  0.96069864964357232     
          36          40  0.15377194672562544     
          38          40  0.46619795876115155     
          39          40   1.3541516359184966     
          36          41  0.13391688888135805     
          38          41  0.45889767414893490     
          39          41   1.3491018540914388     
          40          41  0.52330203070338799     
