           1           2   2.5798401800852502     
           2           3  0.90612157300830209     
           1           4  0.14109375353185605     
           3           4   1.7044425095207649     
           3           5   1.1868545735021860     
           5           6   1.2538764167623440     
           6           7   1.2028908113178622     
           7           8   1.8120099506455853     
           8           9   1.2579077903744311     
           9          10   1.2638007478198732     
           7          11  0.10377979105808710     
          10          11   1.5601405698983133     
          11          12   1.6134996181178882     
          12          13   1.2212725191241143     
          11          14  0.16263387795645501     
          13          14   1.3316276631158639     
          14          15   1.2314804325746309     
          15          16   1.2215269098956512     
          16          17   1.7271197005580239     
          17          18   1.3626135335354916     
          18          19   1.0022669097362797     
          18          20   1.2571680876837723     
          20          21   1.0068756687570284     
          15          22   1.2799407964414298     
          16          22  0.35581828947532979     
          17          22  0.14209681792964049     
          20          22   1.4699537075000859     
           9          23   1.1179415644013730     
          13          23   1.1667468322299122     
           6          24   1.2865627083291789     
           7          24  0.17119518208687698     
           8          24  0.17314149649932528     
          23          24   1.4045454400791351     
