           1           2   1.5779346271474100     
           1           3  0.11680800372853685     
           2           3   1.0139934154109049     
           3           4   1.2711932779892354     
           1           5  0.16599667336411630     
           4           5   1.7815323149706266     
           5           6   1.2881179759443706     
           4           7  0.10657746637792918     
           6           7   1.2820617374495789     
           7           8   1.2126654907649281     
           7           9  0.11147521974994816     
           8           9   1.6846429849818279     
           8          10  0.91485478171922496     
          10          11   1.0480478595848821     
          11          12   2.7915963068026537     
          10          13   1.7963923011970051     
          12          13  0.15718391897342590     
          13          14   1.2159962815534764     
          13          15  0.13489832707351798     
          14          15   1.1431339166229852     
          13          16  0.19339076574293704     
          15          16   1.7497171482885852     
          16          17   1.2226728276772827     
          15          18  0.19440513524808070     
          17          18   1.5947554131929487     
          17          19  0.96971539961136322     
          16          20  0.10360336263284853     
          18          20  0.14505945381767410     
          19          20   1.5589082315035212     
          14          21   1.3973050852150048     
          15          21  0.31701602387447136     
          16          21  0.27918515709091718     
          19          21   1.2671257163200018     
           6          22   1.1350769662204045     
          22          23   1.0403063014256024     
           5          24  0.22978202524823835     
          22          24  0.14870936665686416     
          23          24   1.5633777118568812     
           1          25  0.10777029206942676     
           3          25   1.3242850715754519     
           4          25  0.28004310479318084     
           5          25  0.13373206938149421     
          22          25   1.3787725805725555     
          24          25  0.33907785672908763     
