           1           2   1.5422154078676755     
           1           3  0.26854585682939491     
           2           3   1.0172860983677983     
           3           4   1.3370403226634757     
           3           5  0.18720605693490916     
           4           5   1.0986793557669432     
           5           6   1.2713172246484417     
           5           7  0.15153435795685460     
           6           7   2.5278635927690680     
           7           8   1.0199586177277538     
           8           9   1.6538330631485016     
           8          10   1.1931641159569382     
           9          10  0.11122758673232477     
          10          11   1.2551725116255479     
          11          12   1.2084236937950505     
          10          13  0.12890689221628865     
          12          13   1.7651033865495138     
          13          14   1.2679454187272421     
          14          15   1.2333009186058048     
          12          16  0.15293166975212932     
          15          16   1.5908648268900230     
          16          17   1.5853419213087663     
          17          18   1.2203400005295606     
          16          19  0.14833951177390908     
          18          19   1.3375533592404107     
          19          20   1.1884540434104842     
          20          21   1.2769678205655661     
          21          22   1.6288814820339796     
          21          23  0.39744499147128287     
          22          23   1.6197712434364264     
          23          24   1.3590456659045356     
          24          25  0.99296899580302744     
          20          26   1.3116076859180612     
          21          26  0.15839266547904335     
          22          26  0.39566082728786661     
          23          26  0.14631325761190184     
          24          26   1.4282055031538203     
          14          27   1.1316672375349677     
          18          27   1.1655910607873081     
          11          28   1.2877585834564462     
          12          28  0.21590257987893316     
          13          28  0.16173101461166239     
          27          28   1.3940548987701147     
