           1           2   2.1799006395805383     
           1           3  0.11214498759379993     
           2           3   1.1199723285604117     
           3           4   1.1153505511040933     
           4           5   1.4723848661728809     
           5           6   1.4027200236293329     
           6           7   1.1840525671924771     
           7           8   1.6282521970506172     
           8           9   1.5824300852611486     
           9          10   1.1032502524635570     
          10          11   2.7780002906725527     
           9          12  0.97046142669742841     
           8          13  0.18521196181596494     
          12          13   1.6731552660067441     
          13          14   1.1177620149032335     
          14          15   1.2758900884560478     
          15          16   1.7182172543408374     
          16          17   1.3432893416931808     
          17          18   1.0123393613580032     
          18          19   1.1314359251378843     
          19          20   1.1772415027574430     
          20          21   1.2651488148480416     
          21          22   1.6662158789738448     
          21          23  0.20181874794160126     
          22          23   1.5827995088004088     
          19          24  0.11100511559670000     
          21          24  0.21421622688045378     
          23          24   1.5641780911536882     
          20          25   1.2590011235675811     
          22          25  0.24780606945045877     
          23          25  0.20313395421946820     
          24          25   1.6390211645932995     
          15          26  0.10351044454453646     
          17          26   1.2352942326526322     
          26          27   1.0075164120416484     
          14          28   1.3253558022129421     
          15          28  0.31209590247030827     
          16          28  0.16009409036237351     
          26          28   1.4475085846483620     
           6          29   1.1003102077746283     
          12          29   1.0438684872640136     
           5          30  0.53354354986628449     
          29          30   1.5444512135794659     
           4          31   1.0459559772560469     
          30          31   1.3379335534734000     
          31          32   1.3396540623662634     
          32          33   1.1721107211109421     
          33          34   1.6683553716719874     
          33          35  0.98929900406220850     
          35          36   2.2814111034436539     
          35          37  0.15530531882777890     
          36          37   1.3456917187838298     
          37          38   1.2109903418951844     
          38          39   1.1156460504001149     
          37          40  0.11732348280377716     
          39          40   1.4644223060062547     
          39          41  0.16980164678713466     
          40          41   1.5286682620321312     
          39          42  0.23932246190770856     
          40          42  0.25105915149892855     
          41          42   1.4135422613117585     
          38          43   1.0617223741723396     
          39          43  0.10613329962376586     
          40          43  0.10651069624622130     
          41          43  0.29841888924206611     
          42          43   1.3703899870469496     
