   -0.29515308
    0.31063009
   -0.02687822
    0.03369928
    0.07723898
    0.02604959
   -0.02304503
    0.00910665
    0.06772412
    0.06809236
   -0.02047525
   -0.01957546
    0.11891219
   -0.15828478
    0.17026563
   -0.17239805
    0.19839169
   -0.12789218
    0.14036824
   -0.04937377
   -0.08189065
    0.17024490
   -0.13047946
    0.04521809
    0.07413576
    0.02664716
   -0.01732136
    0.00321938
    0.20615743
   -0.15799545
   -0.07963988
    0.08937826
   -0.06551157
   -0.08512477
    0.00269893
   -0.06981490
   -0.06772104
    0.02884034
   -0.21844418
