           1           2   1.7022282644305951     
           2           3   1.0175848504536358     
           1           4  0.10992345689379354     
           3           4   2.5032899392591759     
           4           5   1.0868350714045534     
           5           6   1.3328948737998094     
           6           7   1.6375937305359300     
           5           8  0.10064970496710107     
           6           8  0.39458847426440086     
           7           8   1.6222476875924940     
           6           9  0.11147477387440594     
           8           9   1.3537977226790896     
           9          10  0.99696101086942035     
          10          11   1.3248138395961906     
          11          12   1.8439402041135495     
          12          13   1.3627783248306393     
          13          14   1.0442110036278878     
          11          15  0.12118083742697294     
          14          15   1.7370956315301480     
          15          16   1.6280582601498788     
          16          17   1.1973178397886766     
          16          18  0.12030197165295083     
          17          18   1.5442509017320296     
          18          19   1.1876835284612632     
          19          20   1.2191288716937319     
          20          21   1.7737933133833805     
          21          22   1.3106314921386950     
          22          23   1.0615219138547767     
          23          24   1.1306116094459162     
          24          25   1.1348591187362835     
          25          26   1.3012972238230547     
          26          27   1.6846539555461586     
          24          28  0.11832275178023756     
          26          28  0.32247476360523908     
          27          28   1.6027446529761702     
          26          29  0.10078411547572963     
          28          29   1.3485383525079468     
          29          30  0.99847006880588829     
          25          31   1.3306660393163336     
          26          31  0.16526579926480220     
          27          31  0.43861103417511510     
          28          31  0.15438587847736102     
          29          31   1.3874996421833421     
          22          32   1.1820757713399443     
          32          33   1.0102897098746757     
          19          34   1.2922400354629033     
          20          34  0.27238207571126571     
          21          34  0.20082604008797472     
          24          34  0.10446226936404600     
          32          34   1.4929170051210123     
          11          35  0.10433596708391352     
          13          35   1.2028390019523310     
          17          35   1.0079600617506841     
          10          36   1.3928528258096127     
          12          36  0.20325277571338077     
          35          36   1.4375577125842722     
           5          37   1.3549701911666809     
           6          37  0.15372017920449971     
           7          37  0.41105976361410346     
           8          37  0.16029695493191584     
           9          37   1.4025454424551944     
           2          38   1.1113988523073401     
          38          39   1.5689733332720210     
