   -0.09739922
    0.08483496
   -0.10750452
    0.16327512
   -0.08617216
    0.12167976
   -0.11623362
    0.06460874
    0.03380653
    0.12419648
   -0.17706868
    0.12803404
   -0.14158991
    0.14131573
   -0.05812103
   -0.04292281
    0.16175868
   -0.13013455
    0.02072814
    0.07376760
   -0.02236262
    0.00173110
    0.01884340
   -0.00021796
   -0.01767204
    0.09610953
   -0.07814977
   -0.05487517
    0.02038381
   -0.04711127
    0.11618706
   -0.22246491
    0.32756203
   -0.36665991
    0.00136795
    0.01859083
   -0.01582789
    0.10879663
   -0.00466280
    0.01195551
   -0.09364996
    0.07297414
    0.05684926
   -0.10677608
    0.05401886
    0.01631852
   -0.12009286
    0.08723286
   -0.01925751
