           1           2   1.9590022752918521     
           2           3   1.1289347646632093     
           3           4   1.0918498107146104     
           4           5   1.4691662758110069     
           5           6   1.3768011631897143     
           6           7   1.2475600671405123     
           7           8   1.6499163893969757     
           8           9   1.4100293026771045     
           9          10   1.0820692940401135     
          10          11   2.8124098961314523     
           9          12   1.2016703786418765     
           8          13  0.19749354838808109     
          12          13   1.3194679003105869     
          13          14   1.2201298402005949     
          14          15   1.2221796795081754     
          15          16   1.6844939122775320     
          16          17   1.3578883655707576     
          17          18   1.0111948996986102     
          18          19   1.3326104061879032     
          19          20   1.0274087367910227     
          20          21   1.3427151041884711     
          21          22   1.6637891128853635     
          20          23  0.12290710178220866     
          21          23  0.18198907003953049     
          22          23   1.6065013670940782     
          21          24  0.21292902752807868     
          23          24   1.6055627802321992     
          20          25   1.3388810492990901     
          22          25  0.20712593571918719     
          23          25  0.18235589361726071     
          24          25   1.6646253986457953     
          17          26   1.2509068513258539     
          26          27   1.0027585279148323     
          14          28   1.2842567311203061     
          15          28  0.35087224552363760     
          16          28  0.16400573891195488     
          26          28   1.4568564290063923     
           6          29   1.0671406914712285     
          12          29   1.1592795893257175     
           5          30  0.38301099975368585     
          29          30   1.4553549077369965     
           4          31   1.0747368844804635     
          30          31   1.3724721594804516     
          31          32   1.2754759146440675     
          32          33   1.1983660594684777     
          32          34  0.11212861821528876     
          33          34   1.6592163352832074     
          33          35  0.97560316799031011     
          35          36   2.2308382619466589     
          35          37  0.18864988046343845     
          36          37   1.3851921818977193     
          37          38   1.0427270193749427     
          37          39  0.12518203911654133     
          38          39   1.2916589479798091     
          39          40   1.4764329212532001     
          40          41   1.1812638333136740     
          40          42  0.20700410239461939     
          41          42   1.1927196512413361     
          42          43   1.5988518363736390     
          43          44   1.0696421594929180     
          43          45  0.14374073663924342     
          44          45   1.1796898532604081     
          44          46  0.12411055181083397     
          45          46   1.8894584110421604     
          46          47   1.0550175638842629     
          39          48  0.13227069497657207     
          47          48   1.1912445756309329     
          37          49  0.12064867019436586     
          38          49   1.1058824456507987     
          39          49  0.10229603448156807     
          48          49   1.7105251707346569     
