   -0.09316840
    0.10566757
   -0.11149581
    0.15794851
   -0.08550842
    0.11855842
   -0.11282560
    0.06259864
    0.03584405
    0.12395313
   -0.17637417
    0.13124742
   -0.14942549
    0.13712828
   -0.02085457
   -0.03462095
    0.16195577
   -0.13005588
    0.02206722
    0.07595630
   -0.01654170
    0.00511600
    0.02740828
    0.00697458
   -0.01177611
    0.09069428
   -0.08866381
   -0.09954158
    0.02397072
   -0.06713701
    0.09566153
   -0.15864071
    0.29828936
   -0.34971043
    0.00560043
    0.00902953
    0.02643929
    0.06047578
   -0.03224623
   -0.02460029
    0.00554114
   -0.02493905
