           1           2   1.2952352729284748     
           1           3  0.59198320871699173     
           2           3   1.3213021771704339     
           2           4   1.1147367830836887     
           1           5  0.10466827970234596     
           4           5   2.4734629475964325     
           5           6  0.98564411024686294     
           6           7   1.6757856551622412     
           6           8   1.1832501539584523     
           8           9   1.3069913838483829     
           9          10   1.1985438023392967     
          10          11   1.8044636768859950     
          11          12   1.2944612071793506     
          12          13   1.1762337675329912     
          10          14  0.13092378239940625     
          13          14   1.5480459370877460     
          14          15   1.7778900918484799     
          15          16   1.0999896937484930     
          16          17   1.6272965013731064     
          17          18   1.1030047732233885     
          18          19   1.3086096791625697     
          19          20   1.6152566220698543     
          19          21  0.39051111031220742     
          20          21   1.6332349741909296     
          19          22  0.10014300655330764     
          21          22   1.3648718119569383     
          22          23  0.99379839487533628     
          18          24   1.3551934611392618     
          19          24  0.16384761130477471     
          20          24  0.37259498461071339     
          21          24  0.15340862767355523     
          22          24   1.4191308450772790     
          12          25   1.1460389460018319     
          16          25   1.0149213911513955     
           9          26   1.2342960220939261     
          10          26  0.14592420490323058     
          11          26  0.20261176248440110     
          25          26   1.4991290658878820     
