           1           2   1.5415253469915726     
           1           3  0.10273004686371034     
           2           3   1.0235161692068844     
           1           4  0.14050783292323243     
           3           4   1.4478450682030644     
           4           5   1.3915520151825025     
           5           6   1.1615726204974441     
           6           7   1.6782833502515353     
           7           8   1.5787534348728023     
           8           9   1.0978438192348596     
           9          10   2.7934056204591862     
           8          11   1.0025457349515865     
          11          12   1.6639130284083974     
          12          13   1.1003099411920529     
          13          14   1.3028433476574475     
          14          15   1.6205955614476242     
          14          16  0.38265631810260375     
          15          16   1.6267312144467208     
          14          17  0.10131112630044209     
          16          17   1.3671884389427058     
          17          18  0.99559905169142271     
          13          19   1.3517377975659315     
          14          19  0.16234238670045939     
          15          19  0.40699559259966145     
          16          19  0.15725266432347562     
          17          19   1.4173194605858204     
           5          20   1.1183543833169483     
          11          20   1.0238316476677118     
           4          21  0.36974442445569650     
          20          21   1.5251786592635694     
           3          22   1.1002062811771336     
          21          22   1.3275756431396402     
           1          23  0.11080899492656719     
          22          23   1.2921574402624980     
          23          24   1.1820821227802978     
          23          25  0.11110617351575595     
          24          25   1.6480568845817600     
          24          26   1.0246970786274097     
          26          27   2.5327724514897274     
          27          28   1.2510629920359713     
          28          29   1.0657805232358990     
          29          30   1.2721745539959970     
          28          31  0.43574292427514083     
          29          31   1.2964105589433887     
          30          31  0.52832428718625635     
