           1           2   2.0815689833560662     
           1           3  0.11693260274207566     
           2           3   1.1840474618857264     
           3           4   1.0528176283112314     
           1           5  0.13995346574164988     
           2           5  0.10641658262575843     
           4           5   1.6400855440955717     
           5           6   1.1324758886997153     
           6           7   1.0980825690722782     
           6           8  0.10395119435816168     
           7           8   1.7858845214722208     
           7           9  0.94749331068482290     
           9          10   1.5534890323182535     
          10          11   1.1544129878943266     
           9          12  0.11802668249209326     
          11          12   1.5920462651933933     
          12          13   1.5869020375876488     
          13          14  0.83741263322497572     
          14          15   1.7638013473290697     
          14          16   1.2094662996955898     
          15          16  0.12236694188210803     
          16          17   1.2782044776689885     
          17          18   1.2372258263620040     
          18          19   1.5956365200203166     
          19          20   1.6876044501626351     
          20          21   1.1560814378113591     
          19          22  0.19372879684831898     
          21          22   1.2874893479152612     
          22          23   1.2481066362964774     
          23          24   1.2180021972461499     
          24          25   1.7767675576588902     
          25          26   1.3619928170893156     
          26          27   1.0074816047189097     
          26          28   1.2448589057505786     
          28          29   1.0085371002179024     
          23          30   1.2688266122304399     
          24          30  0.33240320324585892     
          25          30  0.14600079997639920     
          28          30   1.4578304367248098     
          13          31   1.0704360467885561     
          17          31   1.2160606428578788     
          21          31   1.2962779663037258     
          11          32  0.93916400991417470     
          10          33  0.17670132181169351     
          11          33  0.10179473762074376     
          32          33   1.6148647602831470     
           9          34   1.1341644152541059     
          32          34   1.3218729895694392     
          33          34  0.38050254187315058     
           1          35  0.11149366050067040     
           5          35  0.10137948575513545     
           6          35   1.1350937568503972     
           1          36  0.11791961375825358     
           2          36  0.12491250559325533     
           3          36   1.1269430116538559     
           4          36  0.17176529908847590     
          35          36   1.3728305489709325     
