           1           2   1.5559409193521683     
           1           3  0.11900702134740243     
           2           3   1.0325978220236105     
           1           4  0.13114420143880870     
           3           4   1.6687484738849869     
           4           5   1.3010822377764297     
           5           6   1.4931408091497633     
           6           7   1.1290890631616679     
           7           8   1.0768703148800363     
           8           9   2.7665656958783504     
           7          10   1.0831011211199688     
          10          11   2.7707236000145610     
           6          12  0.92167984204536402     
          12          13   1.7221807886638276     
          12          14   1.1503787766257312     
           5          15  0.90210688938065198     
          14          15   1.4555082543764009     
           1          16  0.12001370475549117     
           4          16  0.33794409125544272     
          15          16   1.3820978567542659     
           3          17  0.85613590164136433     
          16          17   1.1504475077556002     
          16          18  0.13119063231158848     
          17          18   1.7705794410857976     
