   -0.10531747
    0.07564811
   -0.10379771
    0.16079977
   -0.08283408
    0.11765954
   -0.14495461
    0.08069114
    0.00619759
    0.11898548
   -0.21531176
    0.12889020
   -0.09682959
    0.12244737
   -0.05477115
   -0.07712834
    0.16405072
   -0.14686344
    0.03714927
    0.06410356
    0.01676704
    0.02902801
    0.01407380
    0.06160689
   -0.03783558
    0.03171138
    0.03977427
   -0.03960916
    0.04577503
    0.08859723
   -0.07829220
   -0.08789739
    0.01793089
   -0.04046166
    0.12063502
   -0.21345242
    0.32517640
   -0.33389709
   -0.01108230
    0.02564998
   -0.02812559
    0.17650972
   -0.07494542
   -0.09645146
