           1           2   1.9574444564584719     
           2           3   1.1384510224642925     
           3           4   1.1012133108077458     
           4           5   1.4922986546241188     
           5           6   1.3915813127516672     
           6           7   1.1933682212767946     
           7           8   1.6121178514920207     
           8           9   1.5639591185403388     
           9          10   1.1057834446225319     
          10          11   2.7728422804427373     
           9          12  0.97708141611632904     
           8          13  0.18641988428562120     
          12          13   1.6640799572512139     
          13          14   1.1232412348026961     
          14          15   1.2636664960050661     
          15          16   1.7453865131662980     
          16          17   1.3259474994647575     
          17          18   1.0416841052961556     
          18          19   1.1302074624390874     
          19          20   1.1926064426552934     
          20          21   1.3220542518331906     
          19          22  0.15215591358351535     
          21          22   1.6457071454973931     
          19          23  0.16096460136806320     
          20          23  0.10458448222791478     
          21          23  0.21109013044259856     
          22          23   1.6579621062594831     
          23          24   1.2837557488411186     
          24          25   1.2792464048732826     
          25          26   1.7347538216500611     
          25          27  0.14447874922083506     
          26          27   1.6898940917947483     
          25          28  0.40598004950703653     
          26          28  0.10844343183334730     
          27          28   1.7110327016841027     
          20          29   1.1563512655798796     
          24          29   1.1146411911397773     
          28          29   1.3700076188277097     
          17          30   1.2111711287166564     
          30          31   1.0018168823569218     
          14          32   1.3258694747261670     
          15          32  0.29937349896825227     
          16          32  0.18150495907931932     
          30          32   1.4634088909303127     
           6          33   1.1001462369756434     
          12          33   1.0468504682943416     
           5          34  0.48910218895037949     
          33          34   1.5385322252666325     
           4          35   1.0488527173578110     
          34          35   1.3347395750352680     
          35          36   1.3371438482719187     
          36          37   1.1711169024334607     
          37          38   1.6720662913607958     
          37          39  0.98712629561089116     
          39          40   2.2864008006498744     
          39          41  0.16002306515927089     
          40          41   1.3270370599769654     
          41          42   1.0586379515661206     
          42          43   1.2786791869193368     
          41          44  0.39222508212580309     
          42          44   1.2943067194522324     
          43          44  0.49617046541643300     
