           1           2   1.4892814720770862     
           2           3   1.0865861424826111     
           3           4   1.2442434550869153     
           4           5   1.1262176276161218     
           3           6  0.10554675015158040     
           5           6   2.6301311184378817     
           6           7   1.0162026147250895     
           7           8   1.4322619653389017     
           7           9   1.4354965052517195     
           8           9  0.24730125988156948     
           9          10   1.2056098990859612     
          10          11   1.2505930266474063     
          11          12   1.7657319092397508     
          12          13   1.2988690907448277     
          13          14   1.1790951191785997     
          11          15  0.17286042658801301     
          14          15   1.6503249875704806     
          15          16   1.5777763143452797     
          16          17   1.0997525054862667     
          17          18   2.7946754555758546     
          16          19  0.98955903938171985     
          19          20   1.6583988804621170     
          20          21   1.0982488662203598     
          21          22   1.3074978657602452     
          22          23   1.6111624361089849     
          22          24  0.39175163415400616     
          23          24   1.6342479486018249     
          24          25   1.3647613470973878     
          25          26  0.99809695632978690     
          21          27   1.3585933462667119     
          22          27  0.16830304644148494     
          23          27  0.39720174992881979     
          24          27  0.15191743570242877     
          25          27   1.4160343930437367     
          13          28   1.1392952484716221     
          19          28   1.0499736099989989     
          10          29   1.2641899986219451     
          11          29  0.15657193679674147     
          12          29  0.25248859277443431     
          28          29   1.4832093851058816     
