           1           2   2.5594461889207634     
           2           3  0.93146869165470259     
           1           4  0.17384112340164265     
           3           4   1.6385461874651583     
           3           5   1.2160978657710602     
           4           5  0.12066923338929506     
           5           6   1.2569469806134115     
           6           7   1.3531781119415172     
           7           8   1.5041538491672322     
           8           9  0.97998489270689215     
           9          10   1.5698531478651381     
          10          11   1.1212626318457226     
          11          12   1.3147196494472237     
          12          13   1.5931170164360065     
          12          14  0.35488302152046114     
          13          14   1.6795391622475455     
          14          15   1.2143650860362629     
          12          16  0.13720040173711212     
          15          16   1.3800830003040283     
          11          17   1.3359440729513936     
          12          17  0.16347452715318186     
          13          17  0.38185661720968617     
          14          17  0.16821796724636282     
          15          17   1.2592477205337798     
          16          17  0.14200200713183822     
           9          18   1.1996828964599964     
          10          18  0.11417322380446156     
          18          19   1.6788788932956644     
          19          20   1.7082556085680380     
           8          21   1.1471224560471431     
          20          21   1.0734560394182784     
           7          22  0.46060352313322639     
          21          22   1.4087976662189585     
           6          23   1.0959055730695595     
          22          23   1.4634230030166282     
          23          24   1.0583393550389233     
          24          25   1.2015989981924418     
          25          26   1.3762221601430189     
          25          27  0.12605162784811375     
          26          27   1.8055349840522044     
          27          28   1.1380387493775166     
          28          29   1.0794906510237852     
          29          30   1.3660795464703781     
          30          31   1.1935066083887678     
          27          32  0.18539273305381587     
          31          32   1.1218271628438961     
          28          33   1.0597737185431675     
          29          33  0.18857633620521122     
          32          33   1.5045001082984351     
