           1           2   1.8380536116667587     
           2           3  0.98211523349074725     
           3           4   1.1869367216372586     
           3           5  0.11478541571646145     
           4           5   1.9311743744487453     
           5           6  0.86322909951365867     
           4           7  0.11949970993829517     
           6           7   1.6489256544427597     
           4           8  0.15100075171193800     
           5           8  0.11898832077531421     
           6           8   1.3528595481974515     
           7           8  0.20893587425164636     
           3           9   1.3895184587270029     
           1          10  0.15582753258074350     
           9          10   1.4938875339962014     
           2          11  0.97284479770968280     
          10          11   1.2069222955316321     
           9          12  0.21474024984743237     
          11          12   1.4896745608525264     
          12          13   1.5348533009221315     
          13          14  0.80059231497585603     
          14          15   1.7532792148345011     
          14          16   1.2245153789924064     
          15          16  0.12373519307982778     
          16          17   1.2455330669143905     
          17          18   1.3619315299380734     
          18          19   1.4304317937503817     
          19          20  0.99184179424321206     
          20          21   1.3586298018717926     
          21          22   1.6390347740617723     
          20          23  0.11675960311429738     
          21          23  0.31537318009125637     
          22          23   1.6356998546316290     
          23          24   1.3035860081529882     
          24          25   1.0182152437213754     
          23          26  0.10329235267033605     
          25          26   1.5501799658386770     
          20          27   1.4041382949711143     
          21          27  0.14078202195481684     
          22          27  0.36954766426720553     
          23          27  0.15490485570322962     
          24          27   1.3495197879977969     
          26          27  0.15434249632367375     
          18          28  0.22404604582642546     
          19          28   1.2924174425714985     
          16          29  0.10889071486607210     
          18          29  0.23297043118099825     
          28          29   1.6087142108496908     
          13          30   1.0602841082172112     
          17          30   1.0975148737101086     
          29          30   1.4537938384707521     
