           1           2   2.1700147159758294     
           1           3  0.11555096596809408     
           2           3   1.1296503271944187     
           3           4   1.1082221883462526     
           4           5   1.4651766835454070     
           5           6   1.3946018717941182     
           6           7   1.2396393593277604     
           7           8   1.6802624636866277     
           8           9   1.3772169078765606     
           9          10   1.0797320458556006     
          10          11   2.8169900031709596     
           9          12   1.2368076639068684     
           8          13  0.15855650069843488     
          12          13   1.2382037626081681     
          13          14   1.3007137923505740     
          14          15   1.1947514959389860     
          15          16   1.8405640206033995     
          16          17   1.2935293784268675     
          17          18   1.1012300702405380     
          18          19   1.1534664813132596     
          19          20   1.2063092467544900     
          20          21   1.2478068603866741     
          21          22   1.6276035300950420     
          21          23  0.18558625337412255     
          22          23   1.5895472718205819     
          21          24  0.24741757112200971     
          23          24   1.6062486613412443     
          20          25   1.2469956995675096     
          22          25  0.21381005222136781     
          23          25  0.19133070129138793     
          24          25   1.6424737229951896     
          17          26   1.1679730346884660     
          26          27   1.0129088212549897     
          14          28   1.2394294276950975     
          15          28  0.29107448985720075     
          16          28  0.17388370540528247     
          26          28   1.5091895133881255     
           6          29   1.0624444422229165     
          12          29   1.1830067590803814     
           5          30  0.51720705144130830     
          29          30   1.4429763635121415     
           4          31   1.0560908757446339     
          30          31   1.3886719158528071     
          31          32   1.2816635915382983     
          32          33   1.1978112517128838     
          32          34  0.11042515783318566     
          33          34   1.6562331670363160     
          33          35  0.97806282619279294     
          35          36   2.2245997704132066     
          35          37  0.12561648821971583     
          36          37   1.3886741654533086     
          37          38   1.0577133327461936     
          37          39  0.18356981667297614     
          38          39   1.2673638761344019     
          39          40   1.0576003406321541     
          40          41   1.4050298466725546     
          39          42  0.18855700182420473     
          40          42   1.2785105550373892     
          41          42  0.30197326210480202     
          37          43  0.11095282241625692     
          38          43   1.0678666260488641     
          39          43  0.15889235650919728     
          41          43  0.11196800239507926     
          43          44   1.1309810872832737     
          43          45  0.18134434060952120     
          44          45   1.3570560941263075     
          43          46  0.11689767056825612     
          44          46   1.2750985406529660     
          45          46  0.40692208557221460     
