           1           2   1.6515262801871000     
           2           3   1.0286799954044183     
           3           4   2.4997394648864102     
           4           5   1.2991201714530896     
           5           6   1.1617456119167466     
           6           7   1.1366736862524771     
           7           8   1.4224627744686353     
           8           9   1.1464142879515038     
           5          10  0.11845069805872062     
           7          10  0.13387679967760224     
           8          10  0.18965992638274942     
           9          10   1.1316519862537380     
           5          11  0.10470472086205633     
           6          11   1.1277760699593715     
           7          11  0.16292024121023885     
           8          11  0.19856062724704332     
          10          11   1.4099795732804261     
           1          12  0.11424073160843919     
           2          12   1.1857926800679188     
          12          13   1.2603445449908408     
          13          14   1.2069196062200669     
          12          15  0.12509063891656297     
          14          15   1.7617946605579340     
          15          16   1.2689176077047246     
          16          17   1.2326524401002883     
          14          18  0.15078263116837351     
          17          18   1.5913315881951233     
          18          19   1.5880910352223427     
          19          20   1.2183251006731473     
          18          21  0.14824531459490070     
          20          21   1.3409591635825664     
          21          22   1.1860722797158678     
          22          23   1.2781499267546501     
          23          24   1.6288833411290067     
          23          25  0.39662371055356860     
          24          25   1.6197362077193260     
          25          26   1.3591946726766073     
          26          27  0.99369432862972018     
          22          28   1.3127578812188314     
          23          28  0.15787857284965701     
          24          28  0.38915018326838596     
          25          28  0.14640752801157428     
          26          28   1.4275282066802224     
          16          29   1.1326494975436672     
          20          29   1.1647324475257808     
          13          30   1.2832459385632173     
          14          30  0.21749344891859820     
          15          30  0.14838990455278242     
          29          30   1.3936688313316918     
