           1           2   2.7979758324843798     
           2           3   1.0741171160206462     
           1           4  0.13595499192090971     
           3           4   1.8099301144672248     
           4           5   1.2259215676680679     
           5           6   1.3130014918869577     
           4           7  0.20532061308095054     
           6           7   1.6621542773575380     
           7           8   1.0579855216833371     
           6           9  0.13451619336666007     
           7           9  0.10048894258060018     
           8           9   1.8520824751412208     
           8          10  0.81155367938564005     
          10          11   1.8391173370866898     
           5          12   1.2219623414715270     
           6          12  0.28811327973384770     
           7          12  0.28935191410170780     
          10          12   1.0903897745389717     
           3          13  0.88140773464901090     
          13          14   1.7439725580647654     
          13          15   1.1473525651439984     
          14          15  0.12271066368806030     
          15          16   1.0763982173498257     
          16          17   1.4298778419858440     
          17          18   1.1332314273033866     
          18          19   1.3451718688369059     
          19          20   1.6924401723826341     
          18          21  0.10200121514487671     
          19          21  0.13528131209334149     
          20          21   1.8291271882463658     
          19          22  0.38525444150629462     
          20          22  0.11185844267205451     
          21          22   1.6049943202134760     
          15          23   1.0586104545295671     
          18          23   1.1522395048996761     
          20          23  0.10759230294931661     
          22          23   1.4336399756962366     
