   -0.14021473
    0.09838987
    0.21730568
   -0.34252354
    0.00498852
    0.00267000
    0.06259439
   -0.02107060
   -0.02552649
    0.05391369
    0.05138590
   -0.03823478
   -0.01780553
    0.12575457
   -0.18210609
    0.17170043
   -0.15333809
    0.19639803
   -0.13379195
    0.13179704
   -0.05377639
   -0.03651192
    0.14884624
   -0.12835220
    0.00313334
    0.06994434
    0.02047927
   -0.02175898
   -0.00499582
    0.20358541
   -0.16306242
   -0.07927208
    0.08844043
   -0.07917589
   -0.07342369
   -0.00261959
   -0.07044762
    0.11668123
