           1           2   1.8892245931052067     
           2           3  0.96940867144359422     
           3           4   1.6336509894853561     
           3           5   1.1198464699281470     
           4           6  0.11633334881586990     
           5           6   2.3737108182581941     
           6           7   1.2036854951954423     
           7           8   1.4367841372337384     
           8           9   2.0125886145449452     
           9          10   1.4731023726787094     
          10          11   1.0694214054936284     
          11          12   1.2950700642984430     
          12          13   1.7389209799287988     
          13          14   1.3415375288497335     
          14          15   1.1120535847844844     
          15          16   1.6192663947215902     
          15          17  0.10729757097746986     
          16          17   1.7575941456625981     
          17          18   1.1076025940338421     
          18          19   1.6125509728017837     
          19          20   1.1244339076022860     
          20          21   1.2704139502487586     
          21          22   1.7211038053607077     
          22          23   1.3390050643467926     
          23          24   1.0628079389446945     
          24          25   1.2963026973281169     
          25          26   1.0636832841858683     
          26          27   1.3394295043255617     
          27          28   1.6619727198938596     
          25          29  0.11018692526162423     
          26          29  0.11192293370611586     
          27          29  0.34536261319836237     
          28          29   1.6106088639831013     
          27          30  0.10242674128468350     
          29          30   1.3531767272039612     
          30          31  0.99491143575022600     
          26          32   1.3655684295818782     
          27          32  0.16402607038611583     
          28          32  0.41199814978891569     
          29          32  0.15734578264876364     
          30          32   1.3831037817959841     
          23          33   1.2327333550510893     
          33          34   1.0034282467842299     
          20          35   1.3259590097434253     
          21          35  0.32718303163028323     
          22          35  0.13999359495960867     
          33          35   1.4497619241396973     
          12          36  0.10049180569554431     
          14          36   1.1870582393790332     
          18          36   1.0121771450477786     
          11          37   1.3602122499054299     
          12          37  0.16672950484102611     
          13          37  0.18177663547522707     
          36          37   1.4462406323438959     
           7          38   1.0781314828631621     
           8          38  0.12056316519938712     
           9          38  0.11470899034063445     
          10          38   1.1345628664156862     
