           1           2   2.1151349263832278     
           1           3  0.35538982159438753     
           2           3   1.4746423896692624     
           3           4   1.0326723674593261     
           1           5  0.16933326679313143     
           3           5  0.28646017700523524     
           4           5   1.5372417872925774     
           1           6  0.10001232869588884     
           4           6  0.99379091744766812     
           5           6  0.33522210221759224     
           6           7   1.2818569633319710     
           6           8  0.11408719815258557     
           7           8   2.5208488490395187     
           8           9   1.0225070269890084     
           9          10   1.6574638050714954     
           9          11   1.1860085590488922     
          10          11  0.10601157313970624     
          11          12   1.2659246279511569     
          12          13   1.2122265422191130     
          11          14  0.13123301876037921     
          13          14   1.7335325187132837     
          14          15   1.3074369777874812     
          15          16   1.0950047069661120     
          13          17  0.10952657898581504     
          16          17   1.6936869536566856     
          17          18   1.6245454938071988     
          18          19   1.1555457130865125     
          17          20  0.11655258455984835     
          18          20  0.10779128295000863     
          19          20   1.5785440972805258     
          20          21   1.0886557735526585     
          21          22   1.3213863622379849     
          22          23   1.6214656226969064     
          21          24  0.10101863730910052     
          22          24  0.38562562936490347     
          23          24   1.6312590734322059     
          22          25  0.10135504565441295     
          24          25   1.3662520660390143     
          25          26  0.99553536776884721     
          21          27   1.3561300343903637     
          22          27  0.15755081911370383     
          23          27  0.37422110973115080     
          24          27  0.15471450653492252     
          25          27   1.4137036634111886     
          15          28   1.1921449759797915     
          19          28   1.0275580115530889     
          12          29   1.2572174259148137     
          13          29  0.24142344910617392     
          14          29  0.13231264479549995     
          28          29   1.4537718332477323     
