   -0.09379989
    0.08701496
   -0.11133918
    0.16246546
   -0.06772788
    0.11542139
   -0.12687861
    0.08794709
    0.02386373
    0.12510180
   -0.17816379
    0.13474317
   -0.11175522
    0.13104821
   -0.04524211
   -0.07558888
    0.16672102
   -0.14283572
    0.04415385
    0.08056573
    0.03989617
   -0.00557050
    0.03062903
    0.10714716
   -0.07402449
   -0.03681849
    0.08727673
   -0.06630896
   -0.07826169
    0.01305558
   -0.06996390
    0.12548042
   -0.18798591
    0.29893499
   -0.43343895
    0.01524988
    0.01457050
   -0.00255165
    0.19245605
   -0.08451424
   -0.09097287
