           1           2   2.5475157672579529     
           2           3  0.93405300905311006     
           1           4  0.17106157983028064     
           3           4   1.6907831350453679     
           3           5   1.1654711437298446     
           4           5  0.10198461420220147     
           5           6   1.5277621309721543     
           6           7   1.0285820307382427     
           7           8   1.9971756864732375     
           8           9   1.2302120497367681     
           9          10   1.2525578405335802     
          10          11   1.3414847269728354     
          11          12   1.2013718126575770     
          12          13   1.2634328573066207     
          13          14   1.6302936712787002     
          13          15  0.40203393421169470     
          14          15   1.6185560196458293     
          15          16   1.3492321194980541     
          16          17  0.99977760162195051     
          12          18   1.3064108511333068     
          13          18  0.16442349479042204     
          14          18  0.39644831497247335     
          15          18  0.14157796411735105     
          16          18   1.4190397700284407     
          10          19   1.1461111077542303     
          11          19  0.12854586462832465     
          11          20  0.17605000823053601     
          19          20   1.6164574997276628     
          20          21   1.6849609742137877     
           9          22   1.0459840363737152     
          21          22   1.1168180289188785     
           6          23   1.1680806589738713     
           8          23  0.25656339025389457     
          22          23   1.5339744172491567     
