           1           2   1.5959679649219072     
           1           3  0.30417709467964199     
           2           3   1.3397869773911291     
           3           4   1.1525757776425596     
           4           5  0.96699607449927583     
           5           6   1.7971973089048880     
           5           7   1.0616926624178757     
           7           8   1.2127527670006970     
           8           9   1.1244271293335173     
           8          10  0.17101811947562587     
           9          10   1.5009875466152789     
           8          11  0.17591090712489868     
           9          11   1.1703989481781290     
          11          12   1.1566774565293614     
          11          13  0.21182534258416541     
          12          13   1.5703708622402679     
           7          14   1.1776113749188983     
          11          14  0.12577467101749715     
          12          14   1.0492301350112554     
          13          14  0.35386112238403222     
           1          15  0.14085016164487107     
           4          15   1.5035113585352979     
           2          16  0.93015068761279007     
          15          16   1.1772311672398850     
           3          17  0.12309750305484120     
           4          17  0.11441600798509900     
          16          17   1.5967045382783356     
          17          18   1.4681493899110560     
          18          19  0.85315568819860277     
          19          20   1.7503488701932710     
          19          21   1.1983297585251613     
          20          21  0.10789893776625527     
          21          22   1.2934444972078138     
          22          23   1.2480660598582880     
          23          24   1.5807717119580822     
          24          25   1.6718774965113052     
          25          26   1.1665892484743776     
          24          27  0.16858499046282749     
          26          27   1.2908403791798786     
          27          28   1.2613653170695811     
          28          29   1.2105122767618111     
          29          30   1.7820015156081872     
          30          31   1.3555795323194728     
          31          32   1.0105423798336064     
          31          33   1.2442775801970645     
          33          34   1.0109167485059243     
          28          35   1.2647443618899408     
          29          35  0.32470167328990501     
          30          35  0.15191772182355751     
          33          35   1.4623970969949203     
          18          36   1.1336879497865222     
          22          36   1.1886744468761816     
          26          36   1.2838741995479754     
