           1           2   2.5803661162740354     
           2           3  0.90809174964191719     
           1           4  0.14824061175824116     
           3           4   1.7523758661215474     
           1           5  0.15825290575828718     
           3           5   1.1345865130445403     
           4           5  0.10245624799433342     
           5           6   1.5011580393763380     
           6           7   1.3116937352244604     
           7           8   1.3624164265896932     
           8           9  0.97123854211822791     
           9          10   1.6314311677171560     
          10          11   1.1031137766057937     
          11          12   1.2861965247829215     
          12          13   1.6725831926019719     
          13          14   1.3793670710238835     
          14          15  0.99719944678736094     
          12          16  0.10289262823568232     
          14          16   1.2586574479616577     
          16          17   1.0039048905006298     
          11          18   1.3231042344562247     
          12          18  0.31113759511000050     
          13          18  0.19913041176118526     
          16          18   1.4418216253418992     
           9          19   1.1237876600852008     
          19          20   1.7183975464870223     
          20          21   1.5415769939450839     
           8          22   1.2587888833066456     
          21          22   1.2068946487341312     
           7          23  0.18790809409296705     
          21          23  0.12151933369487368     
          22          23   1.2267009969714893     
           6          24  0.90422052054021729     
          23          24   1.6675077158110778     
          24          25   1.0787281627126559     
          25          26   1.0808128051745558     
          26          27   1.7859247465140835     
          26          28  0.29040563089925764     
          27          28   1.6287694761457232     
          28          29   1.1755360504194734     
          29          30   1.1908476727609540     
          30          31   1.2750070656846026     
          31          32  0.99541869388801452     
          30          33  0.13614572428094110     
          31          33  0.40727302205805277     
          32          33   1.4934803047357810     
          30          34  0.21348459157760327     
          31          34  0.23930702468628035     
          32          34   1.0321398770568726     
          33          34  0.20812220288995059     
          29          35   1.0596304601829758     
          30          35  0.25747405717649374     
          33          35  0.29047151362844031     
          34          35   1.3770369912333509     
