           1           2   1.4777672186626341     
           1           3  0.52537003230135726     
           2           3   1.4770537368672640     
           2           4  0.90425927406575446     
           4           5   1.5146204221278690     
           5           6   1.2538102121890999     
           6           7   1.2287982571720457     
           7           8   1.8921186152535727     
           8           9  0.80320046655350752     
           7          10  0.15424994654557778     
           9          10   1.7267942237058929     
           7          11  0.17639013173549054     
           9          11   1.2541004028612996     
          10          11  0.14898839241433734     
          11          12   1.2019628553402979     
          12          13   1.3501943179470937     
          13          14   1.6836883067000621     
          13          15  0.12973195804359042     
          14          15   1.8327119347538170     
          13          16  0.36129267972042861     
          14          16  0.11542833238699150     
          15          16   1.6267240925716981     
           8          17   1.0531230080375664     
          12          17   1.1332407479168738     
          14          17  0.11156608464110851     
          16          17   1.4421513578903455     
           5          18  0.46438535060574737     
           6          18   1.2702085062039266     
          18          19   1.4779647394688185     
          19          20  0.91446046455843699     
          19          21  0.13166705500042808     
          20          21   1.4761531159238461     
          20          22   1.4709332522258212     
          21          22  0.53447781948534601     
           4          23   1.1341471138011021     
          19          23   1.1341282991049737     
           5          24  0.14952699879342113     
          18          24  0.13368413212441702     
          23          24   1.4793952991349975     
