           1           2   1.5192766149362567     
           2           3   1.0303040805345549     
           1           4  0.10267570312351640     
           3           4   1.4055828556729730     
           4           5   1.3124898645847831     
           5           6   1.1602203937346451     
           6           7   1.4436942842932479     
           6           8  0.17931760852943657     
           7           8   1.3888174981824442     
           7           9   1.0139634087151534     
           9          10   2.2987403493983618     
           9          11  0.14762899600544371     
          10          11   1.3441182232556312     
          11          12   1.1697296176801963     
          12          13   1.1224067813309238     
          11          14  0.10377614146946269     
          13          14   1.4058280798611442     
          14          15   1.1308892853558503     
          13          16  0.20210052072561158     
          14          16  0.19025893930681403     
          15          16   1.1423800173195353     
          12          17   1.1264596063477643     
          13          17  0.15418843906362212     
          14          17  0.13512447713363349     
          16          17   1.4306917332461657     
           4          18  0.46383499427877778     
           5          18   1.3138836587570095     
          18          19   1.4194153335692348     
          19          20   1.0619506879725020     
          20          21   1.6484347581772862     
          21          22   1.1054370804097806     
          22          23   1.3094917448917394     
          23          24   1.6255745332215799     
          23          25  0.39397894817301637     
          24          25   1.6412898939396698     
          23          26  0.10221157313840996     
          25          26   1.3687553911546311     
          26          27  0.99549444998208902     
          22          28   1.3447511440856930     
          23          28  0.15837824886459700     
          24          28  0.44155667861113757     
          25          28  0.14605424350693622     
          26          28   1.4126367885550268     
          20          29  0.97868619956434477     
          29          30   1.1033226675713912     
          30          31   2.7804597469101942     
          21          32  0.16696585813205150     
          29          32   1.5696759546424053     
          32          33   1.6396363686279427     
           3          34   1.1926502972987871     
          19          34   1.2260176954983248     
          33          34   1.1817669170309444     
