   -0.11466818
    0.02209551
    0.11774038
    0.01687253
   -0.09809555
   -0.01335414
    0.04061398
   -0.06678079
    0.27492296
   -0.34882381
    0.09902921
   -0.03320152
    0.08169463
   -0.06713669
    0.12230897
    0.01861124
    0.03398110
    0.31057767
   -0.23525081
   -0.20343187
    0.19456063
   -0.14869909
    0.16741329
   -0.16549504
    0.18712572
   -0.15674021
    0.14120032
   -0.02897801
   -0.02881422
    0.19468707
   -0.15198972
    0.09001714
   -0.06250405
   -0.07255177
   -0.01849316
   -0.09844373
