           1           2   2.1018624097703764     
           2           3   1.1138737519836823     
           1           4  0.14352809608209582     
           3           4   1.1225842052010160     
           4           5   2.0569609267900502     
           1           6  0.11820303900165866     
           3           6   1.1930931602699495     
           5           6  0.14426669736923317     
           6           7   1.4970203094046146     
           6           8  0.10316567055459930     
           7           8   1.5619004190321586     
           8           9   1.3855165883299363     
           7          10  0.11288348709174523     
           9          10   1.4521226295636855     
           9          11   1.0222725832631050     
          11          12   1.4686030659716216     
          12          13   1.1276055445104092     
          12          14  0.11952125545404184     
          13          14   1.6599749496960610     
          13          15   1.0861177308862913     
          14          15  0.10145653982844638     
          15          16   1.2303438624229219     
          16          17   1.8018206050798453     
          17          18  0.77985115652509041     
          16          19  0.18290013444436354     
          18          19   1.7564645043057454     
          16          20  0.23005662666705204     
          18          20   1.2657577052918081     
          19          20  0.17713611330022605     
          20          21   1.2359518064294817     
          21          22   1.2652815796841104     
          22          23   1.5642720561933152     
          23          24   1.6601662519064411     
          24          25   1.1658711456199093     
          23          26  0.19380343431096747     
          25          26   1.2936223414367838     
          26          27   1.2427764421904253     
          27          28   1.2267232096209753     
          28          29   1.7686694344000924     
          29          30   1.3577674603564225     
          30          31   1.0065967019652289     
          30          32   1.2494786536764091     
          32          33   1.0076263421740392     
          27          34   1.2682646103769599     
          28          34  0.32776572165562123     
          29          34  0.14935454885850863     
          32          34   1.4575535390476495     
          17          35   1.0919545860333932     
          21          35   1.2165138198659047     
          25          35   1.2839042456565188     
          11          36   1.1831164474153320     
          12          36  0.17285187609765373     
          14          36  0.20694996339077154     
          15          36   1.3594778469665483     
