           1           2   1.9934029092513614     
           1           3  0.38575261544253719     
           2           3   1.5208022724075301     
           3           4   1.1407519223653182     
           3           5  0.14546278960818287     
           4           5   1.0905432740839893     
           5           6   1.2435520013668173     
           5           7  0.11388335061456784     
           6           7   2.5157552868225297     
           7           8   1.0082618375070604     
           8           9   1.4160196332786072     
           8          10   1.4488792170655838     
           9          10  0.22869105449336125     
          10          11   1.1837837448590975     
          11          12   1.2366912884618126     
          12          13   1.7499328163659769     
          13          14   1.2963121678686809     
          14          15   1.1682202244505759     
          12          16  0.11681364747244723     
          15          16   1.5845088946401771     
          16          17   1.7301401958092004     
          17          18   1.0901291799701118     
          16          19  0.13451715192773489     
          18          19   1.5933435308202215     
          19          20   1.0916813546091493     
          20          21   1.3205713983870739     
          21          22   1.6265980312175823     
          21          23  0.38646695266509434     
          22          23   1.6297952691852622     
          21          24  0.10168269441925312     
          23          24   1.3691834965017846     
          24          25  0.99597335663603070     
          20          26   1.3535286271407809     
          21          26  0.15545400604844345     
          22          26  0.38399129455069136     
          23          26  0.15642163018791727     
          24          26   1.4104627236539213     
          14          27   1.1677030416522975     
          18          27   1.0551770608741384     
          11          28   1.2941308772371329     
          12          28  0.22465588708513257     
          13          28  0.16865301909244435     
          27          28   1.4454269574706111     
           4          29   1.1348730584575786     
           5          29  0.17061126339353430     
          29          30   1.5095774599247234     
          29          31  0.35881692459430131     
          30          31   1.9704452707409368     
