           1           2   1.5663245499818670     
           2           3  0.99277646223204186     
           1           4  0.10072717583403944     
           3           4   1.6672453636855342     
           4           5   1.1254955167456135     
           5           6   1.5567910660478690     
           6           7   1.6626855385962582     
           7           8   1.0498366727133592     
           6           9  0.12530578927591721     
           8           9   2.7938426951463220     
           7          10  0.86176312448903558     
          10          11   1.7014525494422428     
          10          12   1.2998742726443915     
          11          12  0.42094047038658933     
           4          13  0.38849961137169753     
           5          13   1.1169118389260788     
          13          14   1.5969629386865967     
          14          15   1.1894724584064764     
          15          16   1.2270426501607525     
          15          17  0.27954135963501697     
          16          17   1.3751824951232732     
          17          18   1.1028330205101016     
          18          19   1.2936424672184792     
          17          20  0.13059600991579273     
          19          20   1.5539862059389713     
          20          21   1.3494754253460337     
          21          22  0.99865541924851009     
          19          23  0.22703824619033355     
          21          23   1.3487227809560676     
          18          24   1.2854632958711911     
          19          24  0.18966340895025247     
          20          24  0.23837404308752475     
          23          24   1.5751646303265574     
           3          25  0.96155753743629835     
          14          25  0.95273738072227654     
           4          26  0.12255434444222454     
          13          26  0.11188675127991964     
          25          26   1.7812094577468283     
