           1           2   2.7940290094691322     
           2           3   1.0488323260333972     
           1           4  0.15134704559647394     
           3           4   1.7673168966159258     
           4           5   1.2373207192388302     
           5           6   1.5308844612420205     
           6           7   1.1588899430309596     
           7           8   1.6580293126271153     
           7           9  0.87104824220878208     
           9          10   1.8462738975735500     
           4          11  0.29472090109550603     
           6          11  0.20353595623442169     
           9          11   1.0325321353668877     
           4          12  0.10827942770169773     
           5          12  0.99900698859713211     
           6          12  0.34712780726550951     
          10          12  0.14834823176877410     
          11          12   1.9531231842058869     
           3          13  0.92957024564517354     
          13          14   1.7094631162380047     
          13          15   1.1676511505069072     
          14          15  0.10159951989678792     
          15          16   1.5863278484619190     
          15          17  0.15854308239752662     
          16          17   1.6225085951224867     
          17          18   1.1095607844033830     
          18          19   1.2814414369645450     
          19          20   1.6325561282387657     
          19          21  0.15926180506867021     
          20          21   1.6063593713714956     
          19          22  0.23755792153223149     
          21          22   1.6281414360735811     
          18          23   1.2789520089000141     
          20          23  0.24123795599304526     
          21          23  0.19853299919954853     
          22          23   1.6213270254823617     
