   -0.00477982
   -0.01805037
    0.15129828
   -0.07522983
    0.11334032
   -0.13392754
    0.08507587
    0.02528923
    0.12585303
   -0.17618244
    0.13543360
   -0.11521883
    0.12834105
   -0.03456434
   -0.04025252
    0.16202949
   -0.16429103
    0.04585289
    0.07459463
   -0.02076188
   -0.00374406
    0.03103985
   -0.00046500
   -0.00885076
    0.08924031
   -0.07581024
   -0.10120447
    0.01364324
   -0.04413432
    0.11779446
   -0.24451205
    0.32262339
   -0.36954121
   -0.00115447
    0.03368546
   -0.03265693
    0.17577707
   -0.09702407
   -0.06855598
