           1           2   1.5430080544504376     
           2           3   1.0245069525129586     
           1           4  0.14662459754715282     
           3           4   1.4484898361000422     
           4           5   1.3803897074715206     
           5           6   1.1685872960298047     
           6           7   1.6547664396118371     
           7           8   1.5702659697101848     
           8           9   1.0985581827402096     
           9          10   2.7926380558582147     
           8          11  0.99587286257702479     
           7          12  0.10473283519129632     
          11          12   1.6640075672538743     
          12          13   1.1036627263935839     
          13          14   1.2882683651245375     
          14          15   1.6941559152290311     
          15          16   1.3564363644088313     
          16          17  0.99870624345961312     
          17          18   1.1129463431497693     
          18          19   1.1367183694192744     
          19          20   1.2809421992675143     
          18          21  0.10529075228396551     
          20          21   1.6127060944955030     
          20          22  0.18473939992011879     
          21          22   1.5672843835060175     
          20          23  0.23383996032144255     
          22          23   1.6062336325955875     
          19          24   1.2864529695400699     
          21          24  0.20840806128414152     
          22          24  0.19384093453597639     
          23          24   1.6237499242298674     
          14          25  0.10498041151171514     
          16          25   1.2340533476920925     
          25          26   1.0027828411529927     
          13          27   1.3151174504373169     
          14          27  0.29012236574871941     
          15          27  0.18221510622226098     
          25          27   1.4515147648222346     
           5          28   1.1189281577496042     
          11          28   1.0217525188225778     
           4          29  0.35649607024697150     
          28          29   1.5246155173789584     
           3          30   1.1011490720224006     
          29          30   1.3321547058472198     
          30          31   1.2833568828283444     
          31          32   1.1934150629499050     
          31          33  0.11704445156592554     
          32          33   1.6632770328141822     
          32          34  0.98346187986257394     
          34          35   2.3794231320060630     
          34          36  0.10892584659464295     
          35          36   1.2302757777438607     
          36          37   1.0641257956498469     
          36          38  0.46111183463719624     
          37          38   1.2962210779554071     
          37          39   1.2727443849585058     
          38          39  0.48956428756715953     
