   -0.01153507
   -0.02682089
    0.15058772
   -0.07421608
    0.11463066
   -0.12679875
    0.08231850
    0.02627482
    0.12599916
   -0.17722903
    0.13402619
   -0.12122359
    0.13083789
   -0.03764709
   -0.02336716
    0.10098257
   -0.06962586
    0.06116558
    0.08404686
   -0.02831259
   -0.00346098
    0.03706392
   -0.00254239
   -0.02639583
    0.09717354
   -0.07418488
   -0.07510582
    0.01175457
   -0.06343373
    0.11942305
   -0.18923719
    0.29403600
   -0.43529260
    0.00005464
    0.01248981
   -0.02941298
    0.17914086
   -0.07201712
   -0.09414670
