           1           2   1.6993780608022560     
           2           3   1.0156497262232207     
           1           4  0.10864112816044576     
           3           4   2.4683075459001982     
           4           5   1.0750813217398443     
           5           6   1.3248958985977681     
           6           7   1.5536645773897475     
           7           8   1.3572022539615918     
           8           9  0.94637850466966744     
           9          10   1.3500382870499097     
          10          11   1.7270790829937397     
          11          12   1.3492743617466525     
          12          13   1.0576957946319876     
          13          14   1.7232446607783820     
          14          15   1.6477885524246025     
          15          16   1.1905132493735733     
          15          17  0.12112578608995561     
          16          17   1.5642411943027863     
          17          18   1.1384016632489995     
          18          19   1.2680254186444264     
          19          20   1.7074367214236637     
          20          21   1.3468599899883895     
          21          22   1.0540988821552240     
          22          23   1.2653618483049081     
          23          24   1.0983325267370641     
          23          25  0.10118116048848141     
          24          25   1.3218364089710897     
          25          26   1.6689959750711063     
          23          27  0.12539009781359114     
          24          27  0.10579492055437606     
          25          27  0.33415230092989945     
          26          27   1.6159986854297108     
          25          28  0.10150209987303273     
          27          28   1.3535752592877990     
          28          29   1.0017374061958570     
          24          30   1.3495853284815786     
          25          30  0.16937487025097633     
          26          30  0.40754971398131123     
          27          30  0.15835872573869109     
          28          30   1.3823873752276057     
          21          31   1.2355676663764323     
          31          32   1.0050266606124652     
          18          33   1.3098786449448436     
          19          33  0.29974998993446222     
          20          33  0.15864218943188252     
          31          33   1.4510401569641496     
          10          34  0.10365591563611097     
          12          34   1.2065976236331073     
          16          34   1.0008150933610367     
           9          35   1.3853521726393403     
          10          35  0.12878705079441774     
          11          35  0.21478854182022539     
          34          35   1.4373060458424494     
           6          36  0.20738721062930002     
           8          36   1.3528010581749550     
           5          37   1.3127292322236255     
           7          37  0.19843404106744866     
          36          37   1.5763808975870737     
           2          38   1.1069292710690428     
          38          39   1.5642409412746383     
