           1           2   2.7943062554372804     
           2           3   1.0450393644451876     
           1           4  0.15631111699730058     
           3           4   1.7780279541680375     
           4           5   1.2008407392390088     
           5           6   1.5593850006748866     
           6           7   1.1057293334825065     
           7           8   1.8182413890958979     
           7           9  0.86529713168159383     
           6          10  0.11645040811272431     
           9          10   1.6191885206753507     
           4          11  0.27899634335449425     
           6          11  0.22463944811467954     
           9          11   1.0687569437314415     
           5          12   1.0159312780177014     
           6          12  0.25999395495148214     
           9          12  0.10399738039166817     
          10          12  0.19300864025919542     
          11          12   2.0080200224362956     
           3          13  0.92610830073679262     
          13          14   1.7351461595936197     
          13          15   1.1455393901560813     
          15          16   1.5835420929728461     
          15          17  0.10471008014212267     
          16          17   1.4347128874540505     
          16          18  0.15186359724646750     
          17          18   1.7741652577606111     
          18          19   1.0653311949162982     
          19          20   1.3031456999408733     
          20          21   1.5513330498352982     
          20          22  0.17924847861207865     
          21          22   1.6512343738955155     
          20          23  0.21822447053020225     
          22          23   1.6127127877980745     
          19          24   1.3113918652262908     
          20          24  0.11894925446049695     
          21          24  0.23103407759245875     
          22          24  0.16427027787334630     
          23          24   1.5592949285632425     
