           1           2   1.6908979182362469     
           2           3   1.0223241732182373     
           3           4   2.5500289798048854     
           4           5   1.2427073438414473     
           3           6  0.15302858749128756     
           5           6   2.0371726791563600     
           6           7   1.1352911513662702     
           7           8   1.0556682304301548     
           8           9   1.5226641725760890     
           9          10   1.1326775564709939     
          10          11   1.1793351850423563     
           7          12   1.0907578402604456     
           8          12  0.18857293700478722     
          11          12   1.3701257623399623     
           1          13  0.11533977723291494     
           2          13   1.1502714481766725     
          13          14   1.5121650265286812     
          14          15   1.0795532168485571     
          15          16   1.6823912862191284     
          16          17   1.0024166423490337     
          17          18   1.4128140897916481     
          18          19   1.1893827665136218     
          19          20   1.2554487315087930     
          20          21   1.7725126986018347     
          21          22   1.3670147934226151     
          22          23  0.99548001124299401     
          20          24  0.10250555595814562     
          22          24   1.2692888289341695     
          24          25   1.0016088655126483     
          19          26   1.2908282550347963     
          20          26  0.32162887860948186     
          21          26  0.13200891087577976     
          24          26   1.4484548934376380     
          17          27   1.3093139631636732     
          18          28  0.22054309631809882     
          27          28   1.5253797940216993     
          28          29   1.7024540696244896     
          16          30   1.0288046259346673     
          29          30   1.1912361449982252     
          15          31  0.39325606246840511     
          30          31   1.3732643617652673     
          14          32   1.1755952366923359     
          15          32  0.10958634254858013     
          31          32   1.6754135871983642     
