           1           2   1.5243432630870770     
           1           3  0.25190417610907528     
           2           3  0.99459933491692876     
           1           4  0.10849482500487181     
           3           4   1.4538302218819057     
           4           5   1.1152332934047420     
           5           6   1.1984555724853403     
           6           7   1.7364967654311880     
           7           8   1.2490490207380025     
           6           9  0.10685184421279587     
           8           9   2.5199473853351870     
           9          10   1.0193558599069490     
          10          11   1.6753694431731030     
          10          12   1.1491825556168973     
          12          13   1.4772734752962433     
          13          14   1.0921486747004947     
          14          15   1.6802365758189550     
          15          16  0.99467928462602673     
          16          17   1.6138050904383967     
          17          18   1.0906681395942983     
          18          19   1.3001308328448926     
          19          20   1.6841610694199154     
          20          21   1.3784076534581071     
          21          22  0.98829071520526934     
          19          23  0.11234557091088136     
          21          23   1.2844868726490470     
          23          24   1.0003532081359408     
          18          25   1.3421687873118053     
          19          25  0.36108266930955035     
          20          25  0.14891048681867344     
          23          25   1.4345843189770255     
          16          26   1.1493052337753200     
          17          26  0.12120237856512452     
          17          27  0.17868844065970088     
          26          27   1.6372810475923818     
          27          28   1.6669411926891575     
          15          29   1.0258481550716629     
          28          29   1.1636767258155127     
          14          30  0.35418363800013858     
          29          30   1.4040677134755208     
          13          31   1.1868411919997213     
          14          31  0.10469117769195732     
          30          31   1.6697268113803150     
           1          32  0.16198287028610617     
           3          32  0.12606010825059927     
           4          32  0.19954308749924321     
           5          32   1.1034256121216437     
           1          33  0.30329548656540134     
           2          33  0.98851271235332716     
           3          33  0.18751663785167696     
           4          33  0.10010996747197608     
           6          33  0.11020459267910411     
          32          33   1.4411435350094262     
