           1           2   1.8336586887526054     
           2           3  0.98447521410810523     
           3           4   1.1601735087175071     
           4           5   2.1451304178286970     
           5           6   1.1839951944780127     
           4           7  0.10468755660813109     
           6           7   1.3625517023812332     
           4           8  0.13665840456862222     
           6           8   1.3527966675882397     
           7           8  0.27337834572514191     
           3           9   1.4233423200150890     
           1          10  0.15043275154638680     
           9          10   1.4965568850815751     
           2          11  0.97573226472272068     
          10          11   1.2094971012257143     
           9          12  0.19750146844625152     
          11          12   1.4921824429520303     
          12          13   1.5068648928935919     
          13          14   1.0055876918265743     
          12          15  0.12766245615922284     
          14          15   1.5584325802526326     
          12          16  0.13505488646727093     
          14          16   1.2291399485944645     
          16          17   1.2694042778771604     
          17          18   1.3420792605387082     
          18          19   1.4122680538595356     
          19          20   1.0025222461674157     
          20          21   1.3466967321662229     
          21          22   1.6115275353169873     
          20          23  0.11903042269910125     
          21          23  0.18116499288930626     
          22          23   1.6233712773744569     
          21          24  0.20336923246280419     
          23          24   1.6237782141443347     
          20          25   1.3441744003502898     
          22          25  0.19863639374245651     
          23          25  0.18190456312876260     
          24          25   1.6128486473858121     
          18          26  0.21369512510363675     
          19          26   1.2856891680881839     
          18          27  0.18918443817518921     
          26          27   1.6484373121823930     
          13          28   1.1531131718856860     
          17          28   1.0746121398637063     
          27          28   1.3860723769189507     
