           1           2   1.9222560531195054     
           1           3  0.40477564438235403     
           2           3   1.5655817114790922     
           3           4   1.2370714346515290     
           1           5  0.10616739387540827     
           4           5   2.5369597856860509     
           5           6   1.0287839280164579     
           6           7   1.6791276744330632     
           6           8   1.1351176769858278     
           8           9   1.4814971847671470     
           9          10   1.0948246411686098     
          10          11   1.6728068671683411     
          11          12   1.0090700365923844     
          12          13   1.3997413306853079     
          13          14   1.1999023857110616     
          14          15   1.2411316329100781     
          15          16   1.7295587511558486     
          16          17   1.3671996914912470     
          17          18  0.99748640879629447     
          15          19  0.10005852849287974     
          17          19   1.2585699288454946     
          19          20   1.0043611156332410     
          14          21   1.2916581107273426     
          15          21  0.34714281454101120     
          16          21  0.16452562974898702     
          19          21   1.4551952810919515     
          12          22   1.3187014183017480     
          13          23  0.19455419597490098     
          22          23   1.5064287157798217     
          23          24   1.7110228165726531     
          11          25   1.0268997426904014     
          24          25   1.1849872249230939     
          10          26  0.37214702129732818     
          25          26   1.3859627138059893     
           9          27   1.1858914905479359     
          26          27   1.6752880058784356     
