           1           2   1.5492046538932533     
           2           3   1.0159803127410847     
           1           4  0.12232705188986398     
           3           4   1.6491973732580343     
           4           5   1.1135333762692230     
           5           6   1.5809594132151692     
           6           7   1.5628326144050053     
           7           8   1.0782995263807449     
           6           9  0.13422832549264616     
           8           9   2.7933876385988916     
           7          10   1.1304749376974950     
           6          11  0.18137264364929623     
          10          11   1.5079224065950008     
          10          12   1.2441402813829525     
          11          12  0.58077507710542531     
           4          13  0.39344189117184442     
           5          13   1.1140788898712104     
          13          14   1.6590180856230263     
          14          15   1.1404794604018460     
          15          16   1.2501488496929229     
          15          17  0.28869858980066548     
          16          17   1.3471454014699593     
          17          18   1.1330936768895605     
          18          19   1.2810302088308752     
          17          20  0.10228666385750458     
          19          20   1.5673339735508911     
          20          21   1.3460691771664375     
          21          22   1.0101475261324904     
          19          23  0.20496628173224257     
          21          23   1.3379375533256685     
          18          24   1.2696246524069035     
          19          24  0.19812608941102897     
          20          24  0.23241792393952115     
          23          24   1.5796718382032986     
           3          25  0.95221599233713383     
          14          25  0.94725147119981667     
           4          26  0.12385453918252802     
          13          26  0.14857007205993544     
          25          26   1.7910593196789861     
