   -0.14068165
    0.13655349
    0.03321689
    0.02350392
    0.09090153
   -0.00797644
   -0.01319292
    0.22961274
   -0.27328207
    0.21970034
   -0.26539205
   -0.06560174
    0.32025579
   -0.34065226
   -0.13372357
    0.06581833
    0.08534622
    0.03149665
   -0.00699394
    0.02424007
    0.08740040
    0.07446024
   -0.13302703
    0.31781991
   -0.31972076
    0.02879632
    0.12910660
   -0.12690395
    0.05022312
    0.08979549
   -0.00612308
   -0.00955399
    0.22858554
   -0.26658519
    0.22150604
   -0.25892844
   -0.06351650
   -0.05648403
