           1           2   2.5565339749102320     
           2           3  0.91766775300564463     
           1           4  0.12611874761682779     
           3           4   1.7045659169806049     
           3           5   1.1660706282313804     
           5           6   1.2951551470351657     
           6           7   1.3418404334777578     
           7           8   1.3759584653742942     
           8           9   1.1548021666851760     
           9          10   1.3324984733796743     
          10          11   1.2186002634008677     
          11          12   1.2386066532417486     
          12          13   1.7674362942964290     
          13          14   1.3643587092710829     
          14          15   1.0002630652611535     
          14          16   1.2527585615908119     
          16          17   1.0049348452319771     
          11          18   1.2821746854815497     
          12          18  0.30381298792019751     
          13          18  0.14094842485486270     
          16          18   1.4464398261186424     
           9          19   1.2033941709750002     
          10          19  0.10601702057295360     
          10          20  0.21730218054436803     
          19          20   1.6084635388487878     
          20          21   1.5783690217217061     
           8          22   1.1251662282144981     
          21          22   1.2111773091320588     
           7          23  0.24314262454940069     
          22          23   1.3615086796895643     
           6          24   1.0936462002703307     
          23          24   1.4760460190653628     
          24          25   1.1154033716454657     
          25          26   1.7023563956777206     
          25          27  0.20437525887344080     
          26          27   1.5235200355197660     
          27          28   1.5274615480176086     
          28          29   1.1934187655297204     
          28          30  0.11960750804565917     
          29          30   1.0646180298108923     
          30          31   1.4209840545487806     
          31          32   1.1626693086480788     
          28          33  0.24318075358054339     
          32          33   1.1349373403129275     
          28          34  0.11196144401691899     
          29          34   1.0734156572677178     
          30          34  0.17815089532513059     
          33          34   1.4240189236789820     
