   -0.06014640
    0.00468909
    0.09098808
    0.01980543
   -0.01111043
    0.00002169
    0.13367626
   -0.16561822
    0.19349573
   -0.20375127
    0.18592861
   -0.16164202
    0.19542233
   -0.03579290
    0.02719681
    0.01377956
    0.13079385
   -0.16082938
    0.09242493
    0.31114093
   -0.32736062
   -0.11272310
    0.08238061
   -0.00458003
    0.09197648
   -0.01263860
    0.04342960
   -0.11750257
    0.04754605
   -0.05400807
   -0.00095608
    0.08494537
   -0.06710550
    0.30620179
   -0.28992148
   -0.21350874
   -0.05664779
