           1           2   2.8053367963768139     
           2           3   1.0287635515302251     
           3           4   1.3406641306292022     
           4           5   1.6377820364565541     
           3           6  0.10468998957253914     
           4           6  0.34223086774786021     
           5           6   1.5906778873934706     
           6           7   1.3153229294787050     
           7           8   1.0908341614243344     
           8           9   1.5496084315008873     
           8          10  0.12638059874674881     
           9          10   1.1117046215646060     
           8          11  0.16834185279459943     
          10          11   1.6954582610958457     
          10          12  0.11490692895504566     
          11          12   1.6740451697087944     
          12          13   1.1406597890083203     
           9          14   1.1013419587506341     
          13          14   1.3208327105777666     
          14          15   1.1290006606606486     
          15          16   1.7925618450271306     
          16          17   1.3028682614474147     
          17          18   1.3280618417597672     
          18          19   1.2280045879655725     
          19          20   1.0244590180911179     
          20          21   1.7014851196221075     
          20          22   1.1228018232606845     
          21          22  0.10125198599196580     
          22          23   1.7196419199710222     
          22          24  0.12168376846824054     
          23          24   1.3621264922576839     
          24          25   1.2674881212509801     
          23          26  0.11947870667608218     
          24          26  0.15331068516975976     
          25          26   1.0619238455850974     
          26          27   1.4687270612655510     
          27          28   1.1338443891818042     
          24          29  0.11855678791024174     
          28          29   1.1475217412430925     
          25          30   1.0813079037395859     
          26          30  0.13581572862250227     
          29          30   1.4557923738132361     
          16          31  0.11193786277870731     
          18          31  0.12221162186295893     
          19          31   1.4255561035161364     
          17          32   1.0582030193143990     
          31          32   1.1633246814322056     
          18          33  0.18045963593132106     
          31          33  0.11739979690842767     
          32          33   1.6336320239493980     
          15          34  0.79408079352613237     
          16          35  0.13533148031943226     
          34          35   1.7467532356553739     
          13          36   1.2437802033690062     
          16          36  0.16645102763641526     
          34          36   1.2442833825017416     
          35          36  0.15787928417389624     
           3          37   1.3678655944471656     
           4          37  0.15429910038171465     
           5          37  0.30198929640951305     
           6          37  0.17148152273185752     
           7          37   1.3534618311996751     
