           1           2   1.7074061126893656     
           2           3  0.98802876186440058     
           3           4   2.6580423402973166     
           4           5  0.96764064033267461     
           5           6  0.95087052411411332     
           5           7  0.94964038529450923     
           5           8  0.95041036127748113     
           2           9   1.1643782150146280     
           9          10   1.3004747517455517     
          10          11   1.1930359049673271     
          11          12   1.8502011207308693     
          12          13   1.3040170920598302     
          13          14   1.1113762946135339     
          11          15  0.10813142983165383     
          14          15   1.6755583818590631     
          15          16   1.6313574534436885     
          16          17   1.1521531350589029     
          15          18  0.11759792119128384     
          17          18   1.5840639838171751     
          18          19   1.0890410257385348     
          19          20   1.3211686708582195     
          20          21   1.6212312917109402     
          19          22  0.10112076672119694     
          20          22  0.38581595992679973     
          21          22   1.6319911609143896     
          20          23  0.10114881993302230     
          22          23   1.3659865458804239     
          23          24  0.99739187796699380     
          19          25   1.3569266465879357     
          20          25  0.15938804167497245     
          21          25  0.36535002418489942     
          22          25  0.15460268878664757     
          23          25   1.4131682830228032     
          13          26   1.1788032184165225     
          17          26   1.0271914170628569     
          10          27   1.2454530716457770     
          11          27  0.16485176309707314     
          12          27  0.14327064341126838     
          26          27   1.4662879404127582     
