           1           2   1.5681308594407768     
           1           3  0.43822462642508764     
           2           3   1.0658159349291854     
           1           4  0.11073018587923716     
           3           4   1.4176613662558422     
           4           5   1.1704078153993267     
           5           6   1.5355117137217003     
           3           7  0.10883068322206726     
           5           7  0.37791773889267932     
           6           7   1.4061714941149766     
           4           8  0.91859284513028705     
           7           8   1.0643385294998851     
           5           9  0.14859959083575847     
           6           9  0.15279538804948412     
           8           9   1.2669482886462069     
           9          10   1.2317190243858827     
          10          11   2.5551976895838751     
          11          12   1.0175628954492708     
          12          13   1.6711190054508989     
          12          14   1.1740821104512622     
          14          15   1.3098182109944243     
          15          16   1.2087974816400426     
          16          17   1.8163687836835560     
          17          18   1.2884018837392386     
          18          19   1.1963184398824942     
          16          20  0.17628378121242158     
          19          20   1.6274139895671598     
          20          21   1.5784392729164682     
          21          22   1.1010785318996399     
          22          23   2.7926729239888028     
          21          24  0.98812987976638600     
          24          25   1.6636756039137206     
          25          26   1.0966930357727365     
          26          27   1.3213431835328686     
          27          28   1.6275145168672216     
          27          29  0.38898621901445490     
          28          29   1.6417135163035079     
          29          30   1.3650991413186087     
          30          31  0.99234118219382883     
          26          32   1.3432633049585077     
          27          32  0.15765032244267815     
          28          32  0.39436516758831797     
          29          32  0.15143325792586079     
          30          32   1.4151257089238900     
          18          33   1.1305339214348145     
          24          33   1.0465668506377328     
          15          34   1.2264545633207631     
          16          34  0.14196895498993098     
          17          34  0.23494943107952670     
          33          34   1.5009330591823515     
