           1           2   1.5713684129654912     
           1           3  0.17715133971428740     
           2           3   2.2996757939886723     
           3           4   1.0536950729494376     
           1           5  0.19012313148794760     
           3           5  0.12406511173409802     
           4           5   1.3769219708440805     
           4           6   1.4392913114814285     
           5           6  0.20566229912818096     
           6           7   1.1373283300135801     
           7           8   1.2501646715821375     
           8           9   1.6885826792220036     
           9          10   1.3062715912621021     
          10          11   1.2284917563104611     
           8          12  0.15580672750910826     
          11          12   1.6857636584554492     
          12          13   1.3873041422009889     
          13          14   1.0805651696999574     
          14          15   2.8173395873056788     
          13          16   1.2264633790428390     
          12          17  0.12379895387822849     
          16          17   1.2230105816992187     
          17          18   1.2791528571831416     
          18          19   1.1904745903018028     
          19          20   1.7346812870476960     
          20          21   1.3542411609042662     
          21          22   1.0104790986453558     
          21          23   1.2384874231049587     
          23          24   1.0106241313698805     
          18          25   1.2563867394365502     
          19          25  0.36770759921252061     
          20          25  0.15018764318470132     
          23          25   1.4749005004170055     
          10          26   1.1117790667781418     
          16          26   1.2131126134188082     
           7          27   1.3625550554920625     
           8          27  0.27171929781360160     
           9          27  0.19533691676693213     
          26          27   1.3430114425651711     
