           1           2   1.5413131678627501     
           1           3  0.27034716190319280     
           2           3   1.0851521892509810     
           3           4   1.2388064951449569     
           4           5   2.5392004012016458     
           5           6   1.0148514652080112     
           6           7   1.4154032744415010     
           6           8   1.4397422437314547     
           7           8  0.23923288806936216     
           8           9   1.2060503903569506     
           9          10   1.2501245549531690     
          10          11   1.7963589054512417     
          11          12   1.2906866282237304     
          12          13   1.1787409042532007     
          10          14  0.17392417751525305     
          13          14   1.6451249513512400     
          14          15   1.5725220772632593     
          15          16   1.1009929430963994     
          16          17   2.7928276046016198     
          15          18  0.99102948630984056     
          18          19   1.6560575065587355     
          19          20   1.1001645522132508     
          20          21   1.3173727361541396     
          21          22   1.6236883018243284     
          21          23  0.38889803147451046     
          22          23   1.6398559475901573     
          23          24   1.3639062349673847     
          24          25  0.99722478836849204     
          20          26   1.3446781134730463     
          21          26  0.16036553593884972     
          22          26  0.38570553947996328     
          23          26  0.15161858875497763     
          24          26   1.4145223237190725     
          12          27   1.1411358694379297     
          18          27   1.0498523274577070     
           9          28   1.2580623093912400     
          10          28  0.16335842093938879     
          11          28  0.21404729771169193     
          27          28   1.4811957737029384     
