           1           2   2.1542436453013480     
           1           3  0.10315756065072745     
           2           3   1.1221929261590218     
           3           4   1.0656730100153105     
           4           5   1.4959790830126285     
           5           6   1.1180397548350980     
           4           7  0.16330882384873774     
           5           7  0.12893492268285919     
           6           7   1.2320404131285494     
           7           8   1.2258060028917661     
           8           9   2.5544639735401491     
           9          10   1.0027291114263364     
          10          11   1.4156570180985952     
          10          12   1.4520651242601539     
          11          12  0.24256324231461160     
          12          13   1.1898247980379750     
          13          14   1.2319252680580437     
          14          15   1.7593037493269394     
          15          16   1.2921920931228763     
          16          17   1.1700052506294143     
          14          18  0.11507600455198806     
          17          18   1.5787901746692907     
          18          19   1.7318538441497824     
          19          20   1.0880718131769698     
          18          21  0.13493664344437853     
          20          21   1.5961013552365901     
          21          22   1.0876007999205632     
          22          23   1.3226185407643209     
          23          24   1.6216058590630333     
          22          25  0.10076496863637070     
          23          25  0.38980384773393834     
          24          25   1.6349915534716666     
          23          26  0.10129297982122772     
          25          26   1.3654869366757181     
          26          27  0.99605153925548984     
          22          28   1.3563732163633122     
          23          28  0.15677422902868704     
          24          28  0.38369747445362790     
          25          28  0.15305829848980315     
          26          28   1.4143797012404353     
          16          29   1.1681098204503721     
          20          29   1.0547716799071245     
          13          30   1.2937859349256728     
          14          30  0.22473898401763889     
          15          30  0.17494347947029540     
          29          30   1.4458267914479201     
           2          31  0.10140960171326723     
           6          31   1.0149143566096539     
           3          32   1.1112235404776318     
           4          32  0.11096866913990042     
          31          32   1.4461786728128763     
