   -0.11293840
    0.10084141
   -0.12310590
    0.15819080
   -0.08393811
    0.11896008
   -0.11078044
    0.06654241
    0.03500941
    0.12423280
   -0.17879452
    0.13029080
   -0.15982316
    0.14303494
   -0.02365717
   -0.04912168
    0.11578553
   -0.08455551
    0.01215693
    0.07636249
    0.00399181
    0.05742810
    0.02324033
    0.06298722
   -0.02546570
    0.04472941
    0.04503495
   -0.03864819
    0.04460428
    0.09520128
   -0.08795844
   -0.10760162
    0.02018488
   -0.07445663
    0.09354635
   -0.17014369
    0.29284905
   -0.38954997
    0.00307534
    0.00403100
   -0.04798275
    0.17230880
   -0.10240814
   -0.07369038
