           1           2   2.1874858451857553     
           1           3  0.10344282326085996     
           2           3   1.1106082466496920     
           3           4   1.0892125675622546     
           4           5   1.4653752293748248     
           5           6   1.3907719024062200     
           6           7   1.2362850193859851     
           7           8   1.6800369575077678     
           8           9   1.3801134644394712     
           9          10   1.0813174287989311     
          10          11   2.8143455768685852     
           9          12   1.2305053504527803     
           8          13  0.17175161425397908     
          12          13   1.2463763303644568     
          13          14   1.2826152660714585     
          14          15   1.2098103731384211     
          15          16   1.8406342103040449     
          16          17   1.2803374312989235     
          17          18   1.2139475385305973     
          18          19   1.6832891101927405     
          19          20   1.0229861121984933     
          20          21   1.4195620599375243     
          21          22   1.6869377237728613     
          20          23  0.13432166388228128     
          21          23  0.17619076986839430     
          22          23   1.7794702685744777     
          23          24   1.2840904256655732     
          24          25   1.2891378152215194     
          25          26   1.7534499291217989     
          25          27  0.14666294181783077     
          26          27   1.7175807623759209     
          25          28  0.41295231847587055     
          26          28  0.11266119807731745     
          27          28   1.7311139099927064     
          20          29   1.1924510408844828     
          24          29   1.1066592242806415     
          28          29   1.3330692219564297     
          17          30   1.1663093282294563     
          30          31   1.0009669873223404     
          14          32   1.2444505680781004     
          15          32  0.23728483690195751     
          16          32  0.17849671258667144     
          30          32   1.5158094742723103     
           6          33   1.0699128028856815     
          12          33   1.1892108328339901     
           5          34  0.49691521863499888     
          33          34   1.4230160143088504     
           4          35   1.0899187306563711     
          34          35   1.4532129411633747     
          35          36   1.1577860816862506     
          36          37   1.5009745557459453     
          36          38  0.18451486651258109     
          37          38   1.3775962730873541     
          37          39  0.96436629683222153     
          38          39  0.11744862728309761     
          39          40   2.2879309060967099     
          38          41  0.10354188870857198     
          39          41  0.11829919810647613     
          40          41   1.2771268086794396     
          41          42   1.0303645980063394     
          41          43  0.45066477989778020     
          42          43   1.3047084972518448     
          42          44   1.2891182070462142     
          43          44  0.47642292073181181     
