           1           2   1.9326687219144387     
           2           3   1.1315316772135311     
           3           4   1.0270443899855479     
           4           5   1.5285556622718894     
           5           6   1.3456111369224226     
           6           7   1.2021955258564558     
           7           8   1.6176569722030065     
           8           9   1.5628006008610356     
           9          10   1.1051293284667290     
          10          11   2.7770876260572823     
           9          12  0.97798750203005280     
           8          13  0.17050599767422489     
          12          13   1.6518136287369916     
          13          14   1.1301570081602836     
          14          15   1.2559438047463374     
          15          16   1.7388141538724946     
          16          17   1.3242420555920738     
          17          18   1.0441125111284670     
          18          19   1.1397990906573920     
          19          20   1.0818809622306189     
          19          21  0.10329594993334855     
          20          21   1.3401061421857576     
          21          22   1.5712529151034276     
          20          23  0.11188154235840353     
          21          23  0.18479820510946282     
          22          23   1.7657050734823860     
          21          24  0.38539129670943501     
          22          24  0.13712924826285913     
          23          24   1.5761558101990705     
          20          25   1.2855406516987227     
          22          25  0.27523222141846265     
          24          25   1.5464697474738549     
          17          26   1.2016629535541967     
          26          27   1.0105894649164116     
          14          28   1.3262452556464255     
          15          28  0.30568048012285870     
          16          28  0.18248353498234193     
          19          28  0.10632461184766610     
          26          28   1.4649945230513561     
           6          29   1.1268108665708283     
          12          29   1.0588076387132717     
           5          30  0.43327118095085471     
          29          30   1.4932929936549728     
           4          31   1.1150924018406081     
          30          31   1.3779313167472367     
          31          32   1.2028182340534912     
          32          33   1.4231166646922317     
          32          34  0.19325072407742699     
          33          34   1.3999723017767263     
          33          35   1.0206471613222345     
          35          36   2.2892727646285409     
          36          37   1.3317669920013899     
          37          38  0.96460713470348591     
          35          39  0.16340141220776835     
          37          39  0.50009116189737846     
          38          39   1.3475137113531963     
          35          40  0.17452301937528908     
          37          40  0.48037676250275685     
          38          40   1.3550217553137986     
          39          40  0.51469558929016146     
