           1           2   1.7104813627161901     
           2           3   1.0115931291598546     
           1           4  0.10557919411913919     
           3           4   2.5435848190162971     
           4           5  0.98941960174856014     
           5           6   1.6653675318893495     
           5           7   1.1965933418623766     
           7           8   1.2666916726760369     
           8           9   1.3178864016636584     
           9          10   1.4298158186639969     
          10          11   1.1315738094715000     
          11          12   1.3737379743206808     
          12          13   1.1760484052141087     
          13          14   1.2866460956621337     
          14          15   1.6426881331084446     
          14          16  0.38154501517282025     
          15          16   1.6290835735238678     
          16          17   1.3636940109541626     
          17          18  0.99451206334220155     
          13          19   1.3137982531576371     
          14          19  0.15417945214374418     
          15          19  0.39620258013277371     
          16          19  0.15750477096819429     
          17          19   1.4182543596388695     
          11          20   1.2152094607842314     
          12          21  0.18210597326940153     
          20          21   1.6130980057797517     
          21          22   1.5923537739727978     
          10          23   1.1313102304225275     
          22          23   1.2312291233245996     
           9          24  0.41667614756901011     
          23          24   1.2821276482168527     
           8          25   1.1893236234052653     
          24          25   1.7449850056252996     
           2          26   1.1219603663532622     
          26          27   1.7377960469863010     
          26          28  0.10045089939221395     
          27          28   1.4034004606678065     
          28          29   1.8276117420445388     
          29          30   1.1728129026155065     
          30          31   1.1090245660624218     
          29          32  0.10894053501891780     
          31          32   1.4197879539903608     
          32          33   1.1330900356018252     
          31          34  0.23561274052975562     
          32          34  0.22003763792069209     
          33          34   1.1363571297462538     
          30          35   1.1198002126672508     
          31          35  0.14073018826684816     
          32          35  0.20115875176727105     
          34          35   1.4381209408661639     
