           1           2   1.8469400781882996     
           1           3  0.15417384739168208     
           2           3   1.0709120689010738     
           3           4   1.4929676592856265     
           4           5  0.97669916181448568     
           5           6   1.7323537866713539     
           5           7   1.1334524878161087     
           7           8   1.6427500547230154     
           7           9  0.14106516666080846     
           8           9   1.5430519927133055     
           9          10   1.1369438167634875     
           9          11  0.13810669749823776     
          10          11   1.1490091528696458     
          11          12   2.0252988837454948     
          10          13   1.1108264168125710     
           9          14  0.13483205282570015     
          10          14  0.11270485103376982     
          13          14   2.1309587581609351     
           1          15  0.18903747590495407     
           4          15   1.2160790049991870     
           1          16  0.10291978887919769     
           2          16  0.93583983017870365     
          15          16   1.2999355757765454     
           3          17  0.12335323070006253     
          16          17   1.4660988072621624     
          17          18   1.5446467565009612     
          18          19  0.79149732165339004     
          17          20  0.15114069971095509     
          19          20   1.7436623904354407     
          17          21  0.18325454061723789     
          19          21   1.2584531021651810     
          20          21  0.16568048608498023     
          21          22   1.2375638364989265     
          22          23   1.2597410589942739     
          23          24   1.5602810497974193     
          24          25   1.6397693114763821     
          25          26   1.1967356132176237     
          24          27  0.13738689564121032     
          26          27   1.2346836013369651     
          27          28   1.2989253575674178     
          28          29   1.2524222708606882     
          29          30   1.8536134431701548     
          30          31   1.2951776935379540     
          31          32   1.0491957727214920     
          29          33  0.15546254430613726     
          30          33  0.26136010749461908     
          31          33   1.3374220158509749     
          28          34   1.1499058497848433     
          33          34   1.4820892243400294     
          34          35  0.99174888842063091     
          18          36   1.0656556290196328     
          22          36   1.2176799496020385     
          24          36  0.10073288229496141     
          26          36   1.3035363827982744     
