           1           2   1.5746839298387789     
           2           3  0.99108134872207421     
           1           4  0.10090329328125171     
           3           4   1.6523494131283538     
           4           5   1.1055166847166966     
           5           6   1.5952026471772403     
           6           7   1.5558792690049190     
           7           8   1.0821820082793179     
           6           9  0.12768938813150429     
           8           9   2.7940760566543363     
           7          10   1.1342705314877437     
           6          11  0.23177851199051036     
          10          11   1.5159679319182779     
          10          12   1.2313699765960666     
          11          12  0.59346187615522006     
           4          13  0.41085802358565437     
           5          13   1.1050352001013708     
          13          14   1.6673394811128304     
          13          15  0.11155258469387834     
          14          15   1.1177784057747098     
          15          16   1.4229309386202200     
          16          17   1.0099279500654610     
          17          18   1.5765511052983163     
          18          19   1.1945495247626152     
          19          20   1.3402233112563868     
          20          21   1.4475940832185494     
          21          22  0.99462939991431443     
          20          23  0.20597680163339754     
          21          23   1.3139815940185655     
          20          24  0.20317565140191823     
          23          24   1.7153048739234231     
          19          25   1.1975558729826425     
          24          25   1.3725805125548918     
          17          26   1.1725190844716520     
          18          26  0.17228889985415488     
          25          26   1.0993896222612418     
           3          27  0.96596053861681330     
          14          27  0.96252161584861251     
           4          28  0.10279262828758998     
          13          28  0.12346694698209684     
          27          28   1.7491760439002475     
