           1           2   1.5676597039215403     
           1           3  0.44738884815959284     
           2           3   1.0277186578285764     
           3           4   1.2759806967006668     
           3           5  0.11721625294052811     
           4           5   2.5176462062925240     
           5           6   1.0200143709026313     
           6           7   1.6259299203640201     
           6           8   1.2138631336542640     
           7           8  0.15690888750717730     
           8           9   1.2489460856347299     
           9          10   1.4005566063708934     
          10          11   1.4207869163457711     
          11          12   1.1841348283383144     
          12          13   1.2561682351239818     
          13          14   1.2122546415892166     
          14          15   1.2609087827713548     
          15          16   1.6277489707884703     
          15          17  0.41074264231631930     
          16          17   1.6213443590492198     
          17          18   1.3582451430642541     
          18          19  0.99402817238125651     
          14          20   1.2965355864538808     
          15          20  0.16810826003497131     
          16          20  0.43153415436202458     
          17          20  0.13677626418768099     
          18          20   1.4307466454098945     
          12          21   1.2311349279130559     
          21          22   1.0813101834924046     
          22          23   2.8139017895460299     
          13          24  0.28549916036926093     
          21          24   1.3784596546857821     
          24          25   1.6608912298375924     
          11          26   1.0825739167393875     
          25          26   1.2380084825609108     
          10          27  0.38212906624630738     
          26          27   1.3717845026233304     
           9          28   1.0918502296597583     
          27          28   1.4564207309158039     
          28          29   1.0293720012026806     
           8          30  0.12063321457024975     
          10          30  0.11687461834181175     
          27          30  0.18568071182187426     
          29          30   1.5362840429224118     
