           1           2   1.6498686035903170     
           1           3  0.14578891078871092     
           2           3   1.1464196286803550     
           3           4   1.4248393594342321     
           4           5   1.0429745236040038     
           5           6   1.7529787509341612     
           5           7   1.0364389235488467     
           7           8   1.0994102644053543     
           7           9  0.10323139848627942     
           8           9   1.5169407313154368     
           8          10  0.10851984318004412     
           9          10   1.0961272105589106     
           7          11  0.10508579354583217     
           8          11  0.37501775485197253     
           9          11  0.16657081648420344     
          10          11   1.0958704650150912     
           7          12   1.0989644108991701     
           8          12  0.25999753450190860     
           9          12  0.38636932393378254     
          10          12  0.10887714317539963     
          11          12   1.5363061201612129     
           1          13  0.17619176362138061     
           3          13  0.13788264609292281     
           4          13   1.2141182550115321     
           2          14   1.0621175143985730     
          13          14   1.3403443431967748     
          14          15   1.2888265892150919     
          15          16   1.8427317932854923     
          16          17  0.81275965876986378     
          15          18  0.13499486965639693     
          17          18   1.7284508201005826     
          15          19  0.14926990677484706     
          17          19   1.2543499634809592     
          18          19  0.17262700848849530     
          19          20   1.2367422893215638     
          20          21   1.2543496749305352     
          21          22   1.5803796171480742     
          22          23   1.6329956880603551     
          23          24   1.1973545596796409     
          22          25  0.15072810963265965     
          24          25   1.2172889443967081     
          25          26   1.3034953590351277     
          26          27   1.2390875469391525     
          27          28   1.7059980884335755     
          28          29   1.3365926780872754     
          29          30   1.1021853727369908     
          27          31  0.10041377749657672     
          28          31  0.23220174564847160     
          30          31   1.1698424294852507     
          27          32  0.18204853766013923     
          31          32   1.8893119199248130     
          29          33   1.1077689654324572     
          32          33   1.1696046850669783     
          33          34   1.1508159091785581     
          34          35   1.1862703030908799     
          35          36   1.2613998135580811     
          36          37   1.5944906678634787     
          36          38  0.18057938196617465     
          37          38   1.6110589507693800     
          36          39  0.25874690607080814     
          38          39   1.6099298484368660     
          35          40   1.2629321345391189     
          37          40  0.22787422642304625     
          38          40  0.17805738346398861     
          39          40   1.6008272201062488     
          26          41   1.2115817494700276     
          27          41  0.27821474176677330     
          28          41  0.17796218519832224     
          30          41   1.4329303986436557     
          16          42   1.0614588669333795     
          20          42   1.2239415852717728     
          22          42  0.10663179030370486     
          24          42   1.3186706953857419     
