           1           2   1.5631108328910681     
           1           3  0.15437880197742970     
           2           3   1.2877183370826555     
           2           4   1.0195235627972099     
           4           5   2.4795341301626612     
           5           6  0.99213100621447115     
           6           7   1.6747477080554183     
           6           8   1.1753618480558135     
           8           9   1.2912424374156388     
           9          10   1.1941293917102505     
          10          11   1.8608450058721984     
          11          12   1.2649103603632568     
          12          13   1.2511894655589495     
          10          14  0.14159572566602213     
          13          14   1.5740685262021057     
          14          15   1.6149257063785398     
          15          16   1.2139944549303729     
          14          17  0.14407672670465621     
          16          17   1.3451898368244517     
          17          18   1.1928392473113973     
          18          19   1.2791809284930835     
          19          20   1.6503865158631437     
          19          21  0.37514863120767927     
          20          21   1.6225914808537230     
          21          22   1.3639373867797440     
          22          23  0.99712629855652080     
          18          24   1.3041366955222060     
          19          24  0.15330858811922743     
          20          24  0.39199392263553556     
          21          24  0.15825140218736372     
          22          24   1.4175005266741123     
          12          25   1.1243583634416905     
          16          25   1.1642035297110123     
           9          26   1.2734106230445377     
          10          26  0.16246873135543391     
          11          26  0.16526401328872886     
          25          26   1.4014745125175354     
