           1           2   1.5712589788560871     
           2           3   1.1964295912551448     
           1           4  0.14451080184296650     
           3           4   1.7428561336249540     
           3           5  0.14037690756790233     
           4           5   1.6577849711711934     
           1           6  0.13398920801101041     
           3           6  0.33985525967744556     
           4           6  0.11043559570766140     
           5           6   1.6805456464194475     
           2           7   1.0363359573652255     
           6           7   1.3561301102566132     
           1           8  0.13459841089359997     
           7           8   1.2414880420127037     
           8           9   1.4623998725235943     
           1          10  0.11283980284798230     
           8          10  0.19056274739061982     
           9          10   1.4060965676600485     
           9          11  0.98596211542492618     
          11          12   2.4211719026135579     
          12          13   1.1846858657409733     
          11          14  0.10036692468801069     
          13          14   1.3812547130406962     
          14          15   2.1306327523326858     
          15          16   1.4163770628818031     
          16          17   1.0916499353729525     
          17          18   1.2851010057475878     
          18          19   1.7054287110136779     
          19          20   1.3532548567881011     
          20          21   1.0626048514626942     
          18          22  0.10594815459734341     
          21          22   1.7201704168815048     
          22          23   1.6218141716820595     
          23          24   1.1656805454832733     
          23          25  0.12245416137484454     
          24          25   1.5618988870334711     
          25          26   1.1272421459765460     
          26          27   1.2658642790244259     
          27          28   1.7230155334870820     
          28          29   1.3258578003082371     
          29          30   1.0555346459995021     
          30          31   1.1755251381136449     
          31          32   1.1302149732439806     
          32          33   1.3036955715506382     
          33          34   1.6830108764058500     
          31          35  0.11059974345052248     
          33          35  0.33367387860415254     
          34          35   1.6038415230232115     
          33          36  0.10068133292145869     
          35          36   1.3472199203106421     
          36          37  0.99818301809907317     
          32          38   1.3328181126965342     
          33          38  0.16719040297842194     
          34          38  0.43797523499861718     
          35          38  0.14728043555111098     
          36          38   1.3872381809271310     
          29          39   1.1908773247283972     
          39          40   1.0089103486741207     
          26          41   1.3265879329417962     
          27          41  0.27517468525967270     
          28          41  0.20737934359887283     
          39          41   1.4733698780193072     
          18          42  0.10014326579277995     
          20          42   1.2066708783398701     
          24          42   1.0289083463335960     
          17          43   1.3602586483169326     
          18          43  0.22372902793848876     
          19          43  0.18934249227882044     
          42          43   1.4210349523875356     
          13          44   1.0760961825828810     
          16          44   1.0914204806078183     
