   -0.06058869
    0.08686799
   -0.02673384
    0.09600544
    0.30285942
   -0.32481892
   -0.14618611
    0.07909902
   -0.01689678
    0.09732813
   -0.03707691
    0.04025215
   -0.09279112
    0.03627644
   -0.02783272
   -0.16378082
    0.12613615
    0.01888059
   -0.00368855
    0.30586598
   -0.27543497
   -0.22735887
    0.19676236
   -0.14451229
    0.16495228
   -0.16783713
    0.18515085
   -0.12606494
    0.14042757
   -0.02854339
   -0.03421126
    0.19939111
   -0.14559597
    0.09076931
   -0.05191183
   -0.07150363
    0.00634396
