           1           2   1.6480637305228942     
           2           3   1.0237854252217804     
           3           4   2.5135881111940188     
           3           5  0.10621827109895141     
           4           5   1.2796173480642634     
           5           6   1.0314009876308248     
           5           7  0.17278121050205567     
           6           7   1.1516850395085052     
           7           8   1.5060314673109723     
           5           9  0.12781706810548457     
           6           9  0.10575590272933892     
           7           9  0.14402509541406902     
           8           9   1.5478135685907914     
           5          10  0.12117889612554615     
           7          10  0.23299534432195979     
           8          10  0.14731151613389024     
           9          10   1.4816425972961602     
           6          11   1.1804584175762833     
           8          11  0.21059670084861190     
           9          11  0.15345362403273041     
          10          11   1.4603611801098777     
           1          12  0.11038401849485428     
           2          12   1.1883294921504031     
          12          13   1.2653933789525686     
          13          14   1.2191792197496358     
          12          15  0.11162240457643470     
          14          15   1.7660160610170756     
          15          16   1.3128725824873744     
          16          17   1.0925794717058961     
          14          18  0.12697654120073856     
          17          18   1.6763851399204786     
          18          19   1.6535489310334310     
          19          20   1.1794176476394014     
          20          21   1.5751869790851700     
          21          22   1.1184720332305988     
          22          23   1.3044980269363304     
          23          24   1.6218957018191884     
          23          25  0.39005025266319959     
          24          25   1.6272223601785234     
          25          26   1.3612048650504740     
          26          27  0.99334116895205349     
          22          28   1.3435657271764336     
          23          28  0.15698057135222945     
          24          28  0.38158859071598666     
          25          28  0.15861031443620205     
          26          28   1.4201587773954192     
          16          29   1.1766292099136202     
          20          29   1.0071756099302520     
          13          30   1.2461836470925431     
          14          30  0.16574076564718598     
          15          30  0.15089101257632942     
          29          30   1.4771292696854910     
