           1           2   1.5951217453218711     
           1           3  0.21005671056630745     
           2           3   1.0856706725082661     
           3           4   1.5162392342106783     
           3           5  0.17282109209656660     
           4           5   1.4189441242580023     
           4           6  0.85343567666814868     
           6           7   1.0555562119918400     
           7           8   2.7970790259591127     
           5           9  0.17569554294788417     
           6           9   1.6488197532528364     
           8           9  0.12920043357600325     
           9          10   1.0895934901713646     
           9          11  0.11578046830622829     
          10          11   1.6278918139916954     
          11          12   1.0798557609922410     
          12          13   1.8713443249774475     
          12          14  0.81015786878788099     
          14          15   1.8669756396111385     
          11          16  0.23418149699857699     
          14          16   1.0645645223858897     
           9          17  0.11054215459209490     
          10          17   1.0416926117872238     
          11          17  0.17888345410402887     
          15          17  0.13210730278253272     
          16          17   1.9977391434316714     
           2          18   1.0085642160694988     
           1          19  0.10910325347864402     
          18          19   1.3374830927591936     
          19          20   1.5813946165458803     
          18          21  0.11073763142023857     
          19          21  0.17941839004344307     
          20          21   1.6317662089774410     
           1          22  0.10846818853727315     
          19          22  0.19137926989546231     
          21          22   1.6225741663584903     
          18          23   1.3301785435768347     
          20          23  0.20973860458670798     
          21          23  0.17579577252328746     
          22          23   1.5829631934495976     
