   -0.09859072
    0.09851106
   -0.09392744
    0.16433393
   -0.08764266
    0.12180678
   -0.11612241
    0.06132472
    0.03166839
    0.12233760
   -0.18383218
    0.13240118
   -0.15806376
    0.13706123
   -0.01160506
   -0.04333947
    0.10490114
    0.04727423
   -0.08929448
   -0.05152409
   -0.04509962
    0.05205258
   -0.02315130
    0.07618506
   -0.03091203
   -0.00315746
    0.02821952
   -0.00147199
   -0.02137956
    0.02333480
   -0.04927027
    0.11574493
   -0.22562567
    0.32420290
   -0.34148453
   -0.00418127
    0.02760889
   -0.00506880
    0.19243068
   -0.08651540
   -0.09013943
