           1           2   1.7394753314932603     
           1           3  0.44866700882887872     
           2           3   1.4105624314719445     
           2           4  0.77209227431965244     
           3           5  0.19091821511051402     
           4           5   1.6939425077051860     
           4           6   1.2862778254551448     
           5           6  0.13619016841596662     
           6           7   1.1837493127311338     
           7           8   1.2341780612021396     
           6           9  0.10045500778132160     
           8           9   1.7501434255449730     
           9          10   1.2800243087270122     
          10          11   1.2178514617992460     
           8          12  0.13798771584761743     
          11          12   1.6122108350265563     
          12          13   1.5828581458983733     
          13          14   1.2221303276715096     
          12          15  0.15543854765262746     
          14          15   1.3298464498436278     
          15          16   1.1889446875498753     
          16          17   1.2763725121078915     
          17          18   1.6291370024418041     
          17          19  0.39573848546334789     
          18          19   1.6192108126209708     
          19          20   1.3587892442353930     
          20          21  0.99475778039655582     
          16          22   1.3114785300248948     
          17          22  0.15844779718881821     
          18          22  0.38117491653783081     
          19          22  0.14762741576142732     
          20          22   1.4277441314438488     
          10          23   1.1373325429595695     
          14          23   1.1685064913018683     
           7          24   1.3258179366379321     
           8          24  0.21523241202291621     
           9          24  0.16324272852820493     
          23          24   1.3795991004020129     
