           1           2   2.5771517793042129     
           2           3  0.90694051316089785     
           1           4  0.14046203942625354     
           3           4   1.7036367325577655     
           3           5   1.1868246664387039     
           5           6   1.2537730157340641     
           6           7   1.2024237190645100     
           7           8   1.8111937503476059     
           8           9   1.2579208150134349     
           9          10   1.2643519297713666     
           7          11  0.10457238855755566     
          10          11   1.5588601332643703     
          11          12   1.6128863234961150     
          12          13   1.2223312637922652     
          11          14  0.16108984364102813     
          13          14   1.3295918792682304     
          14          15   1.2371502508934298     
          15          16   1.2138614345612670     
          16          17   1.7205073344431714     
          17          18   1.3613921355878997     
          18          19   1.0037680502349557     
          18          20   1.2475900079314053     
          20          21   1.0085419053464115     
          15          22   1.2806350289694186     
          16          22  0.36327795879411467     
          17          22  0.14312494981243162     
          20          22   1.4644537785772924     
           9          23   1.1174199782704473     
          13          23   1.1673254960207184     
           6          24   1.2874355775505748     
           7          24  0.17156608947815064     
           8          24  0.17486473616895629     
          23          24   1.4045878870767723     
