           1           2   2.1718110226757643     
           1           3  0.11152939062532644     
           2           3   1.1214647629117085     
           3           4   1.0857935963775991     
           4           5   1.4703876502583395     
           5           6   1.3873719026139779     
           6           7   1.2403167323337168     
           7           8   1.6846108555131680     
           8           9   1.3774069007098610     
           9          10   1.0808515540238257     
          10          11   2.8157473016640906     
           9          12   1.2327927218410470     
           8          13  0.16748136973303368     
          12          13   1.2287611486305321     
          13          14   1.3145063508126225     
          14          15   1.1883053953502358     
          15          16   1.8664269044393911     
          16          17   1.2875287455470412     
          17          18   1.1007059034428119     
          17          19  0.10046705449116471     
          18          19   1.1224449746704588     
          19          20   1.2119537686871180     
          20          21   1.2478196739650158     
          21          22   1.6047815691271745     
          21          23  0.18865863126617041     
          22          23   1.5850004114148191     
          21          24  0.25767169934404005     
          23          24   1.6047968683540741     
          20          25   1.2490557837998646     
          22          25  0.23109337861241261     
          23          25  0.19517942046674516     
          24          25   1.6224500868895126     
          17          26   1.1680432676147001     
          26          27   1.0095402516058609     
          14          28   1.2354093185492427     
          15          28  0.29266987670278882     
          16          28  0.17198932204797926     
          26          28   1.5157114205596576     
           6          29   1.0706404263197400     
          12          29   1.1960659706445036     
           5          30  0.48742026362817636     
          29          30   1.4173260255470426     
           4          31   1.0865147303053766     
          30          31   1.4454724893710491     
          31          32   1.1714013494697169     
          32          33   1.4788811150064238     
          32          34  0.17408776473574600     
          33          34   1.3953221711261921     
          33          35  0.97236038134338898     
          34          35  0.11772834275526317     
          35          36   2.2587620564712334     
          35          37  0.13349839569530395     
          36          37   1.3529062912648955     
          37          38   1.2638271013077214     
          38          39   1.0263195390595394     
          39          40   1.5719114823153575     
          39          41   1.1155416097936359     
          40          41  0.13592609780632506     
          40          42  0.18319106678886921     
          41          42   1.6151776719894253     
          41          43  0.32149519602882670     
          42          43   1.3860598555469397     
          38          44  0.95438604172198360     
          43          44   1.0999881054263754     
          40          45  0.10769231226456458     
          41          45  0.10953700025240730     
          42          45  0.20975699557084926     
          43          45  0.17228731724093407     
          44          45   1.6488007363635482     
