           1           2   1.5625158798006373     
           2           3   1.0363940682632655     
           1           4  0.10077504006335465     
           3           4   1.4351886785793071     
           4           5   1.2966355256843569     
           5           6   1.2059029295095665     
           6           7   1.8654057272985420     
           7           8   1.0418806939157037     
           6           9  0.17723254014094419     
           8           9   2.7884368916509077     
           7          10  0.84582277919154414     
           6          11  0.17918395483430802     
          10          11   1.4109284168093550     
           6          12  0.14665657559827475     
          10          12   1.5844286136724905     
          11          12  0.19205555894727191     
           4          13  0.44160368963017227     
           5          13   1.2713572512949818     
          13          14   1.5192915303267094     
          14          15   1.0084712075667004     
          15          16   1.1913329507521646     
          15          17  0.17060434898523177     
          16          17   2.2265293508002553     
          17          18  0.85483759560432271     
          18          19   1.6669092452056467     
          18          20   1.3607074619269444     
          19          20  0.27181747791989042     
           3          21   1.1164931242817755     
          14          21   1.1596664757958366     
           4          22  0.14122242007644545     
          13          22  0.18036982684116526     
          21          22   1.4783180165828604     
