   -0.08947670
    0.11538551
   -0.11680517
    0.16050013
   -0.07755655
    0.11805150
   -0.12041084
    0.08638512
    0.02948883
    0.12641406
   -0.17124291
    0.13484714
   -0.11222277
    0.12557884
   -0.03110381
   -0.03508763
    0.15667946
   -0.21551743
    0.15840626
   -0.08759607
    0.06469295
   -0.03212549
    0.00396711
    0.03196427
    0.00280354
   -0.01070378
    0.09178349
   -0.07938199
   -0.09258843
    0.01109549
   -0.06016533
    0.12122735
   -0.20203479
    0.32494856
   -0.35249283
   -0.01056433
    0.02904859
   -0.02235353
    0.18175246
   -0.06557262
   -0.09001766
