           1           2   2.1269518213611809     
           1           3  0.10841157391838817     
           2           3   1.1268080289921953     
           3           4   1.0621578903659565     
           4           5   1.4903765047218718     
           5           6   1.3733775893583715     
           6           7   1.1924254153141420     
           7           8   1.6476396965749198     
           8           9   1.5819788468572951     
           9          10   1.0992263293107236     
          10          11   2.7945370074609506     
           9          12  0.98667290477477576     
           8          13  0.11389496376496172     
          12          13   1.6728996275926729     
          13          14   1.0905530382588260     
          14          15   1.2974093845793626     
          15          16   1.6448082140136211     
          16          17   1.3671040094413416     
          17          18   1.0235508410958569     
          18          19  0.94036560639965350     
          18          20  0.10001681814041377     
          19          20   1.8329253290927645     
          19          21  0.94188727261793415     
          21          22   1.3569219481038215     
          22          23   1.5539457989178507     
          21          24  0.11612828178857687     
          22          24  0.17218919652327924     
          23          24   1.6335328284831769     
          22          25  0.21783099167993719     
          24          25   1.6364710943192546     
          21          26   1.3483833564101277     
          23          26  0.20482043538989914     
          24          26  0.16794240738404898     
          25          26   1.5656390087320853     
          15          27  0.10231632476069469     
          17          27   1.2470170043068622     
          27          28   1.0018566756247171     
          14          29   1.3292742130492685     
          15          29  0.30124839272779502     
          16          29  0.18778127397906755     
          27          29   1.4370499396914662     
           6          30   1.1031049416320979     
          12          30   1.0296011050637182     
           5          31  0.42883813839995721     
          30          31   1.5462282190577539     
           4          32   1.0961612670687304     
          31          32   1.3000872910209547     
          32          33   1.3184069410456107     
          33          34   1.2099232554203299     
          33          35  0.12603747202125545     
          34          35   1.6477922678380992     
          34          36  0.98251419998566969     
          36          37   2.2869282509926552     
          36          38  0.16435420411036411     
          37          38   1.3321683833881246     
          38          39   1.0529398501066340     
          39          40   1.2798193116588314     
          38          41  0.38116873101609472     
          39          41   1.2998175078599030     
          40          41  0.48219436727772191     
