           1           2   1.5694180803321638     
           2           3  0.98965712254890781     
           1           4  0.10476448850004184     
           3           4   1.6772882678161940     
           4           5   1.1024457507548675     
           5           6   1.5817505945750019     
           6           7   1.5617116942576026     
           7           8   1.0762733473666415     
           6           9  0.13152653629590783     
           8           9   2.7967944563341782     
           7          10   1.1325042339206632     
           6          11  0.18134872155340004     
          10          11   1.5030299436719496     
          10          12   1.2472876621630051     
          11          12  0.59468875591672055     
           4          13  0.38080056373349824     
           5          13   1.1218672810426835     
          13          14   1.6252558621014510     
          14          15   1.1688650606171629     
          15          16   1.2980234076485238     
          15          17  0.39193198750807146     
          16          17   1.3929311855635906     
          17          18   1.0940032007959684     
          18          19   1.3499324068417182     
          19          20   1.6730743398282761     
          18          21  0.12260769332811421     
          19          21  0.14419927002854951     
          20          21   1.7659378373696550     
          19          22  0.36023161269758724     
          20          22  0.14676527044040014     
          21          22   1.6429163077345441     
          18          23   1.2404984591541734     
          20          23  0.11202479297912279     
          22          23   1.4050273981154187     
          23          24   1.0083128984336609     
           3          25  0.95474902994681876     
          14          25  0.95412328760012732     
           4          26  0.12179002690362770     
          13          26  0.11660999237916274     
          25          26   1.7875855494071660     
