           1           2   2.0558951672127881     
           2           3   1.1289907891690201     
           3           4   1.0552186475216190     
           4           5   1.4645208316061824     
           5           6   1.3865870016884636     
           6           7   1.1647780744641401     
           7           8   1.6722448771194440     
           8           9   1.5824652600596096     
           9          10   1.0989446317386289     
          10          11   2.7939435730185864     
           9          12  0.98376646714726834     
           8          13  0.11843285316309317     
          12          13   1.6660314952350959     
          13          14   1.0960656931467616     
          14          15   1.2936487802573116     
          15          16   1.6836221644183202     
          16          17   1.3668344485105191     
          17          18  0.96656444762542115     
          18          19   1.0965428484432611     
          19          20   1.1201009052057700     
          20          21   1.4600829676002085     
          19          22  0.16443511174621916     
          21          22   1.3929526805565258     
          19          23  0.23751877483792475     
          20          23  0.12011888870761836     
          22          23   1.6205969409524295     
          20          24   1.0216781198053315     
          23          24   1.0946891677750401     
          19          25  0.10260608215113902     
          21          25  0.14016515534946755     
          22          25  0.38430162703606946     
          24          25   1.4960612277729961     
          15          26  0.10365760031126528     
          17          26   1.2475439768107321     
          26          27   1.0066670310655432     
          14          28   1.3267479936909841     
          15          28  0.25939654176936067     
          16          28  0.19727859275126278     
          26          28   1.4439709141874135     
           6          29   1.1164736053152224     
          12          29   1.0313016027128985     
           5          30  0.45041060698763696     
          29          30   1.5101479387705685     
           4          31   1.1355846144183586     
          30          31   1.3672062220073555     
          31          32   1.1859103360086536     
          32          33   1.4813294560088430     
          32          34  0.19691675869145775     
          33          34   1.3996286936722420     
          33          35  0.96667416385084937     
          34          35  0.11921482465946978     
          35          36   2.2307185211917404     
          35          37  0.15192742230095577     
          36          37   1.3676973587905841     
          37          38   1.0326910928179220     
          37          39  0.41924490519235919     
          38          39   1.3012372672709851     
          38          40   1.3006354950971304     
          39          40  0.44051617189448566     
