   -0.09493467
    0.14255694
   -0.15778740
    0.16575543
   -0.15100120
    0.20116115
   -0.13872928
    0.13211269
   -0.06941599
   -0.05170058
    0.16726386
   -0.16700779
    0.05059766
    0.07159169
    0.02204437
   -0.01160954
    0.00611950
    0.20835510
   -0.15181872
   -0.06883204
    0.08905604
   -0.05865619
   -0.05721361
    0.03028682
   -0.02937296
    0.16549491
   -0.15796954
    0.30730823
   -0.29721225
   -0.17033018
    0.08445720
   -0.00939209
    0.09704525
   -0.04119446
    0.03449071
   -0.09325026
    0.02928166
   -0.02755044
