           1           2   1.6760315691832077     
           2           3   1.1098208141943315     
           1           4  0.12589550946929459     
           3           4   1.6112794657911109     
           4           5   1.6447186005948138     
           5           6   1.1730280527150931     
           1           7  0.13458966674720152     
           4           7  0.20235379411222967     
           5           7  0.11099871059716761     
           6           7   1.3167453342779798     
           7           8   1.2022739197580383     
           8           9   1.2325440869741067     
           9          10   1.7533301539998585     
          10          11   1.3486659618236543     
          11          12  0.97066937241642770     
          12          13   1.1051729114055038     
          13          14   1.0812503338634336     
          14          15   1.3275113413478923     
          15          16   1.6665961715326958     
          13          17  0.11501537203185781     
          14          17  0.10840774338040128     
          15          17  0.33957237051248390     
          16          17   1.6046515294878263     
          15          18  0.10099619792281574     
          17          18   1.3493575725649725     
          18          19   1.0021576480887280     
          14          20   1.3553048656206927     
          15          20  0.16928020614918818     
          16          20  0.40922448174982329     
          17          20  0.15085144799014849     
          18          20   1.3825607712813335     
          11          21   1.2379116577494593     
          21          22   1.0123533096923911     
           8          23   1.2907818380477760     
           9          23  0.27502548970555873     
          10          23  0.14772025912722370     
          21          23   1.4642758385212538     
           2          24   1.0027039298187825     
           6          24   1.2394600637582027     
           1          25  0.17756595272423953     
          24          25   1.3897804307603348     
          25          26   1.8064155280678649     
          26          27  0.99300478972738238     
          26          28  0.90586875003738265     
          28          29   1.7022834889755589     
          28          30   1.1975921165681149     
          29          30  0.13125876407366446     
          30          31   1.6231343694447780     
          30          32  0.11454765619680066     
          31          32   1.5339584950181497     
          32          33   1.2099625414613495     
          33          34   1.1083469449624839     
          32          35  0.10542853071110722     
          34          35   1.4202218915190932     
          35          36   1.1297962921371139     
          34          37  0.22054140477223264     
          35          37  0.21023150771111765     
          36          37   1.1247877361007668     
          31          38  0.11772627442414139     
          33          38   1.1030775994314608     
          34          38  0.15984595871968407     
          35          38  0.20758594103007111     
          37          38   1.4514266810895398     
