           1           2   1.8505126683169955     
           2           3   1.0426327142920759     
           3           4   1.2631130159923367     
           3           5  0.12899614345020813     
           4           5   1.9504532441971778     
           5           6   1.1751315031211522     
           4           7  0.15444793583619681     
           6           7   1.3965544084889525     
           4           8  0.18466927326592905     
           5           8  0.24627998324610173     
           6           8   1.3417584767831046     
           7           8  0.20388075652219240     
           3           9   1.2027565574028256     
           9          10   1.4484989378597937     
           1          11  0.17617333390811968     
           9          11   1.2022667772111948     
           2          12  0.92112009528600769     
          11          12   1.3207571599815915     
          12          13   1.4948844759675279     
          13          14   1.6167457863626413     
          14          15   1.0150768408045145     
          13          16  0.13537884982255033     
          15          16   1.5431737462070780     
          13          17  0.10062300736414159     
          15          17   1.2503930734795150     
          16          17  0.11535598581746824     
          17          18   1.2478808563370827     
          18          19   1.3608198581380273     
          19          20   1.3859174113347277     
          20          21  0.99322500947578152     
          21          22   1.3659340868835999     
          22          23   1.6404103696101395     
          21          24  0.11780007996120755     
          22          24  0.38138255266496546     
          23          24   1.6359384624891899     
          24          25   1.3158258389535282     
          25          26   1.0264323682129839     
          26          27   1.5449218497844694     
          21          28   1.3955029224725428     
          22          28  0.15188698266489675     
          23          28  0.44153191127769187     
          24          28  0.15076031577900123     
          25          28   1.3349227453638919     
          19          29  0.17585778242165212     
          20          29   1.3290896759699899     
          19          30  0.22866222558008789     
          29          30   1.6460021747669873     
          14          31   1.1095032478369125     
          18          31   1.0831817392233496     
          30          31   1.3923057539959718     
