           1           2   1.3928483345626943     
           1           3  0.11158176550741863     
           2           3  0.97536832719516020     
           3           4   2.2531625572701444     
           3           5  0.19089227658424382     
           4           5   1.3655059232448288     
           5           6   1.0946078403270429     
           6           7   1.1141617994656852     
           7           8   1.4376722509617019     
           7           9  0.25303142452309269     
           8           9   1.4305381790863780     
           7          10  0.22128587261801108     
           8          10  0.22114980747812632     
           9          10   1.4733886049533815     
           5          11  0.16147167756205832     
           6          11   1.0833344251322474     
           7          11  0.12953670714990584     
           8          11  0.19396129329421882     
           9          11  0.24465313096820737     
          10          11   1.3549696536666946     
           1          12  0.20931493724560790     
           2          12   1.4856267213311976     
          12          13   1.1819164352950604     
          13          14   1.2425211663521980     
          14          15   1.7603741058455817     
          15          16   1.2943016901352631     
          16          17   1.1544161196155418     
          14          18  0.12568451776325312     
          17          18   1.5727198805910689     
          18          19   1.7651023031747977     
          19          20   1.1063466254106542     
          20          21   1.6141023592291903     
          21          22   1.1092124526909488     
          22          23   1.3136155012389865     
          23          24   1.6270232362005879     
          23          25  0.38811178298550886     
          24          25   1.6316710726060557     
          25          26   1.3634059050684684     
          26          27  0.99700058355696419     
          22          28   1.3405906862086026     
          23          28  0.15780141003070733     
          24          28  0.36637298014704361     
          25          28  0.15701848802620613     
          26          28   1.4165363209107786     
          16          29   1.1618115334489054     
          20          29   1.0185330350354971     
          13          30   1.2809055811981473     
          14          30  0.18279324127429988     
          15          30  0.15999928922927620     
          29          30   1.4681284726174659     
