   -0.09832972
    0.08056921
   -0.10171772
    0.16185028
   -0.07895502
    0.11880590
   -0.13709435
    0.09050093
    0.01124713
    0.11904763
   -0.20118469
    0.13087432
   -0.09137973
    0.11994892
   -0.04793484
   -0.03906025
    0.16122516
   -0.17177573
    0.05252100
    0.07537491
   -0.01465110
    0.00163006
    0.02690846
    0.00373868
   -0.00774564
    0.08978679
   -0.07256579
   -0.08585601
    0.02009050
   -0.03449515
    0.12599748
   -0.20935142
    0.32517343
   -0.33675505
    0.00094813
    0.02966103
    0.01557097
    0.06893674
   -0.05322598
    0.01125664
   -0.05958613
