   -0.09721569
    0.01098836
    0.13450878
    0.02873139
   -0.10324701
   -0.00774122
    0.08385207
   -0.10790175
    0.30906608
   -0.33539923
    0.09076522
   -0.00853910
    0.08019814
   -0.06647258
    0.12411014
    0.01647948
    0.03056677
    0.31105715
   -0.26967701
   -0.21130615
    0.19456898
   -0.15212951
    0.16430957
   -0.16598520
    0.18683951
   -0.15617175
    0.13969515
   -0.03978455
   -0.03080715
    0.19266508
   -0.15422955
    0.09014551
   -0.06399224
   -0.06362505
   -0.01869317
   -0.13562946
