           1           2   1.8950012440922757     
           1           3  0.24348512958620899     
           2           3   1.9388319796119806     
           3           4  0.99314616380542120     
           3           5  0.10442065627116649     
           4           5   1.6527858829439455     
           4           6   1.1995118616930454     
           5           6  0.13115231767324542     
           6           7   1.2320977101504063     
           7           8   1.2356306813731017     
           6           9  0.10376932762600528     
           8           9   1.7427894457910478     
           9          10   1.3044458875602811     
          10          11   1.1464153453051367     
          11          12   1.5887306434945463     
          12          13   1.7776589294334502     
          13          14   1.1029759808955621     
          14          15   1.6226740629461662     
          15          16   1.1083535728597591     
          16          17   1.3140625345720520     
          17          18   1.6281559247642041     
          17          19  0.39210209514244893     
          18          19   1.6334974458228280     
          19          20   1.3628359471295381     
          20          21  0.99386906213661586     
          16          22   1.3402463130154783     
          17          22  0.15548760374113876     
          18          22  0.38365768924819887     
          19          22  0.15501160369764699     
          20          22   1.4182061610005838     
          10          23   1.1648023507278540     
          14          23   1.0145578813554075     
           7          24   1.2587012043019774     
           8          24  0.15340267189469362     
           9          24  0.19164677185485324     
          23          24   1.4830523215393248     
