           1           2   1.5443472506106604     
           2           3   1.0217271547914233     
           3           4   1.4729178931141143     
           4           5   1.2531454249867262     
           5           6   1.2804409895344047     
           6           7   1.8160449449541931     
           7           8   1.0512659748231159     
           6           9  0.15639530791046316     
           8           9   2.7907899340876177     
           7          10  0.91635400438229953     
          10          11   1.7192015878132254     
          10          12   1.1810640386207434     
          11          12  0.11075161925006660     
          12          13   1.6154231703587008     
          12          14  0.12871586523539572     
          13          14   1.5363128270892921     
          13          15  0.16185405857422858     
          14          15   1.5355241044682186     
          15          16   1.5575209014636950     
          14          17  0.13241011661541791     
          15          17  0.10775591615154116     
          16          17   1.5881653330652452     
          17          18   1.1770764255497772     
          17          19  0.10789374736892754     
          18          19   1.6995206027486913     
          18          20  0.91983732634810644     
          20          21   1.0458462327839937     
          21          22   2.7933593436181789     
          20          23   1.8253690677685397     
          22          23  0.15671132140799918     
          23          24   1.2589609922651257     
          24          25   1.2546181892453714     
          25          26   1.5381291066832981     
          26          27   1.0307168113716134     
          26          28   1.1521310192519838     
          25          29  0.19532575266742341     
          28          29   1.4889928771331673     
          28          30   1.1129636226610069     
          30          31   1.0289396838050469     
          31          32   1.5489173048673559     
          24          33   1.2723355109001484     
          25          33  0.45525943010660241     
          29          33  0.14601966642461914     
          30          33   1.4626811739196950     
           4          34  0.45739268303529113     
           5          34   1.2571746449406289     
          34          35   1.5476975714811394     
          35          36   1.0297194517585366     
           3          37   1.1150623875768635     
          35          37   1.1488241253078075     
           4          38  0.15217318839316163     
          34          38  0.18959348228446352     
          37          38   1.4890082193092116     
