           1           2   2.6226998578916287     
           2           3  0.89227221956458480     
           1           4  0.16593779102835982     
           3           4   1.7101035679559147     
           3           5   1.1883087473370213     
           5           6   1.2516427959598291     
           6           7   1.1967564574065146     
           7           8   1.9769577390399988     
           8           9   1.2844330519925193     
           9          10   1.2351705911478945     
          10          11   1.5698449691019993     
          11          12   1.6084472469046356     
          12          13   1.2216289651764438     
          11          14  0.18144170190029557     
          13          14   1.3023153711723385     
          14          15   1.2571188051601068     
          15          16   1.2084540720789849     
          16          17   1.7272995246848759     
          17          18   1.3580419446044016     
          18          19   1.0044851583182313     
          18          20   1.2476374516642115     
          20          21   1.0092351773112103     
          15          22   1.2676941626751206     
          16          22  0.36749095080098609     
          17          22  0.15132054220714047     
          20          22   1.4679983101889504     
           9          23   1.1491440772819457     
          13          23   1.1715015975638787     
           6          24   1.3147071945834559     
           8          24  0.23595116873026437     
          23          24   1.3686459512867513     
