   -0.13789737
    0.14120522
    0.03013210
    0.04424480
    0.09035268
   -0.04692630
    0.19385586
   -0.27415411
    0.25688889
   -0.22262764
   -0.04713102
   -0.00269451
    0.32386115
   -0.31680356
   -0.12412163
    0.07399591
    0.07842662
    0.01195246
   -0.01280147
    0.01217452
    0.07792583
    0.07623734
   -0.13806340
    0.31666573
   -0.34622359
    0.03307173
    0.13699724
   -0.14035053
    0.06074770
    0.09053624
   -0.01278219
   -0.01246351
    0.22690040
   -0.27282859
    0.22103370
   -0.26467544
   -0.05114452
   -0.07351675
