           1           2   2.5844057949779522     
           2           3  0.90880750848841130     
           1           4  0.27672960205975661     
           2           4  0.10563162590071139     
           3           4   1.3570447625641424     
           3           5   1.5171543170570421     
           4           5  0.16568713306684063     
           5           6   1.1471799242414726     
           6           7   1.4023233731177214     
           7           8   1.4888482054532772     
           8           9  0.98743901495781183     
           9          10   1.5624246175294076     
          10          11   1.1279936745882644     
          11          12   1.3064018172303611     
          12          13   1.5884481378611313     
          12          14  0.35602123480195763     
          13          14   1.6763928951853795     
          14          15   1.2129310291829118     
          12          16  0.13316810120097688     
          15          16   1.3833568789988162     
          11          17   1.3387360850982668     
          12          17  0.16124621575920114     
          13          17  0.38004193290960475     
          14          17  0.17101021945874206     
          15          17   1.2584540492398824     
          16          17  0.14296659999817243     
           9          18   1.1995973670718920     
          10          18  0.11954482901891170     
          18          19   1.7002304895360081     
          19          20   1.7148831843074406     
           8          21   1.1593600212163908     
          20          21   1.0669894521029024     
           7          22  0.45728135058024993     
          21          22   1.3943972027367497     
           6          23   1.1502033809489083     
          22          23   1.4893129368042413     
          23          24   1.0058422904378403     
          24          25   1.0595119470482006     
          25          26   1.6246641380306812     
          25          27  0.38987664052774662     
          26          27   1.6613787533134261     
          27          28   1.1349420117459710     
          28          29   1.0669221758536798     
          29          30   1.3822869408742746     
          30          31   1.1635186644686357     
          31          32   1.1344366310087020     
          28          33   1.1024593490648187     
          29          33  0.13540050062254794     
          32          33   1.5085716757372059     
