           1           2   1.4539454971401553     
           1           3  0.57882230209589858     
           2           3   1.4682734269711122     
           2           4  0.93399385835295312     
           4           5   1.7043899993150620     
           5           6   1.0996519289533440     
           6           7   1.5797406106879888     
           7           8   1.6604231266900289     
           8           9  0.85318521897420740     
           9          10   1.7593108547916010     
           9          11   1.1915357172535956     
          11          12   1.2541931439587770     
          12          13   1.3222823885948407     
          13          14   1.6812363230586067     
          13          15  0.12837926561433749     
          14          15   1.8166012111156200     
          13          16  0.37087912983802884     
          14          16  0.11509393854251958     
          15          16   1.6174166999354915     
           8          17   1.0380057462751282     
          12          17   1.1180017510610318     
          14          17  0.10891551725799062     
          16          17   1.4445413179708511     
           5          18  0.41452069466711011     
           6          18   1.1169507814346511     
          18          19   1.7008897594009338     
          19          20  0.93427240540030265     
          20          21   1.4676187352417565     
          20          22   1.4562318626987725     
          21          22  0.57053342353738512     
           4          23  0.95912403024607995     
          19          23  0.96071612602599810     
           5          24  0.12799436794500904     
          18          24  0.12900183525909986     
          23          24   1.7771200181725630     
