   -0.09770139
    0.08293278
   -0.10707886
    0.16111450
   -0.08086980
    0.11576076
   -0.13358460
    0.08780014
    0.02392019
    0.12569262
   -0.17611946
    0.13874755
   -0.10917799
    0.13013434
   -0.03014512
   -0.05575988
    0.16540518
   -0.13460753
    0.04480411
    0.07416429
    0.02991151
   -0.01386173
    0.01771077
    0.06127156
    0.13550371
   -0.17653405
   -0.06537954
    0.08733138
   -0.06619548
   -0.09951722
    0.01444027
   -0.05650107
    0.12553814
   -0.22341979
    0.32178854
   -0.36151575
   -0.01084825
    0.02188492
   -0.00763179
    0.19864646
   -0.08522538
   -0.07282902
