           1           2   2.1717020824201771     
           1           3  0.16533404361447585     
           2           3   1.2054202912861902     
           3           4   1.3379028944894953     
           4           5   1.9865878422263497     
           5           6   1.3206948518275088     
           4           7  0.12240132634118929     
           6           7   1.3361604434658121     
           7           8   1.7951544941904947     
           8           9  0.85949204990982486     
           7          10  0.16472490640026691     
           9          10   1.4993294292334363     
           7          11  0.12047777683902697     
           9          11   1.4428369276326325     
          10          11  0.16244124238329302     
          11          12   1.1354301991184277     
          12          13   1.3874865291853580     
          13          14   1.6780460796729271     
          12          15  0.10610985768710463     
          13          15  0.13950146925926082     
          14          15   1.8280933518855618     
          13          16  0.36260072542284483     
          14          16  0.11083073280340733     
          15          16   1.6368775120418317     
           8          17   1.0603204245226445     
          12          17   1.1430928055013851     
          14          17  0.11127277728700856     
          16          17   1.4256025678583275     
           3          18   1.1037738705527247     
           4          18  0.11689287496503636     
           5          18  0.11959005433142149     
           6          18   1.0794496858159026     
