           1           2   2.7906557850459905     
           2           3   1.0478101904154038     
           1           4  0.15713290447762968     
           3           4   1.7643671200576732     
           4           5   1.2231027084033472     
           5           6   1.5428283265331879     
           6           7   1.1030651165764791     
           7           8   1.8236742005426065     
           7           9  0.86498419600859222     
           6          10  0.11263910762433260     
           9          10   1.6214881762400002     
           4          11  0.27059011804121591     
           6          11  0.22622843133044626     
           9          11   1.0699988056241569     
           5          12   1.0149267670194524     
           6          12  0.25553936761272222     
           9          12  0.10278174883801397     
          10          12  0.19156874787999856     
          11          12   2.0138038000332332     
           3          13  0.93761968623398151     
          13          14   1.6928880278261929     
          13          15   1.1743964747119744     
          14          15  0.10291088042786975     
          15          16   1.6146097784863773     
          15          17  0.11557512254929921     
          16          17   1.4430572289898098     
          17          18   1.5424709134856165     
          16          19  0.12913660678899466     
          17          19  0.16030238732652685     
          18          19   1.7726640191335701     
          19          20   1.0900783017047131     
          20          21   1.2989185290804928     
          21          22   1.6284909149479032     
          21          23  0.18848243011946686     
          22          23   1.6029627287268695     
          21          24  0.21784728063573977     
          23          24   1.6093457536129014     
          20          25   1.3027588606445586     
          22          25  0.21302778003168849     
          23          25  0.17662194168547826     
          24          25   1.6348755417747407     
