           1           2   1.9544775121114955     
           2           3   1.1344701786467661     
           3           4   1.1026485567315627     
           4           5   1.4681955189249307     
           5           6   1.4006655126382925     
           6           7   1.1826174680567862     
           7           8   1.6433585679659291     
           8           9   1.5940942499912159     
           9          10   1.0983880821441523     
          10          11   2.7941209192597216     
           9          12  0.98002185925265461     
           8          13  0.11419711147881575     
          12          13   1.6876516759504054     
          13          14   1.0808726738639798     
          14          15   1.3120764584798221     
          15          16   1.6566744167953356     
          16          17   1.3841134744129080     
          17          18   1.0027023584149901     
          18          19   1.2912759019085183     
          19          20   1.1415987064440167     
          20          21   1.2380738864693928     
          21          22   1.3249665272636542     
          21          23  0.21496626998135432     
          22          23   1.5178802633537973     
          21          24  0.13028600668711329     
          22          24  0.25254253757167316     
          23          24   1.4488545945814142     
          20          25   1.2368807581613197     
          21          25  0.22755056847862259     
          22          25  0.13851105021011093     
          23          25  0.19919576844191628     
          24          25   1.3268843643372223     
          15          26  0.10792859840300149     
          17          26   1.2667009628468580     
          26          27  0.99838889003079312     
          14          28   1.3306147295726909     
          15          28  0.31397838264565137     
          16          28  0.16848780937675417     
          26          28   1.4299156046774126     
           6          29   1.0901457167361692     
          12          29   1.0193944958328491     
           5          30  0.43130779551938220     
          29          30   1.5613848139708622     
           4          31   1.0644656745399070     
          30          31   1.3050108495365753     
          31          32   1.3460583580750314     
          32          33   1.1704394842717130     
          33          34   1.6696519083318713     
          33          35  0.99003111453417625     
          35          36   2.2837393469657252     
          35          37  0.13903331871405833     
          36          37   1.3234497011629931     
          37          38   1.0643127133911017     
          35          39  0.13135699942245749     
          37          39  0.41560537152458044     
          38          39   1.2877109197950449     
          38          40   1.2830888970774907     
          39          40  0.53591956739479607     
