           1           2   1.8603791030465517     
           1           3  0.14298579609278042     
           2           3   1.0527345078460204     
           3           4   1.5315723564309431     
           4           5  0.97398477183967291     
           5           6   1.6932783595798249     
           5           7   1.1674289323737923     
           6           7  0.12219298187086042     
           7           8   1.5887135570559332     
           7           9  0.13399780186873539     
           8           9   1.7405960085700900     
           9          10   1.1063114192168808     
          10          11   1.1630857960920618     
          10          12  0.13508695596308179     
          11          12   2.1277448988733578     
          10          13   1.1393643924596804     
          12          13  0.12857300824790849     
          10          14  0.11788749156156966     
          11          14  0.16618137158465168     
          12          14  0.17984403077074571     
          13          14   2.1301243196945125     
           1          15  0.16893307255866516     
           4          15   1.1876418555033368     
           1          16  0.10972469514164979     
           2          16  0.94934283960698396     
          15          16   1.3124598840278825     
           3          17  0.10318653723484392     
          16          17   1.4434009067844165     
          17          18   1.5542095337599227     
          18          19  0.79090512041394734     
          17          20  0.11808223105008830     
          19          20   1.7527668623914643     
          17          21  0.13717134908793369     
          19          21   1.2481181821995846     
          20          21  0.14472979586808288     
          21          22   1.2526604835069211     
          22          23   1.2593792421376637     
          23          24   1.5672246641527392     
          24          25   1.6800284458331405     
          25          26   1.1627129553539608     
          24          27  0.19790337506093642     
          26          27   1.2867144197616549     
          27          28   1.2507633193352843     
          28          29   1.2177694430225952     
          29          30   1.7806927062840354     
          30          31   1.3585316872435205     
          31          32   1.0071103072359173     
          31          33   1.2467664928773201     
          33          34   1.0081232189220057     
          28          35   1.2696865820724981     
          29          35  0.32308500582925714     
          30          35  0.15169899847591650     
          33          35   1.4589247597236477     
          18          36   1.0995660386765564     
          22          36   1.2129548981946636     
          26          36   1.2966243065739940     
