           1           2   2.5699378050948796     
           2           3  0.90776345659289870     
           1           4  0.13410739323117671     
           3           4   1.6866033053425971     
           3           5   1.1983653238314822     
           5           6   1.2403410052997597     
           6           7   1.2242111106962612     
           7           8   1.8769474822316150     
           8           9   1.3113398912996448     
           9          10   1.1024728911455874     
          10          11   1.6734033785655285     
          11          12   1.6401433223068556     
          12          13   1.1851401634957495     
          13          14   1.5600851893710033     
          14          15   1.1445817225880424     
          15          16   1.2718253629344589     
          16          17   1.5789933134527947     
          17          18   1.2950144007930655     
          18          19   1.0353698634548689     
          19          20   1.0271852107734871     
          20          21   1.3275065609320418     
          21          22   1.5430581886039523     
          20          23  0.10523095191383280     
          21          23  0.18176145974225008     
          22          23   1.6328252199972537     
          21          24  0.21345979279533955     
          23          24   1.6438842239174443     
          20          25   1.3266348760287081     
          22          25  0.21303531227163119     
          23          25  0.17813369068133331     
          24          25   1.5414041597459085     
          16          26  0.11652737206272498     
          17          26  0.21823656273180833     
          18          26   1.2895228280766240     
          15          27   1.2616247373997644     
          16          27  0.26360578866633477     
          17          27  0.12165872393292411     
          26          27   1.5737856181336842     
           9          28   1.1673582065691934     
          13          28   1.0072522379454714     
           6          29   1.2643982334450508     
           8          29  0.20284734399016663     
          28          29   1.4845053723948383     
