           1           2   1.5360772849670667     
           2           3   1.0219249309374168     
           1           4  0.12939076104839206     
           3           4   1.4524167517283166     
           4           5   1.3849761757262700     
           5           6   1.1654410952347731     
           6           7   1.6451337368995289     
           7           8   1.5619235305459533     
           8           9   1.1047644861471515     
           9          10   2.7755912389856885     
           8          11  0.97927385024703451     
           7          12  0.19198850506814524     
          11          12   1.6546262023973612     
          12          13   1.1072100397656961     
          13          14   1.2898172632965625     
          14          15   1.6920221453900250     
          15          16   1.3991992589999540     
          16          17  0.96384409203460542     
          17          18   1.0755025722672971     
          18          19   1.4988385071651491     
          17          20  0.10409037284313750     
          19          20   1.2856544438885371     
          20          21   2.0819960702080955     
          18          22   1.1423520867131345     
          19          22  0.15117589964998099     
          20          22  0.14444168958031559     
          21          22   1.1910227057640854     
          14          23  0.10842988279631934     
          16          23   1.2875002309325756     
          23          24  0.99457924089325189     
          13          25   1.3363621710958762     
          14          25  0.30747445269309998     
          15          25  0.17476165481587844     
          23          25   1.4397526459039918     
           5          26   1.1391196788484665     
          11          26   1.0510502175974870     
           1          27  0.11400457210518583     
           4          27  0.40091208267834999     
          26          27   1.4820070364807039     
           3          28   1.1107314218778848     
          27          28   1.4185067568590513     
          28          29   1.1751966989296436     
          29          30   1.4781284152133685     
          29          31  0.16519410476089719     
          30          31   1.3989317164442148     
          30          32  0.96922508809624075     
          31          32  0.12628873940528387     
          32          33   2.2640175317726579     
          31          34  0.11332590177519028     
          32          34  0.14330855756294358     
          33          34   1.3422646377485714     
          34          35   1.0581779946580119     
          32          36  0.10633940109692906     
          34          36  0.38684533750761158     
          35          36   1.2906845470570334     
          35          37   1.2806799555788262     
          36          37  0.50118936651220891     
