   -0.09561818
    0.08603553
   -0.11282094
    0.16161433
   -0.06439717
    0.11498725
   -0.12216130
    0.09205302
    0.02526785
    0.12596072
   -0.17582511
    0.13606616
   -0.12181990
    0.13247665
   -0.02622803
   -0.06099733
    0.09579418
    0.05732766
   -0.06757431
   -0.03022293
   -0.00976934
    0.05478311
   -0.00631624
    0.07791994
   -0.03772886
   -0.00655400
    0.03753226
   -0.00457777
   -0.02315037
    0.01217411
   -0.07299172
    0.12379460
   -0.19218219
    0.29874933
   -0.42941113
    0.00484682
    0.01438604
   -0.01517836
    0.17894763
   -0.06691455
   -0.08827743
