           1           2   2.0463550222738305     
           2           3   1.1345310380060054     
           3           4   1.0663796341080283     
           4           5   1.4539209589029263     
           5           6   1.3899094230508067     
           6           7   1.1640464803811905     
           7           8   1.6895904132403445     
           8           9   1.5736596731814474     
           9          10   1.0994279647080323     
          10          11   2.7930846437708019     
           9          12  0.99908475948179842     
           8          13  0.10492091439684761     
          12          13   1.6445645832706206     
          13          14   1.1261812414593837     
          14          15   1.2778088689077340     
          15          16   1.6538461286048971     
          16          17   1.4039412487047167     
          17          18   1.1111053028014160     
          14          19   1.3106433755088995     
          15          19  0.23183669149232169     
          16          19  0.21732760254460043     
          18          19   1.3952243314054484     
          16          20  0.19702712458811242     
          18          20   1.1543019784583495     
          15          21  0.15285899068767603     
          20          21   1.4346761788212379     
          17          22   1.0515691603514337     
          21          22   1.1211392088164578     
          22          23   1.1785237346298554     
          23          24   1.2214389176011109     
          24          25   1.2488355815186483     
          25          26   1.5959873589240863     
          25          27  0.18045752403934631     
          26          27   1.5901042204763851     
          25          28  0.25126424853631568     
          27          28   1.6118446469987835     
          24          29   1.2505525546696601     
          26          29  0.23136970786841118     
          27          29  0.19024723827059617     
          28          29   1.6113766943725041     
           6          30   1.1132756306395850     
          12          30   1.0365832889440005     
           5          31  0.43490534334117431     
          30          31   1.5068807956508676     
           4          32   1.1348794807893972     
          31          32   1.3638022410598569     
          32          33   1.1847516361216619     
          33          34   1.4435114638246886     
          33          35  0.17040506861393148     
          34          35   1.3864444948515842     
          34          36   1.0006566257994227     
          36          37   2.3044009215226886     
          36          38  0.13155141594981754     
          37          38   1.2980761442360753     
          38          39   1.0751027428824418     
          38          40  0.12672904936213053     
          39          40   1.2772712767488865     
          36          41  0.15860728429786125     
          38          41  0.45367017224358058     
          39          41   1.2789889026153705     
          40          41  0.54487815290020924     
