           1           2   2.5664848021021522     
           2           3  0.91121734878959770     
           1           4  0.12081315147800489     
           3           4   1.6718686795887627     
           3           5   1.2172378663144900     
           4           5  0.11601847967986291     
           5           6   1.2733115795480594     
           6           7   1.3555299615235898     
           7           8   1.3613329812525157     
           8           9   1.1543006123167661     
           9          10   1.3341624214874457     
          10          11   1.2034131877441974     
          11          12   1.2473429119800457     
          12          13   1.7595388768643945     
          13          14   1.3645679550366097     
          14          15  0.99836328611822800     
          14          16   1.2540397026448415     
          16          17   1.0039076158828975     
          11          18   1.2926348629882187     
          12          18  0.27629766487598567     
          13          18  0.15507472998022473     
          16          18   1.4471540222103463     
           9          19   1.2105530026165450     
          10          19  0.11128107313076953     
          10          20  0.22071953535474975     
          19          20   1.5955238390580182     
          20          21   1.5867886774006941     
           8          22   1.1414847577068830     
          21          22   1.2173677473130011     
           5          23  0.16633610845788974     
           7          23  0.20419258005692167     
          22          23   1.3404462438442131     
           6          24   1.0980799048813734     
          23          24   1.4893794462224452     
          24          25   1.0580621872172953     
          25          26   1.1558409890139572     
          26          27   1.6245009282960332     
          26          28  0.28036021780164477     
          27          28   1.7197440698529809     
          28          29   1.1033731096803847     
          29          30   1.0682987419932779     
          30          31   1.5006094307159952     
          31          32   1.0838761354556246     
          30          33  0.29541780201532919     
          31          33  0.14173795987663024     
          32          33   1.0907845699833294     
          29          34   1.0690400357628778     
          30          34  0.18942278567107282     
          31          34  0.28897212585006349     
          33          34   1.4948664722794593     
