           1           2   2.0681957830553168     
           2           3   1.1324752093802690     
           3           4   1.0550712191021590     
           4           5   1.4821515517432240     
           5           6   1.3764246858219826     
           6           7   1.1796135995898156     
           7           8   1.6444053658391766     
           8           9   1.5587785681565547     
           9          10   1.1056508355966894     
          10          11   2.7757958624360661     
           9          12  0.97591147581139148     
           8          13  0.18423361123819001     
          12          13   1.6471253300514099     
          13          14   1.1187021710427361     
          14          15   1.2673959415275695     
          15          16   1.6975539075109578     
          16          17   1.3437133657375524     
          17          18   1.0098868901363869     
          18          19   1.1303635588539893     
          19          20   1.1570492924940732     
          20          21   1.2689827102789251     
          19          22  0.10838383772830984     
          21          22   1.6320955692018877     
          21          23  0.19649247176429244     
          22          23   1.5635083158045118     
          21          24  0.24042124490050498     
          23          24   1.5923226794545682     
          20          25   1.2758273317852327     
          22          25  0.21064573832533121     
          23          25  0.19942978246176640     
          24          25   1.6483671589403004     
          15          26  0.10372428896377786     
          17          26   1.2350886687744478     
          26          27   1.0103499467962227     
          14          28   1.3312957168966431     
          15          28  0.32129508759581971     
          16          28  0.16266245123526024     
          26          28   1.4493633805001045     
           6          29   1.1272032284446383     
          12          29   1.0593600662196092     
           5          30  0.47202442828402469     
          29          30   1.4810823899787784     
           4          31   1.1217036545103622     
          30          31   1.4057029982658700     
          31          32   1.1692138018241098     
          32          33   1.4764125365600940     
          32          34  0.17694472058390243     
          33          34   1.4031431624000827     
          33          35  0.96816005710261921     
          34          35  0.13024382660969727     
          35          36   2.2014530673311525     
          34          37  0.13674311778123374     
          35          37  0.21371304567624821     
          36          37   1.4139210400564892     
          37          38   1.0167124868420545     
          37          39  0.12796636418476931     
          38          39   1.4901027287739470     
          38          40   1.0522736113711917     
          39          40  0.15227295543029207     
          39          41  0.20675430344662407     
          40          41   1.8604847661728565     
          41          42   1.0548638973077498     
          40          43  0.22785032848570622     
          41          43  0.14343206511507012     
          42          43   1.5673514473147114     
