   -0.05726592
   -0.03127846
    0.34092027
   -0.33453282
   -0.17782656
    0.20535741
   -0.17219838
    0.10545327
    0.10368908
   -0.14602967
    0.17576551
   -0.15435768
    0.18835577
   -0.10214467
    0.12180395
   -0.02975471
   -0.01835479
    0.18196321
   -0.15911904
    0.08718034
   -0.06372928
   -0.08584798
   -0.01857428
    0.04039009
    0.01116929
   -0.01004033
    0.00840156
   -0.01959832
    0.08150049
   -0.03359510
    0.04048385
   -0.08531856
    0.04437118
   -0.03723872
