           1           2   1.8357594293932022     
           1           3  0.14947312789359765     
           2           3   1.0871497221854582     
           3           4   1.4484142316962363     
           4           5  0.96891729373681756     
           5           6   1.7707397755230010     
           5           7   1.0979890109459194     
           6           7  0.10624557919965424     
           7           8   1.0567006923290507     
           8           9   1.5330546939022338     
           9          10   1.0414139433520291     
           8          11  0.31451238948427646     
           9          11  0.11416885971179555     
          10          11   1.5040309885384424     
           9          12  0.22511049387181081     
          10          12   1.0085242654008368     
          11          12  0.38326398913831711     
           7          13   1.1936107713849535     
           8          13  0.16184367128367316     
           9          13  0.12898576561374886     
          11          13  0.13056572044462456     
          12          13   1.3497494849255340     
           1          14  0.17860089579338531     
           4          14   1.2693139855049145     
           2          15  0.90781620522058237     
          14          15   1.2742665722417328     
           3          16  0.14787155049068404     
          15          16   1.5486547528947447     
          16          17   1.5316611195905605     
          17          18   1.0298130093132549     
          16          19  0.12241212431331204     
          18          19   1.5686656551958884     
          16          20  0.10011799232900843     
          18          20   1.2190368398990896     
          19          20  0.10796913472030617     
          20          21   1.2945335345917572     
          21          22   1.2390293245279673     
          22          23   1.5537775898981896     
          23          24   1.6724432205933972     
          24          25   1.1984855170118114     
          23          26  0.14412856762805709     
          25          26   1.3001890911654319     
          26          27   1.2688039618521705     
          27          28   1.2071869569820133     
          28          29   1.7766077854905944     
          29          30   1.3563176841567099     
          30          31   1.0125456883651651     
          30          32   1.2371083329491068     
          32          33   1.0119430253452433     
          27          34   1.2523273112842359     
          28          34  0.33355967454610447     
          29          34  0.15846391726755138     
          32          34   1.4660550444972027     
          17          35   1.1582096726215430     
          21          35   1.1589969715011843     
          25          35   1.2318313615029148     
