   -0.08417823
    0.08241153
   -0.07124006
    0.10791241
    0.29247351
   -0.31258289
    0.02896869
   -0.01991682
    0.04528930
   -0.11927012
    0.05671608
   -0.06035814
   -0.15253548
    0.12047817
    0.00357151
   -0.01305644
    0.30617374
   -0.29574028
   -0.23625437
    0.19867721
   -0.13862487
    0.17123499
   -0.14874064
    0.18996902
   -0.15021130
    0.13682395
   -0.03834374
   -0.05229953
    0.06717350
    0.02717142
    0.05692367
   -0.13897995
    0.13820618
   -0.00497211
    0.07437269
   -0.02020881
    0.00210805
    0.04197751
    0.00576102
   -0.02134223
   -0.05970126
   -0.01583691
