           1           2   1.3484741501216944     
           1           3  0.50964711384410621     
           2           3   1.3575290135275675     
           1           4  0.49513858155750573     
           2           4  0.96327326148878223     
           3           4  0.47317152073390106     
           4           5   1.3363895417428793     
           1           6  0.16192618165992587     
           3           6  0.17151843932705937     
           5           6   2.2834645243412042     
           6           7   1.0148233460349534     
           7           8   1.3778578354555882     
           7           9   1.4513098898267454     
           8           9  0.21961012016034812     
           9          10   1.1448974186816243     
          10          11   1.2545585420626122     
          11          12   1.6974925580032891     
          12          13   1.3010732615975020     
          13          14   1.2343707109896813     
          11          15  0.15203997967616933     
          14          15   1.6760424668731462     
          15          16   1.3912128606480996     
          16          17   1.0815193460977226     
          17          18   2.8169249668187026     
          16          19   1.2237341221685147     
          15          20  0.11752823588781755     
          19          20   1.2264140453483590     
          20          21   1.2808600993329564     
          21          22   1.2075291023656314     
          22          23   1.7840350137175465     
          23          24   1.3560072164215153     
          24          25   1.0095267795901579     
          24          26   1.2391953528739745     
          26          27   1.0050817734651940     
          21          28   1.2454229766300131     
          22          28  0.32513132679777185     
          23          28  0.16972884135132257     
          26          28   1.4709887028451734     
          13          29   1.1104208115471685     
          19          29   1.2101673600849434     
          10          30   1.3434772866921740     
          11          30  0.25236851886159040     
          12          30  0.20113823402892689     
          29          30   1.3495953637152056     
