   -0.11196392
    0.02706517
    0.11493836
    0.02401129
   -0.10123915
   -0.01045406
    0.03591549
   -0.07600112
    0.27812300
   -0.34308764
    0.10257442
   -0.02846709
    0.07885038
   -0.07239240
    0.11984075
   -0.00380989
    0.03216498
    0.30965214
   -0.23863067
   -0.19972365
    0.19571527
   -0.14365355
    0.16343706
   -0.15714404
    0.19491809
   -0.15683487
    0.10131751
   -0.00719220
   -0.04410993
    0.14226537
   -0.00649842
   -0.09279108
    0.17221826
   -0.17676001
   -0.02311555
   -0.09913830
