           1           2   1.8338437013987114     
           1           3  0.16362708242995297     
           2           3   1.1012516651712649     
           3           4   1.4415920047166444     
           4           5  0.97372967771426422     
           5           6   1.7578046995457990     
           5           7   1.1006301532147624     
           6           7  0.11485298470939481     
           7           8   1.1939956455612106     
           8           9   1.3411091376851052     
           9          10   1.0916610816298817     
           8          11  0.15541305028181010     
           9          11  0.20253792009260813     
          10          11   1.2123841600084708     
           7          12   1.0453637403972480     
           8          12  0.23367726933665137     
           9          12  0.14517911524182320     
          11          12   1.3749556048720026     
           1          13  0.19739659789900726     
           4          13   1.2755256350817148     
           2          14  0.90014206997260227     
          13          14   1.2768055933069176     
           3          15  0.18645174641321430     
          14          15   1.5542669819166817     
          15          16   1.5083085490445245     
          16          17   1.0265510467662917     
          15          18  0.11221508486751929     
          17          18   1.5713380135437138     
          15          19  0.11459754076187553     
          17          19   1.2171999046008815     
          19          20   1.3016705723177564     
          20          21   1.2315177839136358     
          21          22   1.5700555558490599     
          22          23   1.7071102991402483     
          23          24   1.1581633143425440     
          22          25  0.18827281898075968     
          24          25   1.3321482161745508     
          25          26   1.2439048473418646     
          26          27   1.2481006226709903     
          27          28   1.6911801694649302     
          28          29   1.3340258593295022     
          29          30   1.1008030916085390     
          28          31  0.22213673019859481     
          30          31   1.2335246364981696     
          31          32   1.6255045047181347     
          29          33   1.1544765555784835     
          32          33   1.1100395795704801     
          31          34  0.11481252693633257     
          33          34   1.1541963747847395     
          34          35   1.1164734284691851     
          35          36   1.2891535237168492     
          36          37   1.5997026520653708     
          36          38  0.18746039361893554     
          37          38   1.6169726343331410     
          36          39  0.22007219387565008     
          38          39   1.5940439063263101     
          35          40   1.2873930458095570     
          37          40  0.22939929269219536     
          38          40  0.17794362471133648     
          39          40   1.5946712515812242     
          26          41   1.2678184207852075     
          27          41  0.30525154230909496     
          28          41  0.19708591205223727     
          30          41   1.3832784849325057     
          16          42   1.1766293976968831     
          20          42   1.1661626922300488     
          24          42   1.2338277823889989     
