           1           2   1.6722974033402951     
           2           3  0.96909627150002886     
           3           4   2.2449150664000403     
           3           5  0.14117890129001617     
           4           5   1.3944564720622545     
           5           6   1.1554560488380428     
           6           7   1.1323707087992037     
           5           8  0.10706869438053945     
           7           8   1.4000779123838627     
           8           9   1.1352752693997710     
           7          10  0.20148008688851005     
           8          10  0.18472867505413401     
           9          10   1.1470095508123230     
           6          11   1.1373637786079787     
           7          11  0.16550861475249967     
           8          11  0.14268074992051971     
          10          11   1.4267365297192411     
           1          12  0.10739478341493164     
           2          12   1.2004505574499487     
          12          13   1.2437180311876750     
          13          14   1.2284595449797322     
          12          15  0.10642398767365240     
          14          15   1.7619848845759098     
          15          16   1.3130741454620514     
          16          17   1.0906107990500722     
          14          18  0.10901014483344623     
          17          18   1.6817166981429224     
          18          19   1.6625332034746534     
          19          20   1.1792637662453278     
          20          21   1.5774612094577911     
          21          22   1.1171606070915929     
          22          23   1.3060627471446251     
          23          24   1.6205234546426215     
          23          25  0.38877094178174737     
          24          25   1.6319605905690471     
          25          26   1.3619165440935983     
          26          27  0.99534596350191074     
          22          28   1.3421381348776511     
          23          28  0.15821820101647846     
          24          28  0.37657065186835703     
          25          28  0.15543249008572435     
          26          28   1.4175508129397349     
          16          29   1.1780034249796905     
          20          29   1.0055718378073804     
          13          30   1.2515466137841060     
          14          30  0.15665177325313159     
          15          30  0.15801325343653011     
          29          30   1.4772438772469387     
