           1           2   1.5554158393867588     
           2           3   1.0368432140519062     
           1           4  0.12758440870317936     
           3           4   1.4359343987772624     
           4           5   1.2865088141366212     
           5           6   1.2361722355197435     
           6           7   1.8309041379526834     
           7           8   1.0527152589295867     
           6           9  0.15574806518647125     
           8           9   2.7907630612597547     
           7          10  0.86982635482182302     
           6          11  0.13992162664920405     
          10          11   1.4201067625006210     
          10          12   1.5564835122818272     
          11          12  0.21001308102148483     
           4          13  0.41441908553300721     
           5          13   1.2579289064360071     
          13          14   1.4960667464130710     
          14          15   1.1057584542614212     
          15          16   1.2986273287039876     
          16          17   1.0186449042617711     
          17          18   1.3942839879485249     
          18          19   1.2301791505616073     
          19          20   1.3263521399074172     
          20          21   1.6840497300718686     
          20          22  0.12930607345565232     
          21          22   1.8141387454539262     
          20          23  0.24922885275392540     
          21          23  0.12600960266413261     
          22          23   1.7022094184181942     
          19          24   1.1059690902495745     
          23          24   1.3192085668585738     
          17          25   1.3094040897645676     
          18          25  0.12312372449297565     
          20          25  0.10047407138824591     
          24          25   1.2540210849594651     
           3          26   1.1202895039847574     
          14          26   1.1104983559123025     
           4          27  0.12233409693533369     
          13          27  0.17531717379011780     
          26          27   1.4942628445385120     
