           1           2   1.4446676344746794     
           1           3  0.70271330211572280     
           2           3   1.4555071299621671     
           2           4  0.93937120110293271     
           1           5  0.10155568580526159     
           4           5   1.3586387728109419     
           5           6   1.2543206484279441     
           6           7   2.5391394751246108     
           7           8   1.0238086566414424     
           8           9   1.6596361402346134     
           8          10   1.1744336563061215     
          10          11   1.3114501195903914     
          11          12   1.1943869048169369     
          12          13   1.8761073519117635     
          13          14   1.2905419476353972     
          14          15   1.1816936961818281     
          12          16  0.11702763107976595     
          15          16   1.5475976721598610     
          16          17   1.7709406164090227     
          17          18   1.1025796371259671     
          18          19   1.6215569053918770     
          19          20   1.1239981877389136     
          20          21   1.2595792902844365     
          21          22   1.6937420890873285     
          22          23   1.3746115984744103     
          23          24  0.99889303950607811     
          21          25  0.10118299820720507     
          23          25   1.2531663244664331     
          25          26   1.0124665732286915     
          20          27   1.3299066966448327     
          21          27  0.34034504572572333     
          22          27  0.16143725701817679     
          25          27   1.4426267096673460     
          14          28   1.1443784117668649     
          18          28   1.0128964506541280     
          11          29   1.2362315948463567     
          12          29  0.10447292326955845     
          13          29  0.19969598648957151     
          28          29   1.5085212081864550     
           4          30  0.89903086929468556     
           1          31  0.10431569045582476     
           5          31  0.12267478118951665     
          30          31   1.4829954002709791     
           1          32  0.13692280988274746     
           5          32  0.16447839457976951     
          30          32   1.4315918390939280     
          31          32  0.69209336200486060     
