           1           2   2.7978419420373171     
           2           3   1.0371532978364730     
           1           4  0.15245751256395904     
           3           4   1.7534174451170983     
           4           5   1.2294571781294541     
           5           6   1.5385592274450797     
           6           7   1.1015623127058058     
           7           8   1.8254284091281949     
           7           9  0.86438098595069057     
           6          10  0.11235514023157964     
           9          10   1.6236797197233350     
           4          11  0.26469259129467776     
           6          11  0.22829964828851440     
           9          11   1.0722990634673686     
           5          12   1.0144084086267475     
           6          12  0.25858263892769123     
           9          12  0.10205210897846326     
          10          12  0.19101898644273496     
          11          12   2.0101476315926896     
           3          13  0.97812613191309805     
          13          14   1.5218698696145778     
          13          15   1.3367715533089231     
          14          16  0.15477626938747893     
          15          16   1.5831391900559291     
          16          17   1.1826892160030851     
          17          18   1.2534026061793688     
          16          19  0.16937464250260767     
          18          19   1.6179480763238283     
          18          20  0.19361213869336630     
          19          20   1.5561494855342555     
          18          21  0.25029326073420832     
          20          21   1.6009419030798253     
          16          22  0.10226648945518062     
          17          22   1.2669214392795021     
          19          22  0.22766591781323081     
          20          22  0.23325803554041735     
          21          22   1.6296493526866045     
