           1           2   2.8004041036311706     
           2           3   1.0735068975128790     
           1           4  0.13724970407548731     
           3           4   1.8293084883062383     
           4           5   1.2279669416200700     
           5           6   1.5408225228259687     
           6           7   1.1584768692124945     
           7           8   1.6581861765530541     
           7           9  0.86563823380350724     
           9          10   1.8429040198334834     
           4          11  0.22086536407529006     
           6          11  0.18893580737484408     
           9          11   1.0380027500448743     
           5          12  0.99763404028085001     
           6          12  0.27836277876823079     
          10          12  0.14440196218561344     
          11          12   1.9727529160141442     
           3          13  0.84180071012704072     
           4          14  0.11368069745828352     
          13          14   1.6733770009039357     
          13          15   1.2548541971407536     
          14          15  0.12143744069372056     
          15          16   1.1903717593325940     
          16          17   1.2642169272523587     
          17          18   1.6560971267668216     
          17          19  0.18175498859383543     
          18          19   1.6057378091282966     
          17          20  0.19385031201546085     
          19          20   1.6017150735863432     
          16          21   1.2609607139716228     
          18          21  0.16963246934383833     
          19          21  0.17709668905812084     
          20          21   1.7000911339695384     
