           1           2   1.6442393645986981     
           1           3  0.12608117449041203     
           2           3   1.1544065297601294     
           3           4   1.4220555109345761     
           4           5   1.0240800143297499     
           5           6   1.6863629860450298     
           5           7   1.1389023490317383     
           7           8   1.6828339560351464     
           7           9  0.14250219857741334     
           8           9   1.5500347164755630     
           9          10   1.1764223599413650     
           9          11  0.14854737578135410     
          10          11   1.1167329632309613     
          11          12   1.3892990250083042     
          12          13   1.1567839670840563     
           9          14  0.17386757098395958     
          13          14   1.1650602401658896     
          10          15   1.0557788577573808     
          11          15  0.17175010580129674     
          14          15   1.5190598636238437     
           1          16  0.21586625355286873     
           3          16  0.13109230919386752     
           4          16   1.2252227203057180     
           2          17   1.0561558002826090     
          16          17   1.3341476454508052     
           3          18  0.11687520450565073     
          17          18   1.3019440559897564     
          18          19   1.8127000691485795     
          19          20  0.80990710709384262     
          18          21  0.12656595206742885     
          20          21   1.7383792573871271     
          18          22  0.15796021963196122     
          20          22   1.2493133726157617     
          21          22  0.15936346561922218     
          22          23   1.2420736137151402     
          23          24   1.2594687083169123     
          24          25   1.5715460268698624     
          25          26   1.6649098146203147     
          26          27   1.1667168897822300     
          25          28  0.19612654521567160     
          27          28   1.2827823710964303     
          28          29   1.2402147639906542     
          29          30   1.2119010676620201     
          30          31   1.7181935564695405     
          31          32   1.3629640145592901     
          32          33   1.0043685605296333     
          32          34   1.2484519349200118     
          34          35   1.0079646408342136     
          29          36   1.2820491886477572     
          30          36  0.37071921404411801     
          31          36  0.15023439671848107     
          34          36   1.4643040375466456     
          19          37   1.0875173945459420     
          23          37   1.2195247777118103     
          27          37   1.2938049216506420     
