   -0.05518958
   -0.01495920
    0.33963494
   -0.33937298
   -0.14792841
    0.17772364
   -0.18211998
    0.08237459
    0.19034380
   -0.10093401
    0.12694533
   -0.03419633
   -0.02627372
    0.18590310
   -0.15986402
    0.09047641
   -0.06734576
   -0.08078186
   -0.16093911
    0.17099414
   -0.14969397
    0.11197716
   -0.04807299
    0.15319414
   -0.13951335
    0.06198353
   -0.01845998
    0.04128292
    0.08554195
   -0.03459195
    0.04444969
   -0.11791720
    0.04877284
   -0.03344380
