   -0.09678226
    0.09981693
   -0.09232226
    0.16423597
   -0.08752740
    0.12209602
   -0.11510419
    0.06279546
    0.03423008
    0.12317450
   -0.18025626
    0.13234061
   -0.14474114
    0.13686717
   -0.01856354
   -0.04031745
    0.16160889
   -0.14137512
    0.02835371
    0.06643070
    0.00372296
   -0.03182636
    0.03252200
    0.01590352
   -0.03154434
    0.09012865
   -0.08581543
   -0.10285793
    0.02396346
   -0.04799007
    0.11646090
   -0.22578665
    0.32405966
   -0.33609864
   -0.00274225
    0.02926528
   -0.00316365
    0.19327582
   -0.08610027
   -0.09033708
