   -0.00544037
   -0.01785452
    0.15351758
   -0.07649298
    0.11855482
   -0.11463458
    0.05650162
    0.03695334
    0.12343543
   -0.17680812
    0.12989574
   -0.13990616
    0.13704425
   -0.06933302
   -0.03461959
    0.19349811
   -0.15595974
    0.09101741
   -0.06610338
   -0.05585697
    0.02469328
   -0.03557722
    0.11482743
   -0.25081551
    0.32459979
   -0.34169367
    0.00706906
    0.02441183
    0.00532854
    0.09257037
   -0.04092834
    0.03688606
   -0.09354437
    0.03702739
   -0.03226350
