           1           2   1.5443670044748112     
           1           3  0.10222811608469157     
           2           3   1.0254596504009468     
           1           4  0.17875102505979376     
           3           4   1.4507212580341067     
           4           5   1.3709410685221890     
           5           6   1.2459089138336963     
           6           7   1.6467841557952885     
           7           8   1.3750624056692202     
           8           9   1.0806363685239275     
           9          10   2.8154843668729246     
           8          11   1.2332312445950708     
           7          12  0.25296707832337423     
          11          12   1.2557106291468010     
          12          13   1.2573672701628105     
          13          14   1.2055151776000335     
          14          15   1.7475284841466985     
          15          16   1.3591004607524819     
          16          17   1.0043238871395030     
          16          18   1.2479574635122961     
          18          19   1.0069601205975260     
          13          20   1.2675610543135771     
          14          20  0.36295594544114301     
          15          20  0.17713163761665146     
          18          20   1.4695765673275618     
           5          21   1.0804074774331680     
          11          21   1.1813313625986774     
           1          22  0.16036003964692724     
           4          22  0.34900659377801413     
          21          22   1.4200281605587919     
           3          23   1.0943828620340987     
          22          23   1.3959485560399785     
           1          24  0.13783354764357358     
          23          24   1.2442111742481501     
          24          25   1.2174855615764468     
          24          26  0.13492079174945132     
          25          26   1.6518842878232101     
          25          27  0.96872969845805434     
          27          28   2.2805487473451320     
          27          29  0.20023635518046290     
          28          29   1.3636131700242091     
          29          30   1.0811396602130701     
          29          31  0.10404715936910784     
          30          31   1.1744582390647598     
          31          32   1.4257066170866368     
          32          33   1.1588394765016858     
          31          34  0.18617222783973297     
          32          34  0.24969817721726700     
          33          34   1.1663108993828071     
          29          35  0.10782956119689079     
          30          35   1.1800144034296483     
          31          35  0.17665297623831180     
          32          35  0.17812499328709486     
          34          35   1.4065044559510596     
