           1           2   2.3757506459729925     
           2           3   1.0075030182176801     
           1           4  0.13333234984595710     
           2           4  0.12982394472869463     
           3           4   1.3574887805553055     
           1           5  0.10370499854349823     
           3           5   1.4595564657661595     
           4           5  0.19051908944924903     
           5           6   1.1660894220313265     
           6           7   1.4032805728423177     
           7           8   1.4913882063737200     
           8           9   1.0006437531005719     
           9          10   1.5985540009375017     
          10          11   1.0887921526363118     
          11          12   1.3184627575744081     
          12          13   1.6243148867350983     
          12          14  0.39386346595871841     
          13          14   1.6306291281758516     
          12          15  0.10183872368674815     
          14          15   1.3651569816852813     
          15          16  0.99676240302205987     
          11          17   1.3516071526689677     
          12          17  0.15373494178621783     
          13          17  0.40134384264290601     
          14          17  0.15466734931433204     
          15          17   1.4151930990719064     
           9          18   1.1549485165038389     
          10          18  0.15208342847718931     
          10          19  0.16447109307131794     
          18          19   1.6696353609750763     
          19          20   1.7119110705487437     
           8          21   1.1669280752543680     
          20          21   1.0812939688488106     
           7          22  0.48665348139435011     
          21          22   1.3826451373493793     
           6          23   1.1360671034013685     
          22          23   1.5035572650173310     
          23          24   1.0068650613613328     
          24          25   1.1752757881068370     
          25          26   1.6471020528293780     
          25          27  0.15727694226384373     
          26          27   1.5478797985814350     
          27          28   1.1642871935964687     
          27          29  0.17418007028104521     
          28          29   1.0739264775770363     
          29          30   1.3934601032630858     
          30          31   1.1183316567212944     
          27          32  0.10779850732469681     
          29          32  0.25836126042801316     
          30          32  0.15078874605313905     
          31          32   1.1003810559540179     
          26          33  0.10178263506710279     
          28          33   1.0806066737423392     
          29          33  0.20552768852226200     
          30          33  0.24631558930472963     
          32          33   1.5071366702222992     
