           1           2   2.5752980818176887     
           2           3  0.92436933269973121     
           1           4  0.21362348253979846     
           3           4   1.6536573809454704     
           1           5  0.13557388681852775     
           3           5   1.2167210945038298     
           4           5  0.13182052230396812     
           5           6   1.2446160938680850     
           6           7   1.2257179134003060     
           5           8  0.10929739977386152     
           7           8   1.7429967829414799     
           8           9   1.3154327446016525     
           9          10   1.0892206735651875     
           7          11  0.13191407629827559     
          10          11   1.6869159857302369     
          11          12   1.6442856490371409     
          12          13   1.1937299023503989     
          13          14   1.5475683468803476     
          14          15   1.1343575624479638     
          15          16   1.3076540806725074     
          16          17   1.5862355367820240     
          16          18  0.36108044514694054     
          17          18   1.6790537990605499     
          18          19   1.2097006599048112     
          16          20  0.13527293437615320     
          19          20   1.3940298415581083     
          15          21   1.3342125107937219     
          16          21  0.16682139712919322     
          17          21  0.37436262718217206     
          18          21  0.18442422990667451     
          19          21   1.2531932820352323     
          20          21  0.15089095039941422     
           9          22   1.1781703138722406     
          13          22   1.0141312247824996     
           6          23   1.2573978333688101     
           7          23  0.17674469506751467     
           8          23  0.16447049867307667     
          22          23   1.4656743255689120     
