           1           2   1.5657286385811489     
           2           3  0.98960454673338594     
           1           4  0.11209345602911221     
           3           4   1.6773268956165179     
           4           5   1.1151730299229619     
           5           6   1.5398302679688209     
           6           7   1.5883962452909213     
           7           8   1.0663183938257490     
           6           9  0.12568589959805213     
           8           9   2.7822034443125729     
           7          10  0.85994289233605992     
           6          11  0.12346274022098021     
          10          11   1.4213069870040558     
           6          12  0.12011394852808609     
          10          12   1.5669477065796555     
          11          12  0.21798049718983306     
           4          13  0.36738236029189919     
           5          13   1.1374643941830824     
          13          14   1.5691163041790617     
          14          15   1.2310351907657699     
          15          16   1.2403933305870383     
          16          17   1.0037444520863734     
          17          18   1.3758469060609428     
          18          19   1.5759110314746740     
          17          20  0.10606381346522147     
          18          20  0.19780353847268542     
          19          20   1.7973392558259889     
          18          21  0.41153215697420803     
          19          21  0.14464249263428347     
          20          21   1.5911289348146445     
          17          22   1.3156227014095239     
          19          22  0.25931008813103817     
          21          22   1.5121905992197875     
           3          23  0.96112231822453598     
          14          23  0.94627268530967967     
           4          24  0.12750164113641330     
          13          24  0.10264691864257677     
          23          24   1.7967293843975529     
