           1           2   2.1789919042200494     
           1           3  0.10745621685926074     
           2           3   1.1160393885120130     
           3           4   1.0926486888460363     
           4           5   1.4640642261430243     
           5           6   1.3864355734394693     
           6           7   1.2369919538960783     
           7           8   1.6840265575086988     
           8           9   1.3819048925624011     
           9          10   1.0818067291505982     
          10          11   2.8130213575203085     
           9          12   1.2260926842882991     
           8          13  0.12763797119375239     
          12          13   1.2666592507068217     
          13          14   1.2948596710031024     
          14          15   1.1768500756830704     
          15          16   1.8205174162481821     
          16          17   1.2852269279923374     
          17          18   1.1009090734024698     
          17          19  0.10455931020134368     
          18          19   1.1388629805228849     
          19          20   1.1673214091500559     
          20          21   1.2431344637216308     
          21          22   1.8340944029843849     
          22          23   1.2864260734207356     
          23          24   1.3039654744889742     
          24          25   1.7003285954937142     
          24          26  0.15004883004834668     
          25          26   1.7117152955947259     
          24          27  0.32783793248863108     
          25          27  0.10429051257794693     
          26          27   1.7536670839722730     
          23          28   1.0684130990699212     
          27          28   1.3010334547973157     
          20          29   1.3254537271816396     
          21          29  0.27873542966045611     
          22          29  0.20257027536865838     
          28          29   1.3236138488291309     
          17          30   1.1656899342820743     
          30          31   1.0134952805836106     
          14          32   1.2614797100546635     
          15          32  0.29840951377531832     
          16          32  0.17938531785457737     
          30          32   1.5187984984627436     
           6          33   1.0692508489351145     
          12          33   1.1817513914367930     
           5          34  0.47442821144283481     
          33          34   1.4308519880726507     
           4          35   1.0869729171058187     
          34          35   1.4405797988473175     
          35          36   1.1736516504513668     
          36          37   1.4812952017160625     
          36          38  0.16978310385241449     
          37          38   1.3975153260817188     
          37          39  0.96812160404287495     
          38          39  0.11951026422703040     
          39          40   2.2649692294355277     
          38          41  0.10031688006054815     
          39          41  0.13569621294082471     
          40          41   1.3407059916315220     
          41          42   1.0656177750629552     
          41          43  0.10021026918724996     
          42          43   1.2696566967149872     
          39          44  0.11171177072881049     
          41          44  0.40223773313781741     
          42          44   1.2878653589089997     
          43          44  0.51333257448054881     
