           1           2   2.0311975123044137     
           2           3   1.1336669721757937     
           3           4   1.0680874257907367     
           4           5   1.4932985297931212     
           5           6   1.3716352836302563     
           6           7   1.1913694833000514     
           7           8   1.6393738932852795     
           8           9   1.5835640439766361     
           9          10   1.0997981793853193     
          10          11   2.7931084674517050     
           9          12  0.98359828864333720     
           8          13  0.11914280298835542     
          12          13   1.6821091809721607     
          13          14   1.0816812601731756     
          14          15   1.3066455416808735     
          15          16   1.6601165305633721     
          16          17   1.3738622006059675     
          17          18   1.0123450628085418     
          18          19   1.3320038833056582     
          19          20   1.1001341244536491     
          20          21   1.5662629362475200     
          21          22   1.2014542234379284     
          22          23   1.3112856501185861     
          23          24   1.7149489770484907     
          23          25  0.14582915430580753     
          24          25   1.8225704832320591     
          23          26  0.39056841326197961     
          24          26  0.12456801754721321     
          25          26   1.6813845467017912     
          22          27   1.2020810075990314     
          24          27  0.10179490369253673     
          26          27   1.3700614411508323     
          20          28   1.1262266876668301     
          21          28  0.14701894728637588     
          27          28   1.1106524763257588     
          15          29  0.10604194615194715     
          17          29   1.2578098290744231     
          29          30   1.0014942293468618     
          14          31   1.3357449800058572     
          15          31  0.29646669409599252     
          16          31  0.20244239172202011     
          29          31   1.4356756502749455     
           6          32   1.1011906015155444     
          12          32   1.0230959519888208     
           5          33  0.43811438905929806     
          32          33   1.5500153462288906     
           4          34   1.0817000310938580     
          33          34   1.3106484843831401     
          34          35   1.3291930792147653     
          35          36   1.1870389007069411     
          35          37  0.10550049229035183     
          36          37   1.6602336391300347     
          36          38  0.98800324723915756     
          38          39   2.2860208761250078     
          38          40  0.16664289165295279     
          39          40   1.3301165868564748     
          40          41   1.0645597038104628     
          41          42   1.2776147308231862     
          40          43  0.39926879066355025     
          41          43   1.2866283928712177     
          42          43  0.51646249567490787     
