   -0.07825212
   -0.03744492
    0.30887932
   -0.34988000
   -0.00077565
   -0.04171152
   -0.00577308
   -0.00478534
    0.10246848
    0.26487854
   -0.38021390
   -0.13433609
    0.10748663
   -0.07518601
    0.00695160
    0.20385873
   -0.15792336
    0.11273280
   -0.00149833
    0.04333830
   -0.00693097
    0.09903512
   -0.03241275
    0.16430394
   -0.14623169
   -0.18739240
    0.17408991
   -0.15671588
    0.13009936
   -0.08035703
    0.16644027
   -0.12994617
    0.06930710
    0.04205842
   -0.00536983
    0.01720853
