           1           2   2.4698486780676845     
           2           3  0.99630712913492991     
           1           4  0.12737203544907055     
           3           4   1.7436091861916725     
           3           5   1.0470321640472151     
           5           6   1.1515495128384794     
           6           7   1.2637913748976866     
           6           8  0.42273692629898946     
           7           8   1.4619325524506177     
           5           9   1.1321786536584504     
           7           9  0.12174448242348539     
           8           9   1.2239116999903201     
           9          10   1.2072935691095585     
          10          11   1.4064576776795725     
           7          12  0.17564123210598484     
          10          12   1.2351856374872425     
          11          12  0.15702153651858536     
          12          13   1.2873033739094899     
          13          14   1.3484499747392054     
          14          15   1.5021082672085702     
          15          16   1.0463084397339009     
          16          17   1.5679342768264950     
          17          18   1.1070039079867631     
          18          19   1.3263990697492436     
          19          20   1.7249465109402959     
          18          21  0.10285593093733285     
          19          21  0.20050070108661447     
          20          21   1.6629548534683198     
          19          22  0.10122042512887412     
          21          22   1.3652347021669007     
          22          23   1.0216220813608929     
          18          24   1.2791904420045734     
          20          24  0.11613066177465337     
          22          24   1.3222713762156670     
          24          25   1.0007792144304497     
          16          26   1.1063657014678183     
          17          27  0.12774835462054338     
          26          27   1.7176449617865255     
          27          28   1.5700694414485377     
          15          29   1.1238885431550083     
          28          29   1.1771981280555910     
          14          30  0.48376118452763534     
          29          30   1.3625058524218121     
          13          31   1.0806927612976678     
          30          31   1.5351512945175128     
          31          32   1.0332636366523271     
          32          33   1.1200882540393502     
          32          34  0.11345674127932441     
          33          34   2.0733756024079733     
          34          35  0.98688620242806879     
          33          36  0.11731542874462922     
          34          36  0.16946327595542948     
          35          36   1.5967549500422822     
