           1           2   1.9985935477927785     
           2           3   1.1327621094879510     
           3           4   1.0760823178744003     
           4           5   1.4701237008756818     
           5           6   1.3940108494572718     
           6           7   1.1653590858823630     
           7           8   1.6851127159923243     
           8           9   1.5719903070633348     
           9          10   1.0962001694472099     
          10          11   2.7977211801059059     
           9          12  0.99810268483611264     
           8          13  0.11488676487612054     
          12          13   1.6399100024004274     
          13          14   1.1377267567445835     
          14          15   1.2484664719812715     
          15          16   1.7692131924787680     
          16          17   1.3150847770160656     
          17          18   1.0777828572329797     
          18          19   1.1539370322692064     
          19          20   1.1920555168915925     
          20          21   1.2492850615784656     
          21          22   1.6645729941649832     
          21          23  0.19132026431421992     
          22          23   1.5830653329713213     
          21          24  0.22488673245067012     
          23          24   1.5973750649428091     
          20          25   1.2535198262996938     
          22          25  0.21256636267468976     
          23          25  0.19553275209324977     
          24          25   1.6873921074878464     
          17          26   1.1822505537354484     
          26          27   1.0203760254500300     
          14          28   1.3073229711860408     
          15          28  0.29909500469691047     
          16          28  0.18569081585366642     
          26          28   1.4692988236760030     
           6          29   1.1128968721534274     
          12          29   1.0383541455783323     
           5          30  0.42578840247552013     
          29          30   1.5067943756667139     
           4          31   1.1065909640810074     
          30          31   1.3764756676055323     
          31          32   1.1932396232177986     
          32          33   1.4805654819980891     
          32          34  0.17288782558410826     
          33          34   1.3929661207880155     
          33          35  0.97624920107652013     
          34          35  0.16511506917155969     
          35          36   2.1912144896725598     
          34          37  0.13107224147510629     
          35          37  0.14850090573658317     
          36          37   1.4076333222256183     
          37          38   1.1025043358139539     
          38          39   1.1240575946189748     
          37          40  0.12313959308944490     
          39          40   1.7257121993438498     
          40          41  0.76611858869716454     
          39          42  0.19230352661331071     
          40          42  0.15475191131598343     
          41          42   1.1249846689854550     
          40          43  0.15214032755582291     
          41          43   1.1213220823862657     
          42          43  0.16707873377629712     
          41          44  0.79948276618505909     
          42          44  0.18445238397463365     
          43          44  0.15457686559561115     
          38          45   1.1383282937323684     
          43          45  0.17792666877125113     
          44          45   1.6883787063540399     
