           1           2   2.2921600067136381     
           1           3  0.11231800520993637     
           2           3   1.2730241594483553     
           1           4  0.22177305952367782     
           3           4   2.3200509193056744     
           4           5  0.98460937071563992     
           5           6   1.6912572331580453     
           5           7   1.1311592714610164     
           7           8   1.4651885123491690     
           8           9   1.0943215225053335     
           9          10   1.6703338190961052     
          10          11   1.0192027992608634     
          11          12   1.6291515214116090     
          12          13   1.0859736253557541     
          13          14   1.3199141232302090     
          14          15   1.6258586115264309     
          14          16  0.39795721949219859     
          15          16   1.6332086345442811     
          14          17  0.10204422246337094     
          16          17   1.3656502527832415     
          17          18  0.99395661773451371     
          13          19   1.3543845265791961     
          14          19  0.15486432996245708     
          15          19  0.43102122052780306     
          16          19  0.15330971280368783     
          17          19   1.4163704862838744     
          11          20   1.0862566344351976     
          12          21  0.16450254257520505     
          20          21   1.7397390812121041     
          21          22   1.5842869545786893     
          10          23   1.0120014924618752     
          22          23   1.2125613322151945     
           9          24  0.37632778919722076     
          23          24   1.3936516746091063     
           8          25   1.1873039860111625     
          24          25   1.6642994745867181     
