           1           2   2.2230787740536617     
           1           3  0.13721563340194598     
           2           3   1.1201060862398764     
           3           4   1.0858517229982907     
           1           5  0.10588956666564872     
           4           5   1.5348401705432380     
           5           6   1.0753830711345234     
           4           7  0.10572163997606139     
           5           7  0.10557257138206580     
           6           7   1.1005495729272958     
           7           8   1.2785183721638760     
           8           9   2.5073023417637947     
           9          10   1.0190304920491167     
          10          11   1.6448142671276063     
          10          12   1.1956812788611877     
          11          12  0.12823154216556887     
          12          13   1.2506291697654977     
          13          14   1.2115575960750420     
          12          15  0.12440075694769295     
          14          15   1.7597083903451014     
          15          16   1.2732711846556171     
          16          17   1.2270437988542431     
          14          18  0.14702490724393827     
          17          18   1.5995614675933172     
          18          19   1.5872533239970925     
          19          20   1.2191391470820243     
          18          21  0.15115020622815978     
          20          21   1.3374476319334301     
          21          22   1.1894959025246814     
          22          23   1.2780216969974405     
          23          24   1.6267625472340854     
          23          25  0.39571200585951888     
          24          25   1.6215287099460300     
          25          26   1.3589237031450547     
          26          27  0.99500372387600378     
          22          28   1.3103006443239364     
          23          28  0.15946868899215325     
          24          28  0.38140088604369909     
          25          28  0.14608476635993217     
          26          28   1.4272063358061529     
          16          29   1.1346007287658668     
          20          29   1.1648174775008735     
          13          30   1.2902347122103413     
          14          30  0.22042455801474578     
          15          30  0.16347898453215612     
          29          30   1.3903969420686757     
           1          31  0.10640592223147420     
           4          31  0.22801526566827893     
           5          31  0.12920730264813235     
           6          31   1.0741177992501616     
           7          31  0.10755224041926480     
           3          32   1.0852245467959523     
           5          32  0.22843692561674675     
           7          32  0.10656625056617074     
          31          32   1.5295533269194623     
