   -0.07562958
    0.11850653
   -0.08959989
    0.16773436
   -0.07559986
    0.12363182
   -0.10319353
    0.07260734
    0.03779005
    0.12399108
   -0.16873340
    0.13267508
   -0.14359227
    0.14154551
   -0.01939871
   -0.02488754
    0.16084855
   -0.11873816
    0.02802812
    0.07730601
   -0.00730292
    0.01397199
    0.03436152
    0.01334758
   -0.01159529
    0.09156315
   -0.07109334
   -0.09372468
    0.02516629
   -0.05108903
    0.11679989
   -0.19186993
    0.32413920
   -0.34375909
    0.00164720
    0.03819698
   -0.01582094
    0.19704934
   -0.04751995
   -0.05856750
    0.01858711
    0.20419855
   -0.28925200
    0.19841199
   -0.23977811
    0.18618335
   -0.26896451
    0.19789420
   -0.30845290
    0.15400719
   -0.18202688
