           1           2   1.3545718063512364     
           1           3  0.49155289498356275     
           2           3   1.3501057681907569     
           1           4  0.42585146737342439     
           2           4  0.96240668357859938     
           3           4  0.42855526176379855     
           4           5   1.3696350864243896     
           1           6  0.12805539211785355     
           3           6  0.13944405270497157     
           5           6   2.2524873356734352     
           6           7  0.97308540725108994     
           7           8   1.6499323954361476     
           7           9   1.2116384803623550     
           8           9  0.10990610296675819     
           9          10   1.2471817849672546     
          10          11   1.2106835791253892     
           9          12  0.12369492642921183     
          11          12   1.7497901626422889     
          12          13   1.2711849144892635     
          13          14   1.2346562700208954     
          11          15  0.15407243629789016     
          14          15   1.5921342666752458     
          15          16   1.5853976182593512     
          16          17   1.2278299341713845     
          15          18  0.12873249131725997     
          17          18   1.3219620482876202     
          18          19   1.2053819215625139     
          19          20   1.3985694340759882     
          20          21   1.5031580050689228     
          21          22   1.0083297967792577     
          21          23   1.2192947176867730     
          23          24   1.0238360483337883     
          20          25  0.56679536721255541     
          23          25   1.4449812258986610     
          19          26   1.1315763123176872     
          25          26   1.5081363953849813     
          26          27  0.99820478039478022     
          13          28   1.1299043872667465     
          17          28   1.1723564771602335     
          10          29   1.2912111596864875     
          11          29  0.22334337954040626     
          12          29  0.15111203391730843     
          28          29   1.3885542264328119     
