           1           2   1.3580154053625610     
           1           3  0.52176256201742532     
           2           3   1.3577929924263425     
           1           4  0.49473122493315652     
           2           4  0.95127864009683838     
           3           4  0.51022942303389951     
           4           5   1.2769023789516911     
           3           6  0.11026407288646342     
           5           6   2.5088235400500847     
           6           7   1.0262051149224800     
           7           8   1.6550263793301556     
           7           9   1.1802710843812956     
           9          10   1.2867164643139768     
          10          11   1.2041448114473077     
          11          12   1.8567307483670219     
          12          13   1.3138287226316840     
          13          14   1.0993687670156720     
          11          15  0.12264311493199040     
          12          15  0.10163223391995825     
          14          15   1.6696517052576194     
          15          16   1.6564230026004720     
          16          17   1.1773884724799082     
          17          18   1.5753742004037155     
          18          19   1.1172379815101361     
          19          20   1.3097614999657829     
          20          21   1.6275777110050482     
          20          22  0.38597312705909737     
          21          22   1.6348551800256497     
          22          23   1.3661956816376024     
          23          24  0.99166573280838199     
          19          25   1.3355698924806283     
          20          25  0.15779571757797650     
          21          25  0.36738313146622759     
          22          25  0.15433770106532591     
          23          25   1.4164915892719394     
          13          26   1.1699303581457501     
          17          26   1.0067556608115531     
          10          27   1.2435061222437256     
          11          27  0.11951330535735967     
          12          27  0.17333956109987689     
          26          27   1.4805743984213720     
