           1           2   1.5516164924925973     
           2           3   1.0345487912605904     
           1           4  0.10805565306739549     
           3           4   1.4321486863165822     
           4           5   1.3074203136297067     
           5           6   1.2222544540483387     
           6           7   1.8589155563701178     
           7           8   1.0449432419506750     
           6           9  0.16897900954885273     
           8           9   2.7869054333233705     
           7          10  0.84935279072115843     
           6          11  0.16999001369900107     
          10          11   1.4147957405357972     
           6          12  0.13755215837275289     
          10          12   1.5801027923883977     
          11          12  0.20939500020141252     
           4          13  0.41772364193873646     
           5          13   1.2449234676216305     
          13          14   1.4810497948879424     
          14          15   1.1259081010195808     
          15          16   1.1285890460471057     
          16          17   1.0964157758621909     
          17          18   1.5698350515434323     
          16          19  0.20014672435878658     
          18          19   1.2271766026158484     
          15          20  0.14996483113957990     
          16          20  0.10038861614670661     
          19          20   1.5334548555085663     
          17          21   1.0723764806125526     
          18          21  0.17864497710026583     
          19          21  0.14136844016333058     
          20          21   1.2481830419740381     
           3          22   1.1227100186125276     
          14          22   1.1139284560765750     
           4          23  0.12098922687782579     
          13          23  0.17491522152615124     
          22          23   1.4758812862004240     
