   -0.00045603
   -0.02996830
    0.15102424
   -0.07190639
    0.11225191
   -0.13349951
    0.10040965
    0.01913651
    0.12495133
   -0.17754431
    0.13419049
   -0.13565441
    0.12617295
   -0.00231376
   -0.01864135
    0.01932808
    0.11461826
   -0.05315940
   -0.08318074
    0.01161799
   -0.05748126
    0.09912748
   -0.17077330
    0.29649290
   -0.36972633
   -0.02578482
    0.03183350
    0.00015405
    0.09228582
   -0.03407975
    0.02399578
   -0.11502997
    0.04483908
   -0.02323041
