           1           2   2.5871033487873536     
           2           3  0.89955141626342050     
           1           4  0.13677223938156821     
           3           4   1.6920190706651339     
           3           5   1.2038580327118122     
           5           6   1.2280183726024620     
           6           7   1.2096398257422858     
           7           8   1.8178645380981080     
           8           9   1.2637469545894435     
           9          10   1.2536619073158328     
           7          11  0.11146912639356850     
          10          11   1.5754288000725833     
          11          12   1.5968351624309185     
          12          13   1.2354348183856527     
          11          14  0.14258857402817099     
          13          14   1.2994763427221998     
          14          15   1.2872524561990375     
          15          16   1.2180361980016428     
          16          17   1.6109449879251767     
          17          18   1.2304143153226468     
          18          19   1.0909856899201622     
          19          20   1.1350688842729968     
          20          21   1.2077496484872583     
          21          22   1.2512013828671078     
          22          23   1.6029254778358197     
          22          24  0.18934021138098409     
          23          24   1.6088613161862133     
          22          25  0.23261748484495695     
          24          25   1.5903120980874217     
          21          26   1.2508571833298237     
          22          26  0.10187237707314128     
          23          26  0.26091439207384387     
          24          26  0.18499758178035022     
          25          26   1.5876721235487048     
          17          27  0.31871409026372804     
          18          27   1.2522617729360737     
          15          28   1.2095399890042373     
          16          28  0.32567379846876843     
          27          28   1.5759093966916031     
           9          29   1.1192521747735973     
          13          29   1.1754827688582421     
           6          30   1.3077242221395653     
           7          30  0.15529792878164281     
           8          30  0.17130299175593097     
          29          30   1.3907229341009899     
