           1           2   2.5978660914449869     
           2           3  0.90058353226161347     
           1           4  0.16270771647049787     
           3           4   1.7319000099213535     
           1           5  0.15652808386511730     
           3           5   1.1698831473672637     
           4           5  0.10781449006809560     
           5           6   1.4600368313990739     
           6           7   1.0957742706381111     
           7           8   1.6686915578177195     
           8           9   1.0044272878344105     
           9          10   1.4146451381839884     
          10          11   1.1882585191079231     
          11          12   1.2559012356556785     
          12          13   1.7693003618164485     
          13          14   1.3704628239226502     
          14          15  0.99756605050021774     
          12          16  0.10163538542464268     
          14          16   1.2618350772081648     
          16          17   1.0035291703037015     
          11          18   1.2968785715832747     
          12          18  0.33425654021425194     
          13          18  0.19244771563914381     
          16          18   1.4424093206362099     
           9          19   1.3060154498770851     
          10          19  0.10530379509053131     
          10          20  0.22656144681436968     
          19          20   1.5248327352557469     
          20          21   1.7148286992913941     
           8          22   1.0367255947319531     
          21          22   1.1807462980496854     
           7          23  0.39314596551424907     
          22          23   1.3837569366017870     
           6          24   1.1948504736099468     
           7          24  0.11041692953872692     
          23          24   1.6609805503052697     
