    0.00078820
   -0.00901195
    0.15462636
   -0.06749320
    0.11657922
   -0.13489546
    0.08672890
    0.01532257
    0.11960892
   -0.19050054
    0.12940511
   -0.09171710
    0.11984885
   -0.04357384
   -0.01837080
    0.18668622
   -0.15973934
    0.09074197
   -0.06359081
   -0.08202789
    0.01959280
   -0.02168691
    0.11412770
   -0.22657941
    0.32441154
   -0.34035385
   -0.02190010
    0.03112788
    0.11851010
   -0.08453785
    0.04704774
   -0.03963825
    0.03889750
   -0.11028907
    0.03466015
   -0.04280535
