           1           2   2.2206085215376734     
           1           3  0.10231719982127183     
           2           3   1.0707233673816308     
           3           4   1.0647320573457191     
           3           5  0.13878930344074172     
           4           5   1.7547936314130963     
           4           6   1.0068891359617189     
           5           7  0.10609628706639983     
           6           7   2.5633356517170864     
           7           8   1.0325905578571004     
           8           9   1.3880250911060639     
           8          10   1.4397423853307825     
           9          10  0.24419412527838477     
          10          11   1.1974262840044074     
          11          12   1.2323927568699484     
          12          13   1.7596057273298404     
          13          14   1.2890056141276547     
          14          15   1.1766046533064936     
          12          16  0.11396969984557652     
          15          16   1.5739611325242131     
          16          17   1.7359840660247472     
          17          18   1.0883203274297735     
          16          19  0.13721199225166528     
          18          19   1.5971176238880940     
          19          20   1.0874488320404285     
          20          21   1.3232532137990640     
          21          22   1.6225010769249577     
          20          23  0.10070900419542646     
          21          23  0.39048218773671434     
          22          23   1.6354324762248167     
          21          24  0.10116691907873201     
          23          24   1.3652443683201194     
          24          25  0.99688948055508297     
          20          26   1.3558691390621507     
          21          26  0.15675491158090166     
          22          26  0.37782825884865268     
          23          26  0.15273613758634480     
          24          26   1.4140722321771555     
          14          27   1.1645713216618765     
          18          27   1.0548084055727116     
          11          28   1.2886498105695088     
          12          28  0.21930053687577386     
          13          28  0.17835169614037877     
          27          28   1.4499872415539730     
