   -0.08843206
    0.09492664
   -0.11163380
    0.16747086
   -0.07209069
    0.12129039
   -0.10984750
    0.06606217
    0.03551554
    0.12302360
   -0.17417925
    0.13130848
   -0.14582374
    0.13717455
   -0.02203011
   -0.02966431
    0.16686234
   -0.14266732
    0.00937161
    0.07125388
   -0.01959065
   -0.00685417
   -0.00203568
   -0.01676852
   -0.01982437
    0.09072372
   -0.07802270
   -0.10059353
    0.02613719
   -0.04538799
    0.11900696
   -0.16765868
    0.30290319
   -0.41564578
    0.01797149
    0.05023165
    0.00868497
    0.20293606
   -0.08828993
   -0.08581453
