           1           2   2.5697868440701996     
           2           3  0.92345610351116569     
           1           4  0.20583036663516160     
           3           4   1.6842426691407213     
           3           5   1.1587387113241052     
           5           6   1.4438279767047186     
           6           7   1.0090699375719803     
           7           8   2.1391605327455374     
           8           9   1.1747743180464596     
           9          10   1.1302049168862685     
           7          11  0.11657027120581040     
           8          11  0.11319420629279299     
          10          11   1.6595067591348522     
          11          12   1.6187869711800682     
          12          13   1.1674642328329117     
          11          14  0.12604839192044384     
          12          14  0.11921161449779021     
          13          14   1.5614957477380078     
          14          15   1.0925059231631251     
          15          16   1.3184059619562454     
          16          17   1.6215302938286189     
          15          18  0.10032852796622796     
          16          18  0.38516422873810585     
          17          18   1.6298256067547734     
          16          19  0.10125572718633247     
          18          19   1.3662662426332577     
          19          20  0.99567727918401583     
          15          21   1.3547473659207117     
          16          21  0.15708354339211497     
          17          21  0.37066891790949191     
          18          21  0.15676054744857557     
          19          21   1.4141915889747914     
           9          22   1.3068093719429923     
          13          22   1.0172811788394192     
           6          23   1.3023232505784077     
           8          23  0.20742590989339865     
          22          23   1.3459281827368015     
