   -0.01023187
   -0.01621751
    0.15206444
   -0.07455394
    0.11360047
   -0.14344903
    0.08690698
    0.00592019
    0.11809370
   -0.20975182
    0.13066843
   -0.11059434
    0.14118306
   -0.05095711
   -0.04739398
    0.11137604
   -0.07087289
    0.04808996
    0.08112315
   -0.03714461
   -0.01340745
    0.03395181
   -0.01107771
   -0.03146305
    0.10572144
   -0.05436343
   -0.10102785
    0.01631171
   -0.02773288
    0.11089179
   -0.23743268
    0.32240585
   -0.34309123
   -0.00821972
    0.02647375
   -0.00780447
    0.18847331
   -0.09629478
   -0.09017373
