           1           2   1.7394753314931728     
           1           3  0.44866700882931154     
           2           3   1.4105624314720377     
           2           4  0.77209227431965699     
           3           5  0.19091821511051746     
           4           5   1.6939425077051762     
           4           6   1.2862778254551550     
           5           6  0.13619016841597764     
           6           7   1.1837493127311338     
           7           8   1.2341780612020983     
           6           9  0.10045500778113120     
           8           9   1.7501434255452215     
           9          10   1.2800243087270704     
          10          11   1.2178514617992386     
           8          12  0.13798771584758460     
          11          12   1.6122108350265820     
          12          13   1.5828581458983864     
          13          14   1.2221303276715132     
          12          15  0.15543854765263390     
          14          15   1.3298464498436231     
          15          16   1.1889446875498693     
          16          17   1.2763725121079010     
          17          18   1.6291370024417888     
          17          19  0.39573848546334833     
          18          19   1.6192108126209612     
          19          20   1.3587892442354048     
          20          21  0.99475778039654994     
          16          22   1.3114785300248875     
          17          22  0.15844779718882462     
          18          22  0.38117491653773899     
          19          22  0.14762741576142682     
          20          22   1.4277441314438337     
          10          23   1.1373325429595458     
          14          23   1.1685064913018675     
           7          24   1.3258179366380354     
           8          24  0.21523241202278889     
           9          24  0.16324272852854710     
          23          24   1.3795991004020780     
