           1           2   1.2988693106507834     
           1           3  0.47374144178595778     
           2           3   1.3069024497891395     
           2           4   1.0317224364573481     
           3           4  0.41072380091244820     
           4           5   1.3562603259930974     
           3           6  0.12358648830394089     
           4           6  0.16278776489855992     
           5           6   2.2267908720887157     
           6           7  0.95716832992757361     
           7           8   1.3892673267728481     
           7           9   1.4950038366044958     
           8           9  0.22333314521710387     
           9          10   1.1823194494807843     
          10          11   1.2404278970990679     
          11          12   1.7904262715440473     
          12          13   1.2827823534500504     
          13          14   1.1842009732063601     
          11          15  0.14074980552529867     
          14          15   1.6436364021959913     
          15          16   1.5613828782652954     
          16          17   1.1061302087905784     
          17          18   2.7780569724306625     
          16          19  0.97966183068167478     
          15          20  0.13051638008645738     
          19          20   1.6471856872401740     
          20          21   1.1031319228820606     
          21          22   1.3114126713204100     
          22          23   1.6169754199972197     
          22          24  0.39223936250141789     
          23          24   1.6450157231645630     
          22          25  0.10121978862491701     
          24          25   1.3675109129653962     
          25          26  0.99741764371011010     
          21          27   1.3515409266172713     
          22          27  0.16308376456849846     
          23          27  0.40278907642287948     
          24          27  0.14323442295041522     
          25          27   1.4120805477997522     
          13          28   1.1640842713896002     
          19          28   1.0717195236338908     
          10          29   1.2954309973882034     
          11          29  0.20607789016801739     
          12          29  0.17693518727337579     
          28          29   1.4431981949520025     
