           1           2   1.8100255725414809     
           1           3  0.20629450138422123     
           2           3   1.1370742471313589     
           3           4   1.2520947830362454     
           3           5  0.38955696868614287     
           4           5   1.4467078218632650     
           1           6  0.16534066984822268     
           4           6   1.1636150086674169     
           5           6  0.13877017691566701     
           2           7  0.89451734282365813     
           6           7   1.3163494226645320     
           3           8  0.13480457002662438     
           7           8   1.5194406903064106     
           8           9   1.5057290531196579     
           9          10   1.0223974578330211     
           8          11  0.10896532956104427     
          10          11   1.5747439417757549     
           8          12  0.10977561090443609     
          10          12   1.2175240211726590     
          11          12  0.10340204533095393     
          12          13   1.2968634994340285     
          13          14   1.2395691388913366     
          14          15   1.5576433453522085     
          15          16   1.7161346200406649     
          16          17   1.1537227210036416     
          15          18  0.19292510371447416     
          17          18   1.3422727124237170     
          18          19   1.2339754850910820     
          19          20   1.2194627209830502     
          20          21   1.7769619069398437     
          21          22   1.3650551143223146     
          22          23   1.0053632325666597     
          22          24   1.2462877231472402     
          24          25   1.0088525672642452     
          19          26   1.2817451216908169     
          20          26  0.32066044156927093     
          21          26  0.16190807929102632     
          24          26   1.4554222920573421     
           9          27   1.1759217598278984     
          13          27   1.1668267662110405     
          17          27   1.2277019355043888     
