           1           2   2.7939808542072222     
           2           3   1.0401997482736667     
           1           4  0.16395119848656606     
           3           4   1.8476878238426322     
           4           5   1.1830299925334673     
           5           6   1.3931436132058042     
           6           7   1.3060117807466622     
           7           8   1.4991084209547032     
           7           9   1.0117095453481719     
           6          10  0.11048430983940259     
           8          10  0.11423027235724152     
           9          10   1.6220441526479654     
           9          11   1.1137770420899209     
          11          12   1.1639379629566851     
          12          13   1.4245920771257237     
          12          14  0.35041960002155415     
          13          14   1.2354917223075401     
          14          15   1.1296911401154754     
          15          16   1.2854840152406208     
          16          17   1.5921189669259552     
          15          18  0.10048124285379423     
          16          18  0.17938178548217268     
          17          18   1.6223407265650647     
          16          19  0.21007816698628970     
          18          19   1.6115554602832609     
          15          20   1.3025298687016422     
          17          20  0.20595875478599707     
          18          20  0.16506772401234968     
          19          20   1.5982913048541711     
           5          21   1.1969755737534096     
           6          21  0.43379359554043689     
          10          21  0.15416276302745380     
          11          21   1.4554692904949946     
           3          22  0.87006611169647230     
           4          23  0.28162428961477376     
          22          23   1.7253295154359531     
          22          24   1.2726429990214603     
          23          24  0.34887812947083174     
