   -0.06078649
    0.09723630
   -0.11710137
    0.16520562
   -0.06134961
    0.12347374
   -0.09734178
    0.07138769
    0.03966224
    0.12446635
   -0.16942863
    0.13285886
   -0.13846730
    0.13805711
   -0.02342858
   -0.03436020
    0.16958582
   -0.14602994
    0.02969635
    0.07667205
   -0.00920360
    0.01110898
    0.03278279
    0.01229647
   -0.00892804
    0.09083227
   -0.06306530
   -0.09511445
    0.02086607
   -0.04758370
    0.12142314
   -0.18032944
    0.29822986
   -0.39849947
    0.03138350
    0.02034740
    0.01572881
    0.10871276
    0.00369045
   -0.01984462
    0.38595929
   -0.31382304
   -0.32901499
   -0.01587226
    0.00790887
