           1           2   1.9809152170136428     
           2           3   1.1345243992440681     
           3           4   1.0152945956445447     
           4           5   1.5308163922251701     
           5           6   1.3394727339601293     
           6           7   1.2605652871922703     
           7           8   1.6550232428322846     
           8           9   1.3983720518039340     
           9          10   1.0798928327919706     
          10          11   2.8178788628728495     
           9          12   1.2146567000824453     
           8          13  0.22490798551780020     
          12          13   1.2492506175370259     
          13          14   1.2532906312268310     
          14          15   1.2206122437559701     
          15          16   1.7512269470830730     
          16          17   1.3492725412402744     
          17          18   1.0069336039891281     
          18          19   1.2289086374444469     
          19          20   1.0639602490616387     
          20          21   1.3160360514205485     
          21          22   1.6701016805392801     
          20          23  0.11415877067056490     
          21          23  0.19414997219822838     
          22          23   1.5887148055317668     
          21          24  0.20911973718746382     
          23          24   1.5975501599078568     
          20          25   1.3226189019783336     
          22          25  0.19832043559573859     
          23          25  0.17519452395883708     
          24          25   1.6836728146699578     
          17          26   1.2405288383981903     
          26          27   1.0081723904249893     
          14          28   1.2577340705816251     
          15          28  0.31265922055761469     
          16          28  0.15248885734475745     
          26          28   1.4619466225994810     
           6          29   1.0839461594282969     
          12          29   1.1973192838739775     
           5          30  0.38966016888381022     
          29          30   1.4009444065037493     
           4          31   1.1159917496569460     
          30          31   1.4265035048828083     
          31          32   1.1738118151830021     
          32          33   1.4355521068921169     
          32          34  0.18098109408768812     
          33          34   1.3893747907129050     
          33          35   1.0142104975716610     
          35          36   2.2693101367928423     
          35          37  0.20662734615909531     
          36          37   1.3420166186860598     
          37          38   1.0888330107226982     
          38          39   1.1412990399689760     
          37          40  0.12421579333347774     
          39          40   1.6663294481208968     
          40          41  0.79517470134299395     
          40          42  0.19774323554996082     
          41          42   1.1289154748252486     
          39          43  0.19959547712509340     
          40          43  0.13295767051160029     
          41          43   1.1234647114616632     
          42          43  0.18694161666091347     
          41          44  0.76719885164644031     
          42          44  0.15497117843735353     
          43          44  0.17957291577232379     
          38          45   1.1252020519919146     
          42          45  0.21127723385294522     
          44          45   1.7151696160998224     
