           1           2   1.5846373064886301     
           1           3  0.23995506778061707     
           2           3   1.0630317300742893     
           1           4  0.13220624721880919     
           3           4   1.3275424943462946     
           4           5   1.1126667341053431     
           5           6   1.5037144916635132     
           3           7  0.11379116072773815     
           5           7  0.38971689650794111     
           6           7   1.2515293508084144     
           4           8   1.0216814615202778     
           7           8   1.1310962964480673     
           5           9  0.10819631654647631     
           8           9   1.1473489428779651     
           9          10   1.4408956996251794     
           9          11  0.12252035740063374     
          10          11   2.1722588200398665     
          11          12  0.98666825981657780     
          11          13  0.11233293665936907     
          12          13   1.6432266520113021     
          12          14   1.2026340457020444     
          13          14  0.10529965156952978     
          14          15   1.2753339566424866     
          15          16   1.2050093073176338     
          14          17  0.10827488885506589     
          16          17   1.7543162388545339     
          17          18   1.2820458671521007     
          18          19   1.1767475918171821     
          16          20  0.12156231984704810     
          19          20   1.5677486161242338     
          20          21   1.7289212070459603     
          21          22   1.0887361222870666     
          20          23  0.13634381618350253     
          22          23   1.6000439610120241     
          23          24   1.0868278930183886     
          24          25   1.3220593704863521     
          25          26   1.6239137826776120     
          24          27  0.10064822917575644     
          25          27  0.39175349817642652     
          26          27   1.6307516507486799     
          25          28  0.10157528467989527     
          27          28   1.3657574146422826     
          28          29  0.99332754014281044     
          24          30   1.3566287070914633     
          25          30  0.15567360524216176     
          26          30  0.40207381939204789     
          27          30  0.15517831812062349     
          28          30   1.4159188465630201     
          18          31   1.1665793935746929     
          22          31   1.0523890012724693     
          15          32   1.2535945781163855     
          16          32  0.21724307401258761     
          17          32  0.14922480565645296     
          31          32   1.4592268287731893     
