           1           2   1.2991309086911393     
           1           3  0.46818373411696157     
           2           3   1.2880625341740988     
           1           4  0.49164984888470464     
           2           4   1.0390241348618292     
           4           5   1.2586914165289127     
           4           6  0.10294089091736114     
           5           6   2.3240658463038635     
           6           7  0.96668885157397566     
           7           8   1.3945941919455522     
           7           9   1.4911149805417732     
           8           9  0.24011547905579184     
           9          10   1.1822491513051196     
          10          11   1.2450744293365004     
          11          12   1.7350904696684706     
          12          13   1.3102255349029892     
          13          14   1.1509728368607577     
          11          15  0.12429350176788873     
          14          15   1.5797301367013210     
          15          16   1.7813623594380417     
          16          17   1.1007505962031652     
          17          18   1.6219801555964684     
          18          19   1.1067580986118504     
          19          20   1.3069046580319343     
          20          21   1.6166770412025737     
          20          22  0.38965739838758889     
          21          22   1.6306462005338784     
          22          23   1.3637301598389320     
          23          24  0.99798676165650524     
          19          25   1.3527547860155544     
          20          25  0.16267725649863796     
          21          25  0.37357105043866157     
          22          25  0.15548832490321693     
          23          25   1.4173947978155643     
          13          26   1.1612633243886719     
          17          26   1.0165272037254236     
          10          27   1.2819671613647308     
          11          27  0.17901853669256276     
          12          27  0.20701295341756054     
          26          27   1.4732885209329698     
