   -0.00422095
   -0.03605497
    0.11959892
   -0.06197476
    0.06804056
    0.02924097
    0.05488167
    0.14475012
   -0.13919638
    0.28449997
   -0.35073328
   -0.12585066
    0.03139797
    0.02724799
    0.00456733
    0.07561000
   -0.13497551
    0.31376468
   -0.34381531
    0.03628848
    0.14472262
   -0.13314993
    0.03976900
    0.07995014
   -0.03271243
    0.02211160
   -0.03088718
    0.22914327
   -0.26571463
    0.13369575
   -0.02971454
    0.00473827
   -0.04150735
   -0.06143541
    0.06760136
   -0.04466772
    0.22171892
   -0.29672857
