           1           2   1.5618726660561604     
           2           3  0.99418291834920725     
           1           4  0.11908749143549462     
           3           4   1.6672810246956657     
           4           5   1.1109204338356149     
           5           6   1.6231194755284450     
           6           7   1.5227428213791361     
           7           8   1.0698373376296291     
           6           9  0.11691863805100197     
           8           9   2.8050492548715478     
           7          10   1.1631700247235304     
           6          11  0.17625194676003791     
          10          11   1.4958466274162829     
          10          12   1.1679920290548953     
          11          13  0.11016722095191828     
          12          13   1.6295940143525738     
          12          14  0.18227695661402812     
          13          14   1.4699762670181267     
          13          15  0.15593230915325051     
          14          15   1.5508834168360945     
          15          16   1.5959894908315142     
          14          17  0.10243989521893737     
          15          17  0.12976260713211271     
          16          17   1.6634700157747975     
          17          18   1.1501316954372582     
          18          19   1.7164649012282309     
          18          20  0.95573670346977879     
          20          21   1.0402478277417979     
          21          22   2.8057644990119055     
          20          23   1.7898565063142624     
          22          23  0.15156377839122265     
          23          24   1.3113171085384669     
          24          25   1.3956729233866079     
          23          26  0.14419381977177051     
          25          26   1.4639760035468354     
          26          27  0.99393684629972756     
          26          28  0.99079520862713788     
          28          29   1.7863721197732114     
          28          30  0.94672612920551014     
          30          31  0.99441404524911103     
          31          32   1.5495022085891745     
          24          33   1.1094394925094251     
          25          33  0.42373285257607923     
          29          33  0.11663000612283396     
          30          33   1.6866539221943571     
           4          34  0.37886977151131068     
           5          34   1.0746632540535148     
          34          35   1.7210438605403369     
          35          36   1.0198958707163612     
           3          37  0.96751816104772370     
          35          37  0.98768126055814998     
           4          38  0.10676417164235144     
          34          38  0.11979061525592417     
          37          38   1.7540192784261524     
