           1           2   2.2372273571256502     
           1           3  0.30531537896383726     
           2           3   1.3426558486734768     
           3           4   1.0255219283810701     
           1           5  0.11182817721646271     
           3           5  0.16125570742522127     
           4           5   1.5126030648516617     
           3           6  0.16537373280573600     
           4           6   1.0219749399708409     
           5           6  0.10882407664974084     
           6           7   1.2819520178364987     
           7           8   2.5140103928086823     
           8           9   1.0322971503442091     
           9          10   1.6490743006201547     
           9          11   1.1818168014559833     
          10          11  0.10633855806623850     
          11          12   1.2757691560487627     
          12          13   1.1982378033192591     
          13          14   1.8546718592616016     
          14          15   1.2698855142005732     
          15          16   1.2393373294284795     
          13          17  0.13768033883862557     
          16          17   1.5819188171146448     
          17          18   1.6109753562403974     
          18          19   1.2130234069088128     
          17          20  0.14535544450537174     
          19          20   1.3438022018405880     
          20          21   1.1888837941297927     
          21          22   1.2813220709823403     
          22          23   1.6475687941662069     
          22          24  0.37531236853803074     
          23          24   1.6221160185058279     
          24          25   1.3637601996692019     
          25          26  0.99353468634822939     
          21          27   1.3071100467455108     
          22          27  0.15314429317380346     
          23          27  0.40058755585125366     
          24          27  0.15965044937159287     
          25          27   1.4193581691023451     
          15          28   1.1294022352975450     
          19          28   1.1650744302088527     
          12          29   1.2841955153488152     
          13          29  0.15941879029213013     
          14          29  0.14749089867621099     
          28          29   1.3914855878747157     
