           1           2   1.3600372530489193     
           1           3  0.51592376212014779     
           2           3   1.3609743908858984     
           1           4  0.51833086026415698     
           2           4  0.94973234420556896     
           3           4  0.51945886094332405     
           4           5   1.2793921097835481     
           1           6  0.11103015459206109     
           3           6  0.11204788195112497     
           5           6   2.5066160683246976     
           6           7   1.0266564793532558     
           7           8   1.6493592247185738     
           7           9   1.1848766516240650     
           8           9  0.10560015367634608     
           9          10   1.2682831200595288     
          10          11   1.2036095662311976     
           9          12  0.12002669388329666     
          11          12   1.7690119057379101     
          12          13   1.2661121752018680     
          13          14   1.2381387224392144     
          11          15  0.15453360458415014     
          14          15   1.5843445328808232     
          15          16   1.6018865349022575     
          16          17   1.2185943799023904     
          15          18  0.14354008815541883     
          17          18   1.3402866860679481     
          18          19   1.1871557279862717     
          19          20   1.2826405307737829     
          20          21   1.6464873913920544     
          20          22  0.37733098835525491     
          21          22   1.6221831551731722     
          22          23   1.3636320323941558     
          23          24  0.99276889890561171     
          19          25   1.3061678206486214     
          20          25  0.15401532445158467     
          21          25  0.41574484675216794     
          22          25  0.15848656455537019     
          23          25   1.4201963551638037     
          13          26   1.1293061224358887     
          17          26   1.1652314588281607     
          10          27   1.2783236500020003     
          11          27  0.21112838836543385     
          12          27  0.15227823925116937     
          26          27   1.3980551654368663     
