           1           2   2.6021948509350374     
           2           3  0.91612803101650742     
           3           4   1.4188018211455937     
           1           5  0.21246651958391496     
           3           5   1.4830743535382940     
           4           5  0.18852254192270310     
           5           6   1.1699042924644598     
           6           7   1.3983371868163113     
           7           8   1.5042091006679037     
           8           9  0.99646002367491049     
           9          10   1.6110442457394729     
          10          11   1.0860244160259220     
          11          12   1.3028089111052927     
          12          13   1.6927370935113333     
          13          14   1.3789356867231173     
          14          15  0.99217294042371806     
          12          16  0.11095280163754423     
          14          16   1.2819331059632888     
          16          17   1.0035706772294697     
          11          18   1.3422977472800728     
          12          18  0.34446686987051006     
          13          18  0.15912094599293372     
          16          18   1.4348931925922532     
           9          19   1.1526532059966295     
          10          19  0.14886138394678766     
          10          20  0.18422652737997580     
          19          20   1.6545632471296059     
          20          21   1.6754800980007873     
           8          22   1.1635514804547327     
          21          22   1.1020113798137494     
           7          23  0.49046380537862738     
          22          23   1.3807840390579698     
           6          24   1.1398054273117655     
          23          24   1.4985204838638391     
          24          25   1.0201811813541009     
          25          26   1.1970176987530468     
          26          27   1.5049779626773594     
          26          28  0.30340657795345133     
          27          28   1.7741618487444566     
          28          29   1.1309020997143313     
          29          30   1.1562062357070475     
          30          31   1.4250601003697863     
          31          32   1.1697302656224715     
          30          33  0.21021539587175361     
          31          33  0.27783482980005886     
          32          33   1.1665963603382523     
          29          34   1.1555297926457246     
          30          34  0.12593068177444383     
          31          34  0.22100210078254237     
          33          34   1.4220825941038284     
