   -0.06912994
    0.08039936
   -0.02482542
    0.08205552
    0.30166065
   -0.30551694
    0.04520067
   -0.04599902
    0.12238084
   -0.05822814
   -0.12914714
    0.14414301
   -0.06967283
   -0.01637216
   -0.14739303
    0.12417282
    0.01654595
    0.03006427
    0.31129722
   -0.27232668
   -0.21324779
    0.19410668
   -0.15559466
    0.16141963
   -0.16819238
    0.18660769
   -0.15829825
    0.13907205
   -0.04159753
   -0.03401350
    0.19152746
   -0.15682320
    0.08951844
   -0.06882321
   -0.06554571
   -0.01942474
