           1           2   1.6656756276089670     
           1           3  0.16190937129779975     
           2           3   1.1327651168589268     
           3           4   1.4758090848998151     
           4           5   1.0257810422805331     
           5           6   1.7764860486282799     
           5           7   1.0367186823427899     
           7           8   1.2057165055967176     
           8           9   1.1231817445968688     
           8          10  0.17694085017285455     
           9          10   1.5031942391750142     
           8          11  0.18132046383568284     
           9          11   1.1680533933193629     
          11          12   1.1669859411434096     
          11          13  0.20802282879435274     
          12          13   1.5600392236985268     
           7          14   1.2038204794299538     
          11          14  0.11808175020622916     
          12          14   1.0492879439164293     
          13          14  0.35602465276818884     
           1          15  0.16646516698502603     
           3          15  0.12595223020276747     
           4          15   1.1906051305125280     
           1          16  0.10877964264354413     
           2          16   1.0776215192320229     
          15          16   1.3537340130141653     
          16          17   1.2345137245470825     
          17          18   1.7944446512349785     
          18          19  0.78700062199974985     
          17          20  0.16908717171408025     
          19          20   1.7352951050291812     
          17          21  0.22463788290191883     
          19          21   1.2732817862140453     
          20          21  0.17428911544081852     
          21          22   1.2303990244730920     
          22          23   1.2696961005659360     
          23          24   1.5514650517486903     
          24          25   1.6575899306751789     
          25          26   1.1699753315937471     
          24          27  0.20365693595955814     
          26          27   1.2898512822143853     
          27          28   1.2364814353144993     
          28          29   1.2146982464647753     
          29          30   1.7225114445011409     
          30          31   1.3633527815322075     
          31          32   1.0023274119740964     
          31          33   1.2490823920943599     
          33          34   1.0067880096554302     
          28          35   1.2836564196967148     
          29          35  0.36134592458560488     
          30          35  0.15182733768335091     
          33          35   1.4639210985854838     
          18          36   1.0901669354974528     
          22          36   1.2188750011898239     
          26          36   1.2853047078286548     
