           1           2   1.4159901773695343     
           2           3   1.0077593697872373     
           3           4   2.5317370765451273     
           3           5  0.14038334284935355     
           4           5   1.2562331863729099     
           5           6   1.0589125940578281     
           5           7  0.12223663990654181     
           6           7   1.1694761649204175     
           7           8   1.5128956628577341     
           7           9  0.12855162098353023     
           8           9   1.2745874309635934     
           7          10  0.13566435490347875     
           8          10  0.14064064872103754     
           9          10   1.2802326153605665     
           5          11  0.12169980249100963     
           6          11   1.1701207669084035     
           7          11  0.14555440009987550     
           8          11  0.12918104226675020     
           9          11  0.13181369707084198     
          10          11   1.5247367314014504     
           1          12  0.25871179430072661     
           2          12   1.4500335911904967     
          12          13   1.1842840075775907     
          13          14   1.2342809193080759     
          14          15   1.7627809114648727     
          15          16   1.2926119407467962     
          16          17   1.1615082002688257     
          14          18  0.11704888728485874     
          17          18   1.5668328247229204     
          18          19   1.7318688363101435     
          19          20   1.0897502204879317     
          18          21  0.13439487735312070     
          20          21   1.5947534800456493     
          21          22   1.0881241754530728     
          22          23   1.3218904411980883     
          23          24   1.6232830483529381     
          22          25  0.10032228850981244     
          23          25  0.38973885648505480     
          24          25   1.6289247101362616     
          23          26  0.10152778451853450     
          25          26   1.3658944050609938     
          26          27  0.99466059424525877     
          22          28   1.3552199237206164     
          23          28  0.15647375941190445     
          24          28  0.39070677629978223     
          25          28  0.15697434019915235     
          26          28   1.4159307466547080     
          16          29   1.1713329288597907     
          20          29   1.0546679231146618     
          13          30   1.2978408221211284     
          14          30  0.21717832006653709     
          15          30  0.18183412724456299     
          29          30   1.4432520617049298     
