           1           2   2.1428235175512409     
           1           3  0.10442133012741472     
           2           3   1.0598502721159941     
           3           4   1.0664212112150813     
           3           5  0.15066982717203348     
           4           5   1.7456362460924177     
           4           6  0.99641583286436430     
           6           7   2.5611648365239490     
           7           8  0.98650108160012595     
           8           9   1.6669115717262213     
           8          10   1.1954221749026335     
          10          11   1.2495941071476278     
          11          12   1.3276739221086198     
          12          13   1.4072993834834311     
          13          14   1.1433251681083028     
          14          15   1.3215701418408514     
          15          16   1.1938292514302640     
          16          17   1.2685958896438367     
          17          18   1.6347502447399034     
          17          19  0.40384049441958875     
          18          19   1.6112782221339903     
          19          20   1.3574637659412461     
          20          21  0.99809480057200317     
          16          22   1.3053803735109040     
          17          22  0.16030459584424833     
          18          22  0.37179802082595914     
          19          22  0.14805683392003391     
          20          22   1.4293158197328464     
          14          23   1.2709939544326574     
          15          23  0.10032946599052540     
          15          24  0.20813221487741115     
          23          24   1.5787747722410417     
          24          25   1.6003221070143379     
          13          26   1.1261152837714394     
          25          26   1.2342414188316391     
          12          27  0.40341845815940247     
          26          27   1.2922914626232347     
          11          28   1.1906288033286496     
          27          28   1.7389281488897972     
