   -0.09316948
    0.10770575
   -0.11585909
    0.16254646
   -0.07685691
    0.11956522
   -0.10622924
    0.06218708
    0.03543746
    0.12338576
   -0.18061114
    0.13202951
   -0.15818207
    0.13530980
   -0.05163574
   -0.04582844
    0.10267074
    0.04887102
   -0.04648269
   -0.04465058
   -0.04370860
    0.05260338
   -0.02219436
    0.07659969
   -0.02942486
    0.00008761
    0.02992986
    0.00145246
   -0.01847255
    0.01925756
   -0.05587804
    0.11845366
   -0.18614765
    0.30041696
   -0.39764292
    0.01239499
    0.02110660
   -0.01367753
    0.17891807
   -0.08825909
   -0.06601864
