           1           2   2.1732704617336029     
           1           3  0.11313288340981148     
           2           3   1.1054618575866930     
           3           4   1.0214138397730934     
           4           5   1.5108670579147885     
           5           6   1.3488829776016367     
           6           7   1.2549557561592515     
           7           8   1.6594794235925583     
           8           9   1.3864804456860504     
           9          10   1.0818201232512570     
          10          11   2.8141906608677130     
           9          12   1.2225771186581689     
           8          13  0.23922510717914941     
          12          13   1.2502679734912614     
          13          14   1.2483186900518837     
          14          15   1.2118689523631290     
          15          16   1.6570847501643935     
          16          17   1.4242486964638910     
          17          18   1.1141525653066755     
          14          19   1.2838605001417867     
          15          19  0.28822326710111457     
          16          19  0.17244234328434999     
          18          19   1.4315216297443043     
          16          20  0.16754434181078737     
          18          20   1.1593042446001798     
          15          21  0.11269552980527751     
          20          21   1.3963331074373142     
          17          22   1.0478422960172815     
          21          22   1.0798591089307839     
          20          23  0.17212918682405406     
          21          23  0.11386927032806106     
          22          23   1.2946810744538109     
          23          24   1.0824574528466158     
          24          25   1.3085569678377669     
          25          26   1.6239800566759772     
          24          27  0.10554597937047078     
          25          27  0.17415835827177462     
          26          27   1.6102660958402155     
          25          28  0.22281858675631369     
          27          28   1.6217761355314191     
          24          29   1.3144350931091291     
          26          29  0.21422418649281785     
          27          29  0.17827754512993746     
          28          29   1.6282254334558033     
           6          30   1.0795397540000222     
          12          30   1.1972545921647444     
           5          31  0.44518824260768852     
          30          31   1.4123961341323126     
           4          32   1.1120779936990337     
          31          32   1.4315942777314317     
          32          33   1.1728923543636940     
          33          34   1.4372414161472988     
          33          35  0.14815155073852909     
          34          35   1.3899578782565041     
          34          36   1.0007211138385648     
          36          37   2.3293869929763678     
          36          38  0.12817878048328635     
          37          38   1.2738124895654797     
          38          39   1.0790919282839651     
          36          40  0.15925542861937017     
          38          40  0.45710771582392967     
          39          40   1.2800196551744814     
          38          41  0.13844181582167836     
          39          41   1.2716949314503747     
          40          41  0.55269280890200911     
