   -0.09238880
    0.09350202
   -0.11731240
    0.16403667
   -0.08002653
    0.11589767
   -0.13291982
    0.08712775
    0.02411776
    0.12560263
   -0.17902225
    0.13561644
   -0.11708081
    0.12544564
   -0.03449244
   -0.04108329
    0.15371066
   -0.14103112
    0.02239620
    0.07247380
   -0.02568646
   -0.00273067
    0.02437134
   -0.00358474
   -0.02204536
    0.08964811
   -0.08344624
   -0.09651845
    0.01150666
   -0.06262569
    0.12177910
   -0.21982222
    0.32168215
   -0.36390846
    0.01062219
    0.03575531
   -0.02294580
    0.08516363
   -0.01189705
    0.03103602
   -0.08710401
    0.05704788
    0.05315323
   -0.08099162
    0.05823258
    0.03771575
   -0.08585318
    0.06595891
   -0.01908268
