           1           2   2.0362382702477895     
           2           3   1.1349667666261016     
           3           4   1.0843586254213387     
           4           5   1.4675597880339324     
           5           6   1.3903122935946313     
           6           7   1.1754328018963189     
           7           8   1.6514839244890729     
           8           9   1.5842744878824304     
           9          10   1.0994799548367540     
          10          11   2.7925380307948870     
           9          12  0.98526224599855250     
           8          13  0.12006767356089980     
          12          13   1.6753920823268937     
          13          14   1.0890319052284785     
          14          15   1.3009049071369123     
          15          16   1.6942762655726380     
          16          17   1.3583118775854361     
          17          18   1.0291391898967504     
          18          19   1.2550879117606735     
          19          20   1.0924818864929329     
          20          21   1.3000712478973875     
          21          22   1.6164138906918082     
          20          23  0.10551915010174333     
          21          23  0.18912148598491713     
          22          23   1.5883499915942672     
          21          24  0.21396139336859232     
          23          24   1.5913987248003210     
          20          25   1.3088785322925247     
          22          25  0.21195199784868851     
          23          25  0.18596062463749718     
          24          25   1.6263580976963712     
          15          26  0.10121820804239146     
          17          26   1.2450852349767501     
          26          27  0.99902607492687490     
          14          28   1.3267237624590340     
          15          28  0.27646319164115774     
          16          28  0.18395488238735869     
          26          28   1.4392480925288607     
           6          29   1.1014776019683314     
          12          29   1.0256244819048395     
           5          30  0.41423268191260232     
          29          30   1.5442196521385749     
           4          31   1.0876656399439049     
          30          31   1.3170303504254770     
          31          32   1.2952428877216799     
          32          33   1.2026329515676177     
          32          34  0.13867070494147210     
          33          34   1.6600480280495846     
          33          35  0.98744958710137010     
          35          36   2.3718717978528780     
          35          37  0.13378457972129154     
          36          37   1.2790403679041189     
          37          38   1.0351317444194950     
          37          39  0.12144173396468680     
          38          39   1.1388767364181536     
          39          40   1.4564952131759763     
          40          41   1.2462665489270404     
          40          42  0.22298526637463051     
          41          42   1.1368348245248232     
          40          43  0.10038024545061501     
          42          43   1.5216879525580438     
          43          44   1.2282840893754898     
          42          45  0.11696177366875805     
          43          45  0.21943875831379467     
          44          45   1.1289580017992280     
          45          46   1.4594930163947160     
          46          47   1.2316112726285546     
          39          48  0.13947630166146366     
          46          48  0.11466822822321948     
          47          48   1.1085855275801593     
          37          49  0.12161540045200073     
          38          49   1.1102221693988734     
          48          49   1.6392051893487454     
