           1           2   1.5727032230016715     
           2           3   1.1960384382618519     
           1           4  0.14309106176144148     
           3           4   1.7448621471914871     
           3           5  0.13906327005589270     
           4           5   1.6594861951316942     
           1           6  0.13395337510069652     
           3           6  0.33857521410078401     
           4           6  0.10884175734105474     
           5           6   1.6848365018463072     
           2           7   1.0356053590190470     
           6           7   1.3567188699284165     
           1           8  0.13841633204126497     
           7           8   1.2441113225210052     
           8           9   1.4613436387190288     
           8          10  0.18522672255798300     
           9          10   1.4115707088320544     
           9          11  0.96789859912675602     
          11          12   2.4827008292262747     
          12          13   1.0735989584170000     
          13          14   1.3068904928666678     
          14          15   1.5930985415421173     
          15          16   1.3352677669918938     
          16          17  0.97287598045609569     
          17          18   1.3219247667531693     
          18          19   1.6509035654030104     
          19          20   1.3256367886503473     
          20          21   1.1334923133349457     
          21          22   1.6047801174135061     
          22          23   1.7254152376148724     
          23          24   1.0923110691614382     
          22          25  0.15284457046922906     
          23          25  0.10380832552436656     
          24          25   1.5877496004801113     
          25          26   1.0943094331823555     
          26          27   1.2967115341943134     
          27          28   1.6544271155902388     
          28          29   1.3797075121148810     
          29          30  0.99567700438006945     
          30          31   1.3599652016819548     
          31          32   1.0195349245540610     
          32          33   1.3549474606729308     
          33          34   1.6404906879503325     
          32          35  0.12124592668754391     
          33          35  0.37944585114869045     
          34          35   1.6189624816643184     
          33          36  0.10197248578529380     
          35          36   1.3494124945898296     
          36          37  0.99577360857332164     
          32          38   1.3946501781008040     
          33          38  0.16544455083186183     
          34          38  0.40866297445579131     
          35          38  0.14815417763414057     
          36          38   1.3838271196150864     
          27          39  0.10577148630097591     
          29          39   1.2652068271477064     
          39          40   1.0001164853795168     
          26          41   1.3475792832270048     
          27          41  0.30642242292866911     
          28          41  0.17613935216537993     
          39          41   1.4365483979342579     
          20          42   1.1926405057621545     
          24          42   1.0538383401282181     
          17          43   1.3871219228459628     
          18          43  0.23381927514044906     
          19          43  0.19871509464194589     
          42          43   1.4064100801203014     
          14          44  0.18206573001501658     
          16          44   1.3460999698658134     
          13          45   1.3162973150118660     
          15          45  0.17691668895291399     
          44          45   1.5863777180871739     
