           1           2   2.1787323079872012     
           1           3  0.10688422973155758     
           2           3   1.1137844358430586     
           3           4   1.0941815784671476     
           4           5   1.4658490808773033     
           5           6   1.3919245903082993     
           6           7   1.2408383261602300     
           7           8   1.6742801104930729     
           8           9   1.3732741220199283     
           9          10   1.0813357139347128     
          10          11   2.8150383462125186     
           9          12   1.2342163555820049     
           8          13  0.17228363368051261     
          12          13   1.2373944777016082     
          13          14   1.3097556710473186     
          14          15   1.1765744711855615     
          15          16   1.8328286777148910     
          16          17   1.2885601712694656     
          17          18   1.1012126422421651     
          18          19   1.1282313597814251     
          19          20   1.1930493576069028     
          20          21   1.2580033002046440     
          21          22   1.6111374324782637     
          21          23  0.19445207884394808     
          22          23   1.6002006827967274     
          21          24  0.23522699582402248     
          23          24   1.5850542362433300     
          20          25   1.2542787259317916     
          22          25  0.26067854370731036     
          23          25  0.19172774311773683     
          24          25   1.5969032476399549     
          17          26   1.1672741406990739     
          26          27   1.0129209838832807     
          14          28   1.2497486458623599     
          15          28  0.30299653506561219     
          16          28  0.16468521172855571     
          26          28   1.5210896516084107     
           6          29   1.0682247631976405     
          12          29   1.1956385664098532     
           5          30  0.50651322692278322     
          29          30   1.4222829053712709     
           4          31   1.0837495357440281     
          30          31   1.4470225769208926     
          31          32   1.1714915204441381     
          32          33   1.4605784690531807     
          32          34  0.16783018401651126     
          33          34   1.4047504022806390     
          33          35  0.98532666166174521     
          35          36   2.1899704484494245     
          35          37  0.22189528748726034     
          36          37   1.4055964436437673     
          37          38   1.0282551073769397     
          38          39   1.2410398430560319     
          39          40   1.5877672421426290     
          40          41   1.0840759673362677     
          41          42   1.1073274505755109     
          42          43   1.9344618116483894     
          42          44  0.11475001505244818     
          43          44   1.1605683076768096     
          44          45   1.0771296312358465     
          45          46   1.6631001314440972     
          46          47   1.2464319245453988     
          39          48  0.12892298817357964     
          40          48  0.12084106828218658     
          46          48  0.10149259565291505     
          47          48   1.1217500028447487     
          38          49   1.1595251579074917     
          39          49  0.14467173467702901     
          40          49  0.14735472948079126     
          48          49   1.5817613553415499     
