           1           2   1.7315068724318379     
           1           3  0.56975877671604280     
           2           3   1.4331584209361452     
           2           4  0.76268719495065773     
           1           5  0.10488010556074190     
           3           5  0.25155167512015730     
           4           5   1.4617156198353565     
           1           6  0.12906039807818412     
           3           6  0.14031609022054681     
           4           6   1.5811624536710276     
           5           6  0.20122144058849020     
           6           7   1.1305100001693358     
           7           8   1.2579745219257339     
           8           9   1.7308553058711715     
           9          10   1.3163845463292694     
          10          11   1.1447197434174854     
           8          12  0.10595430630868212     
          11          12   1.6093670789240639     
          12          13   1.7255651775169705     
          13          14   1.0918604446185769     
          12          15  0.13154136201373245     
          14          15   1.5868459792547016     
          15          16   1.0908362782397321     
          16          17   1.3222857918858590     
          17          18   1.6238238618583962     
          16          19  0.10056723224376170     
          17          19  0.38262267135861316     
          18          19   1.6298976745976059     
          17          20  0.10145586781651131     
          19          20   1.3664470700310696     
          20          21  0.99708487349363184     
          16          22   1.3537543049209335     
          17          22  0.15489590217640881     
          18          22  0.36564236449965243     
          19          22  0.15877266852546229     
          20          22   1.4138342823255932     
          10          23   1.1834196142367244     
          14          23   1.0561593957112261     
           7          24   1.3313874208223193     
           8          24  0.24250001892540379     
           9          24  0.19858308376006162     
          23          24   1.4242366506206103     
