           1           2   2.5476781673985478     
           2           3  0.93074681743638421     
           1           4  0.11432549061590386     
           3           4   1.6789965010237859     
           3           5   1.1887302296420139     
           5           6   1.2745927816077915     
           6           7   1.3200543877162783     
           7           8   1.5364669197614105     
           8           9  0.98422194009931863     
           9          10   1.6436961159777614     
          10          11   1.0978525975757469     
          11          12   1.3189840738012866     
          12          13   1.6328815700180828     
          12          14  0.39832477631799784     
          13          14   1.6377832244318131     
          12          15  0.10060456271768754     
          14          15   1.3652116415050801     
          15          16  0.99369621269197483     
          11          17   1.3404706458897513     
          12          17  0.15164602960652493     
          13          17  0.40426063090738734     
          14          17  0.14974749343927071     
          15          17   1.4157293793626975     
           9          18   1.1113260233309001     
          10          19  0.10014173362538492     
          18          19   1.7942626366547059     
          19          20   1.5860179514989736     
           8          21   1.1291902512638092     
          20          21   1.1484729030327891     
           7          22  0.42231222845391281     
          21          22   1.3722946841583805     
           6          23   1.1049242211403656     
          22          23   1.4795431573263578     
          23          24   1.0585437164555291     
          24          25   1.2245389957275332     
          25          26   1.4719085381143588     
          25          27  0.22314442962515241     
          26          27   1.6814702772289023     
          27          28   1.0958307953224831     
          28          29   1.1603915786975962     
          29          30   1.5191641170957784     
          30          31   1.3297490221707320     
          28          32   1.1268714456719544     
          29          32  0.30063920261027050     
          30          32  0.48679742281307381     
          31          32   1.4606578458921200     
