           1           2   2.1747364536424296     
           1           3  0.11238288386067205     
           2           3   1.1243038165835721     
           3           4   1.1064012806977874     
           4           5   1.4668048677120848     
           5           6   1.3929235761299494     
           6           7   1.2410237532245940     
           7           8   1.6736863414646486     
           8           9   1.3759678374298889     
           9          10   1.0809912532329558     
          10          11   2.8146929352162249     
           9          12   1.2333424416658023     
           8          13  0.16970576719674835     
          12          13   1.2346454464812433     
          13          14   1.3092552787697409     
          14          15   1.1911772755656158     
          15          16   1.8617460137487782     
          16          17   1.2885942851469661     
          17          18   1.0994264472344866     
          18          19   1.1199198002299102     
          19          20   1.2157425307983465     
          20          21   1.2475951282025690     
          21          22   1.6154777758121543     
          21          23  0.19653061636623459     
          22          23   1.6031561410111443     
          21          24  0.23458667275298453     
          23          24   1.5831337076842997     
          20          25   1.2461942697501884     
          22          25  0.26212333534359966     
          23          25  0.19012182652489648     
          24          25   1.5966389469693112     
          17          26   1.1687562999726115     
          26          27   1.0076322836431955     
          14          28   1.2352568431792053     
          15          28  0.29277873799909948     
          16          28  0.17261386159470998     
          26          28   1.5152909875067300     
           6          29   1.0632698823110540     
          12          29   1.1883623672531729     
           5          30  0.51706068688048590     
          29          30   1.4384586140802338     
           4          31   1.0572413060085171     
          30          31   1.3943811633803094     
          31          32   1.2795939063998281     
          32          33   1.2034576874677005     
          32          34  0.12010258044975156     
          33          34   1.6474189999171442     
          33          35  0.98035203046496089     
          35          36   2.3362222913404174     
          36          37   1.3070659429995100     
          37          38   1.1871925913528938     
          37          39  0.18626453883692273     
          38          39   1.1999528458036031     
          37          40  0.33013756707668079     
          38          40  0.10475704598320724     
          39          40   1.3266037757934339     
          40          41   1.1414224741102954     
          37          42  0.18421888289104085     
          39          42  0.22695577790329741     
          41          42   1.2047589620614696     
          38          43   1.0272711467960034     
          39          43  0.26512028922398462     
          42          43   1.5227286927278394     
