   -0.08624090
    0.09958344
   -0.13133292
    0.15837321
   -0.06750466
    0.11984149
   -0.10524389
    0.06390776
    0.03811050
    0.12371131
   -0.17215331
    0.13045537
   -0.14689037
    0.13759300
   -0.06849800
   -0.05561250
    0.16579527
   -0.13697350
    0.03685163
    0.07324836
   -0.01603519
    0.00391260
    0.03078649
    0.00806087
   -0.01564960
    0.09081985
   -0.06659432
   -0.06003359
    0.02081410
   -0.06506004
    0.10157216
   -0.17222316
    0.29661762
   -0.37427631
   -0.00613823
    0.04131378
   -0.00116236
    0.09319487
   -0.05094584
   -0.02376054
    0.14238198
   -0.07646418
   -0.03468357
   -0.04346869
