           1           2   1.9827075611198610     
           2           3   1.1352456955984136     
           3           4   1.0156599692044757     
           4           5   1.5216473743275984     
           5           6   1.3561758281787748     
           6           7   1.2517396115715118     
           7           8   1.6649845206009410     
           8           9   1.3883541316111414     
           9          10   1.0813720426113409     
          10          11   2.8167577608745669     
           9          12   1.2304906204445138     
           8          13  0.19317213755389709     
          12          13   1.2244347616925957     
          13          14   1.2602633506435974     
          14          15   1.1995767811781235     
          15          16   1.7331599957057937     
          16          17   1.3275269908782095     
          17          18   1.0465022449281054     
          18          19   1.2305668840879351     
          19          20   1.0418174915153062     
          20          21   1.3298696521111435     
          21          22   1.6313722669056256     
          20          23  0.11840144382412097     
          21          23  0.18061775837820646     
          22          23   1.5971914654651156     
          21          24  0.21331440679432165     
          23          24   1.6193249076114034     
          20          25   1.3344258681730139     
          22          25  0.21063600816116179     
          23          25  0.17884003693771633     
          24          25   1.6364177048499784     
          17          26   1.2173933885812622     
          26          27   1.0090186715593150     
          14          28   1.2729836002041390     
          15          28  0.35172787277955975     
          16          28  0.15618840901281464     
          26          28   1.4846427527253132     
           6          29   1.0825745388992125     
          12          29   1.2034876529274658     
           5          30  0.38986989514091391     
          29          30   1.3918917729069653     
           4          31   1.1224838313449905     
          30          31   1.4356070066250903     
          31          32   1.1689084203524318     
          32          33   1.4796707213590150     
          32          34  0.16885362821737038     
          33          34   1.3907747909826413     
          33          35  0.98015618792625192     
          34          35  0.10279146760581782     
          35          36   2.1918416930355171     
          35          37  0.13836971751291011     
          36          37   1.4056762353809225     
          37          38   1.1727159176661666     
          38          39   1.1014502650130562     
          37          40  0.13664867702365527     
          39          40   1.4302215597228212     
          40          41  0.97917979070785466     
          39          42  0.15067546825006597     
          40          42  0.25460290100450361     
          41          42   1.5434866062197810     
          39          43  0.13027131740377093     
          40          43  0.14517533955473169     
          41          43  0.98880132264283949     
          42          43  0.25967472373573702     
          38          44   1.1102468439273621     
          39          44  0.22298314722603740     
          42          44  0.15490875538903706     
          43          44   1.4582227831474575     
