           1           2   1.9016876549676636     
           1           3  0.26477474418648311     
           2           3   1.0958379938019194     
           3           4   1.0596834530689472     
           3           5  0.36025819672034254     
           4           5   1.3023032803243810     
           4           6   1.2735186984665992     
           5           6  0.47383151314818628     
           2           7  0.82947723525677663     
           7           8   1.6873265874688979     
           7           9   1.2435017761807321     
           8           9  0.11786710236194711     
           9          10   1.2320532706225018     
          10          11   1.3804297240000851     
          11          12   1.4361607615286194     
          12          13   1.1769609493890125     
          13          14   1.2753866082449501     
          14          15   1.2553717806345153     
          15          16   1.2226525367143486     
          16          17   1.7626335296625411     
          17          18   1.3590774597677537     
          18          19   1.0104968041546345     
          18          20   1.2441571711585042     
          20          21   1.0076869039408187     
          15          22   1.2532872163009408     
          16          22  0.32385271376500363     
          17          22  0.15341096340920546     
          20          22   1.4611438096109326     
          13          23   1.2173032249501401     
          23          24   1.0816521563840662     
          24          25   2.8160712064653404     
          14          26  0.21626278300883106     
          23          26   1.3945831422988879     
          26          27   1.6551995116861751     
          12          28   1.0758625269271027     
          27          28   1.2577408734192339     
          11          29  0.39079056341810670     
          28          29   1.3497403492846123     
          10          30   1.1084188892901161     
          29          30   1.4949441205268224     
          30          31   1.0341226284355483     
          31          32   1.1143772305063073     
          31          33  0.11872368543554120     
          32          33   2.1753065844736423     
