           1           2   2.6046945295315735     
           2           3  0.89826709199960830     
           1           4  0.13355507272160291     
           3           4   1.6936103714823771     
           1           5  0.10326476485772375     
           3           5   1.2132548580886549     
           5           6   1.2452039902012737     
           6           7   1.3203282296503260     
           7           8   1.4423829210988057     
           8           9   1.1313006130115073     
           9          10   1.3582881192191205     
          10          11   1.2114636741923810     
          11          12   1.2284578417861205     
          12          13   1.7276449373703329     
          13          14   1.3650957316290588     
          14          15   1.0010466717076110     
          14          16   1.2526208005267745     
          16          17   1.0088986766568662     
          11          18   1.2947198845448851     
          12          18  0.35148643948983038     
          13          18  0.14956059476069772     
          16          18   1.4582118038860974     
           9          19   1.2285933117974985     
          10          20  0.19921991778436429     
          19          20   1.6058829815141953     
          20          21   1.5677024730452360     
           8          22   1.1239939177615674     
          21          22   1.2508926570325740     
           7          23  0.41927875207208315     
          22          23   1.2750199243268034     
           6          24   1.1917576580324889     
           7          24  0.10415288991722736     
          23          24   1.7323850312646010     
