   -0.08682056
    0.14537804
   -0.15610982
    0.16846165
   -0.18640351
    0.20130088
   -0.14947496
    0.14199737
   -0.02947036
   -0.02958329
    0.15608306
   -0.13243024
    0.01057242
    0.07132631
    0.03251952
   -0.02257080
    0.00417998
    0.20598683
   -0.15821965
   -0.07137777
    0.08946039
   -0.08103728
   -0.07335006
    0.05164639
   -0.02598302
    0.16017950
   -0.18631682
    0.29447270
   -0.35185478
   -0.09977562
    0.08274177
    0.02351081
    0.09527666
   -0.03701644
    0.03528903
   -0.11509371
    0.06052843
   -0.03802305
