           1           2   1.5615928220079085     
           1           3  0.43981980355698841     
           2           3   1.0224729669993280     
           3           4   1.2743881404786213     
           3           5  0.10601734491795789     
           4           5   2.5212442395196915     
           5           6   1.0228356633607001     
           6           7   1.6328308075670697     
           6           8   1.2020193295495190     
           7           8  0.14738017067075790     
           8           9   1.2676239710386499     
           9          10   1.3742467962519058     
          10          11   1.4879063468926672     
          11          12   1.0523339482660263     
          12          13   1.6468588884226718     
          13          14   1.1069418333026511     
          14          15   1.3075396199886471     
          15          16   1.6267636518333961     
          15          17  0.39171541717624692     
          16          17   1.6388866118499295     
          15          18  0.10223882277740422     
          17          18   1.3677663150701054     
          18          19  0.99369328196838380     
          14          20   1.3440810437086270     
          15          20  0.15602663020615740     
          16          20  0.43757837824570300     
          17          20  0.14799807888968639     
          18          20   1.4144627653149471     
          12          21  0.98248847168820241     
          21          22   1.1043486937869169     
          22          23   2.7756568167881723     
          13          24  0.17528430510057424     
          21          24   1.5586223134113539     
          24          25   1.6641081248717173     
          11          26   1.1375723976856025     
          25          26   1.1638358888372105     
          10          27  0.41711121695446052     
          26          27   1.3800335026799306     
           9          28   1.0865559266029217     
          27          28   1.4603510100090455     
          28          29   1.0295511447023553     
          27          30  0.15559189289893754     
          28          30  0.10237815558345117     
          29          30   1.5371081968305940     
