           1           2   1.5033851993977747     
           1           3  0.21710984009938458     
           2           3   1.0806892975431170     
           1           4  0.29385111095481958     
           3           4   1.6755278725041702     
           4           5   1.1724342094443145     
           3           6  0.10550342152979557     
           5           6   1.2102835492161661     
           6           7   1.2111278980852991     
           6           8  0.11232101398596604     
           7           8   2.5680155160352505     
           8           9   1.0044562835375286     
           9          10   1.4219722412473008     
           9          11   1.4475984885819777     
          10          11  0.25857120088205848     
          11          12   1.1894318692516002     
          12          13   1.2417765309725828     
          13          14   1.7467457913202233     
          14          15   1.3045077111828101     
          15          16   1.1577130314812780     
          13          17  0.12567345070104896     
          16          17   1.5794031458787925     
          17          18   1.7835276281942845     
          18          19   1.0993613805756859     
          19          20   1.6186738022176972     
          20          21   1.1106839410076701     
          21          22   1.3052626615937615     
          22          23   1.6150300774203168     
          22          24  0.39160371280956752     
          23          24   1.6327987220047306     
          24          25   1.3630194925100421     
          25          26  0.99749015676174146     
          21          27   1.3503256153608632     
          22          27  0.16324072938656028     
          23          27  0.37627196720285527     
          24          27  0.15307891929512013     
          25          27   1.4186802119922717     
          15          28   1.1594150407287984     
          19          28   1.0188795311906771     
          12          29   1.2795421358709071     
          13          29  0.17359800323055077     
          14          29  0.22569403927219434     
          28          29   1.4749748153854334     
