   -0.12030199
    0.06555114
    0.03948061
    0.29964430
   -0.32257888
    0.02538114
   -0.01692401
   -0.02987418
    0.14142725
   -0.04803351
   -0.03499365
   -0.04388397
    0.05496279
   -0.12292173
    0.11707341
    0.03320620
    0.00824442
    0.30454448
   -0.28975752
   -0.22484858
    0.19680805
   -0.14154296
    0.16984939
   -0.16458049
    0.18357101
   -0.15046841
    0.13998886
   -0.03917314
   -0.03095395
    0.19405129
   -0.15269442
    0.09044471
   -0.06334883
   -0.06387126
   -0.00347754
