           1           2   1.4712315172824713     
           1           3  0.11078946728061205     
           2           3   1.3219740941246190     
           3           4  0.99260594978780736     
           4           5   1.7483430440926286     
           4           6   1.1018144713206017     
           5           6  0.11132270069963764     
           6           7   1.0672169257181578     
           7           8   1.3957806251213833     
           8           9   1.0481914271096215     
           7          10  0.32834446849320320     
           8          10  0.31005424368921558     
           9          10   1.5296343089677207     
           8          11  0.22753953591584294     
           9          11   1.0018337121544827     
           6          12   1.1624860096075882     
           7          12  0.12959494681508271     
           8          12  0.15387027128709771     
          10          12  0.28811254555005045     
          11          12   1.4890174761799155     
           1          13  0.23634681868503166     
           3          13   1.1857764502622803     
           1          14  0.15452137145417200     
          13          14   1.7157606522144107     
           2          15  0.98072194723563988     
          14          15   1.1192065083718445     
          13          16  0.10520571326597247     
          15          16   1.6057499318855128     
          16          17   1.5353819584576178     
          17          18  0.83751870238439508     
          18          19   1.7511085171066862     
          16          20  0.13106877313840154     
          18          20   1.2151121133489198     
          19          20  0.12415067616136766     
          20          21   1.2743795679087047     
          21          22   1.2527776570976488     
          22          23   1.5790965158675048     
          23          24   1.6706285454520258     
          24          25   1.1669443132018551     
          23          26  0.18722251888250158     
          25          26   1.2905725096454403     
          26          27   1.2440828675531126     
          27          28   1.2108880075582900     
          28          29   1.7256908131489150     
          29          30   1.3626997264002114     
          30          31   1.0060701337694953     
          30          32   1.2465575493934897     
          32          33   1.0091784660747736     
          27          34   1.2787626107124621     
          28          34  0.36985704832876370     
          29          34  0.15303971422876994     
          32          34   1.4660361584704513     
          17          35   1.1180777893703517     
          21          35   1.1993002068105221     
          25          35   1.2860987630027552     
