           1           2   2.0517052605524970     
           1           3  0.33289138439237032     
           2           3   1.4151876902928751     
           1           4  0.16089017179137260     
           3           4   1.6864304596243653     
           4           5   1.1582398145502895     
           4           6  0.12603204376521665     
           5           6   1.0512663565834222     
           6           7   1.2724271028122220     
           6           8  0.12761728407360112     
           7           8   2.5211651313796630     
           8           9   1.0233997753029240     
           9          10   1.6593361844597896     
           9          11   1.1817082593954620     
          10          11  0.10334552782698235     
          11          12   1.3022926320646930     
          12          13   1.1983668133668477     
          13          14   1.8799362475157695     
          14          15   1.2918798309419661     
          15          16   1.1774245684451987     
          13          17  0.11355647632782366     
          16          17   1.5504393172452218     
          17          18   1.7652124092234320     
          18          19   1.1055664739474744     
          19          20   1.6209702340322225     
          20          21   1.1179726470465345     
          21          22   1.2776053948386410     
          22          23   1.6770616360530015     
          23          24   1.3802815594122551     
          24          25  0.99772611316964666     
          22          26  0.10276748477005171     
          24          26   1.2559552492088519     
          26          27   1.0071729977889623     
          21          28   1.3182061039423714     
          22          28  0.34037446817531214     
          23          28  0.17203744556177347     
          26          28   1.4424796372939741     
          15          29   1.1460764273441046     
          19          29   1.0117600935113793     
          12          30   1.2416684169572620     
          13          30  0.10373051598711458     
          14          30  0.18953409926535980     
          29          30   1.5079602382335451     
           4          31  0.12599898739135468     
           5          31   1.1452886473872730     
           6          31  0.11313830669662919     
          31          32   1.6074937914537479     
          32          33   1.5424797707806652     
          31          34  0.16995906731054794     
          32          34  0.30210669356382647     
          33          34   1.9427207941341813     
