           1           2   2.5685378241913281     
           2           3  0.93522062609218271     
           1           4  0.18614863706930995     
           3           4   1.6532144317904125     
           3           5   1.1998858021578556     
           4           5  0.11365519187543563     
           5           6   1.2741132153914634     
           6           7   1.3837866236984144     
           7           8   1.4578355333606874     
           8           9   1.1421621975926750     
           9          10   1.3680242367051250     
          10          11   1.1787526740570649     
          11          12   1.2805287612041285     
          12          13   1.6280937448931778     
          12          14  0.39841857989968532     
          13          14   1.6141215064676624     
          14          15   1.3600286772193491     
          15          16  0.99479788099598854     
          11          17   1.3137772526745133     
          12          17  0.15605950762656096     
          13          17  0.39909375624874821     
          14          17  0.15435470102199272     
          15          17   1.4280367034009547     
           9          18   1.2065320129628454     
          10          18  0.10777709621638538     
          10          19  0.20546098654764799     
          18          19   1.6114593556137180     
          19          20   1.6049121110280331     
           8          21   1.0876575142621627     
          20          21   1.2185151734890316     
           7          22  0.47336505477113744     
          21          22   1.3720153814825051     
           6          23   1.0725430717432143     
          22          23   1.4733451097978281     
          23          24   1.0917508461744121     
          24          25   1.1841370366642623     
          25          26   1.6969881322767910     
          26          27   1.5250007267139538     
          27          28   1.1418167490714193     
          27          29  0.12330992836631252     
          28          29   1.1685892953476289     
          27          30  0.15932563141310538     
          29          30   1.5278428123027095     
          30          31   1.3550730047425412     
          28          32   1.1066152605510224     
          29          32  0.35851160084804323     
          30          32  0.42675695749261489     
          31          32   1.4744733349191275     
