           1           2   1.9701430208258772     
           2           3   1.1346742663115617     
           3           4   1.0993144258192065     
           4           5   1.4726268636308382     
           5           6   1.4036423050543789     
           6           7   1.1809907259898345     
           7           8   1.6460200043774700     
           8           9   1.5868756760888922     
           9          10   1.0982815756655775     
          10          11   2.7942203710134437     
           9          12  0.98922790241679370     
           8          13  0.10489496480347590     
          12          13   1.6644490295503007     
          13          14   1.1202548424632985     
          14          15   1.2509816173519495     
          15          16   1.7585496385481034     
          16          17   1.3186017614279872     
          17          18   1.0532676663890419     
          18          19   1.1570450386195799     
          19          20   1.1007812624761710     
          20          21   1.3105935313864774     
          21          22   1.6328926677996554     
          19          23  0.12646672565538447     
          21          23  0.30754891890513852     
          22          23   1.6256135076788476     
          23          24   1.2173356617134345     
          21          25  0.11118871649636129     
          24          25   1.3525565372874540     
          20          26   1.3515028188574927     
          21          26  0.16417921478984693     
          22          26  0.36390871546014120     
          23          26  0.11908678533049005     
          24          26   1.2751878404450891     
          25          26  0.13105270655993312     
          17          27   1.1975045934076722     
          27          28   1.0145182254118632     
          14          29   1.3286611939110213     
          15          29  0.28705965225460489     
          16          29  0.18070874467567291     
          19          29  0.10723508452311348     
          27          29   1.4680374798113121     
           6          30   1.0890376753293034     
          12          30   1.0272274436041702     
           5          31  0.43804810122124288     
          30          31   1.5560799802492860     
           4          32   1.0637599095251062     
          31          32   1.3068390363875750     
          32          33   1.3392380115037867     
          33          34   1.1612998530539860     
          34          35   1.6708666824567908     
          34          36   1.0052262984010993     
          36          37   2.3055714389799897     
          36          38  0.14774285665670059     
          37          38   1.3161594557926495     
          38          39   1.0630701610815032     
          38          40  0.10048638323130088     
          39          40   1.2750938534649994     
          36          41  0.12692477372354277     
          38          41  0.40312946303405073     
          39          41   1.2904072662553270     
          40          41  0.53662163385357564     
