           1           2   1.6725306844556065     
           2           3   1.1118375862475711     
           1           4  0.12501908994025290     
           3           4   1.6268307158736532     
           4           5   1.6299115019607786     
           5           6   1.1868334633798734     
           1           7  0.13994144152951224     
           4           7  0.19502382897884671     
           5           7  0.11417287368000653     
           6           7   1.3101138711998728     
           7           8   1.2153337481877498     
           8           9   1.2289945948148697     
           9          10   1.7446987662123081     
          10          11   1.3381545248808786     
          11          12   1.0231501643519347     
          12          13   1.2089665690849924     
          13          14   1.0564508938891950     
          14          15   1.3393488860046889     
          15          16   1.6635263367151976     
          13          17  0.10153249545645397     
          14          17  0.11287819381721093     
          15          17  0.35599362360323733     
          16          17   1.6041638485325793     
          15          18  0.10143602386069242     
          17          18   1.3493990023822042     
          18          19  0.99725959373904827     
          14          20   1.3683402281839325     
          15          20  0.16374734672966762     
          16          20  0.41012261650504717     
          17          20  0.14761810537643841     
          18          20   1.3830002080665298     
          11          21   1.2230841146782261     
          21          22   1.0081726797010868     
           8          23   1.2820596943712332     
           9          23  0.30309316550735682     
          10          23  0.14428951963673523     
          21          23   1.4737450837479620     
           2          24   1.0125017076376106     
           6          24   1.2286953677291104     
           1          25  0.23845167473283177     
          24          25   1.4194205659725727     
          25          26   1.7677743685177161     
          26          27  0.96533650261577797     
          26          28  0.98512936872532342     
          28          29   1.7203096855861626     
          28          30   1.1366861132478920     
          29          30  0.10464534422609409     
          30          31   1.6708629207883792     
          30          32  0.13315217896949774     
          31          32   1.4950287384701464     
          32          33   1.1804193800214930     
          33          34   1.0638529119607294     
          32          35  0.10384027064415766     
          34          35   1.3139926391116545     
          32          36  0.17678042253865717     
          34          36  0.32518722228354913     
          35          36   1.5830445808677474     
          32          37  0.13208932678503296     
          33          37   1.0941554335889538     
          34          37  0.36886000539896463     
          35          37  0.21942542725682909     
          36          37   1.2161609411321646     
