   -0.09520350
    0.10436971
   -0.11854511
    0.15862594
   -0.08004857
    0.11896791
   -0.10900912
    0.06611334
    0.03338973
    0.12294812
   -0.18104738
    0.13176467
   -0.15246779
    0.13985680
   -0.04929785
   -0.04867368
    0.06987096
    0.04056809
   -0.00519486
   -0.02028385
    0.08555680
   -0.00718190
    0.07326054
   -0.03885830
   -0.00702862
    0.03340130
   -0.00646368
   -0.02563451
   -0.05302204
    0.02096735
   -0.06571080
    0.09414057
   -0.15272953
    0.29550867
   -0.36690766
    0.00361302
    0.00155440
   -0.00167561
    0.18750324
   -0.10181056
   -0.09518624
