           1           2   2.1812035584827316     
           1           3  0.10670859820099826     
           2           3   1.1139710172249919     
           3           4   1.0916904190322347     
           4           5   1.4670470597421377     
           5           6   1.3931901145955576     
           6           7   1.2387267536522222     
           7           8   1.6784445279613009     
           8           9   1.3763231881094133     
           9          10   1.0815022213096488     
          10          11   2.8144116247229816     
           9          12   1.2313795013460500     
           8          13  0.21153138342668992     
          12          13   1.2428683272618493     
          13          14   1.2750074442581796     
          14          15   1.2443468379685747     
          15          16   1.6510307263610418     
          16          17   1.3476973146757922     
          17          18   1.1077455575803850     
          16          19  0.19969829879571629     
          18          19   1.1660527434680421     
          15          20  0.16503209762888432     
          19          20   1.7947925231123050     
          17          21   1.1043411151360010     
          20          21   1.1523254505514158     
          19          22  0.18755237421538920     
          21          22   1.1560540888085331     
          22          23   1.1115650324378650     
          23          24   1.2910610920708758     
          24          25   1.5828185074644376     
          24          26  0.17350279959775303     
          25          26   1.6041966961483403     
          24          27  0.23847272059020458     
          26          27   1.6220536221237627     
          23          28   1.2932679176270963     
          24          28  0.10280496250960051     
          25          28  0.22818045953831173     
          26          28  0.18630719724520189     
          27          28   1.5850133865334644     
          14          29   1.2284144243807049     
          15          29  0.30580000453843131     
          16          29  0.18054001157029428     
          18          29   1.4249560727584398     
           6          30   1.0688451374053438     
          12          30   1.1945217502142393     
           5          31  0.50902935072757605     
          30          31   1.4224617341431338     
           4          32   1.0855268858440845     
          31          32   1.4482607118612592     
          32          33   1.1717803728809129     
          33          34   1.4909003544015107     
          33          35  0.18721474324332038     
          34          35   1.3949464679538746     
          34          36  0.95797038196279172     
          35          36  0.10534269370692276     
          36          37   2.1977062066021222     
          35          38  0.10904025129706735     
          36          38  0.10012702439748132     
          37          38   1.3898429296866970     
          38          39  0.96366279152260870     
          36          40  0.12860296691898940     
          38          40  0.39069798448627080     
          39          40   1.3595494441705078     
          36          41  0.13724969297147854     
          38          41  0.44057130172173831     
          39          41   1.3405374270703927     
          40          41  0.50311816526508502     
