   -0.06052594
    0.00307876
    0.33599238
   -0.28740412
   -0.23131316
    0.21040128
   -0.16301536
    0.09127587
    0.18396287
   -0.12754802
    0.13815062
   -0.02501061
   -0.03273005
    0.19178072
   -0.15767354
    0.08894540
   -0.06982202
   -0.07575784
   -0.15641369
    0.15388268
   -0.14653851
    0.11712012
   -0.02308633
    0.06160422
   -0.00678855
   -0.00091001
   -0.00424530
    0.01340088
    0.08608984
   -0.03851620
    0.05055875
   -0.12127159
    0.03542229
   -0.03309586
