           1           2   2.5339807504034138     
           2           3  0.94913696613978227     
           1           4  0.16233266873178581     
           3           4   1.6935051956077425     
           3           5   1.1290649811561786     
           5           6   1.4882711149024981     
           5           7  0.10232136488105728     
           6           7   1.3478638175469027     
           7           8   1.3018715766504652     
           8           9   1.1757097249837836     
           9          10   1.3249950975192661     
          10          11   1.2227611300204864     
          11          12   1.2369340953833694     
          12          13   1.7710024356781062     
          13          14   1.3613063152976446     
          14          15   1.0013678931325731     
          14          16   1.2521267972223566     
          16          17   1.0037282041151090     
          11          18   1.2748316657173007     
          12          18  0.31394365360925031     
          13          18  0.13966886927721031     
          16          18   1.4522268811304069     
           9          19   1.2114574069897108     
          10          19  0.10785131917762153     
          10          20  0.22133854603723249     
          19          20   1.6126375874613710     
          20          21   1.5647630169415481     
           8          22   1.1950498385718653     
          21          22   1.2443653317309959     
           7          23  0.23779372397522983     
          22          23   1.2217750462755013     
           6          24  0.89274127049035146     
          23          24   1.6897275166811550     
          24          25   1.1244900980224308     
          25          26   1.5549376607789538     
          25          27  0.12058884399886166     
          26          27   1.7562513170148149     
          25          28  0.19349756207001173     
          26          28  0.11388109093026896     
          27          28   1.4771494724705483     
          28          29   1.2319867795739698     
          29          30   1.0596172040863128     
          30          31   1.5141218512350505     
          31          32   1.1587282270325940     
          32          33   1.1380465900960062     
          28          34  0.14116321527720266     
          29          34   1.0744324552843239     
          30          34  0.14621854426922926     
          33          34   1.3993718859562689     
