           1           2   1.8369223047199665     
           1           3  0.15428844696507654     
           2           3   1.0862999748409938     
           3           4   1.4553300141998644     
           4           5  0.97008069045180201     
           5           6   1.7611352578978019     
           5           7   1.1073809546691635     
           6           7  0.11131066200898715     
           7           8   1.1026562349558460     
           8           9   1.3263242920123131     
           9          10   1.2007637629608179     
           9          11  0.16006420527045190     
          10          11   1.1011839641990302     
           7          12   1.1474612618130471     
           8          12  0.15252825563703509     
          11          12   1.4263848434216753     
           1          13  0.17867764360109126     
           4          13   1.2579595309584746     
           2          14  0.90153070675166291     
          13          14   1.2939743812416382     
           3          15  0.13782927665701172     
          14          15   1.5268765232528592     
          15          16   1.5302894780373499     
          16          17   1.0087071836428720     
          15          18  0.14275617868233068     
          17          18   1.5603048159825803     
          15          19  0.13688959625129837     
          17          19   1.2346616780030331     
          18          19  0.11938091782179311     
          19          20   1.2835535090048629     
          20          21   1.2313678127541674     
          21          22   1.5774443050010352     
          22          23   1.6806677763144877     
          23          24   1.1892291835080149     
          22          25  0.11619540031053605     
          24          25   1.2897991857921856     
          25          26   1.2965571760481609     
          26          27   1.2450747503920196     
          27          28   1.6894976449807100     
          28          29   1.3344459312134551     
          29          30   1.1044506631573587     
          28          31  0.21095177403868673     
          30          31   1.1653901198886403     
          27          32  0.19784103399450084     
          31          32   1.8969759079983488     
          29          33   1.1186242507667554     
          32          33   1.1755465415194091     
          33          34   1.1163170314974427     
          34          35   1.2550522545617571     
          35          36   1.2304277055740849     
          36          37   1.5984966036124690     
          36          38  0.19731545949321669     
          37          38   1.6262980934928326     
          36          39  0.22589890543433300     
          38          39   1.5965821226033465     
          35          40   1.2363368154503638     
          36          40  0.11644366977508297     
          37          40  0.27795196655123677     
          38          40  0.17258481286116636     
          39          40   1.5883875030656995     
          26          41   1.2098985614771576     
          27          41  0.27783163976259873     
          28          41  0.18762620105438169     
          30          41   1.4249626747786286     
          16          42   1.1610113275445892     
          20          42   1.1772593073457371     
          24          42   1.2465112707467751     
