           1           2   1.6069322086347886     
           1           3  0.18098025455728423     
           2           3   1.0477205352176631     
           1           4  0.23680791570002127     
           3           4   1.8076513740279758     
           4           5   1.0108182754249033     
           3           6  0.11349200456155339     
           4           6  0.22215920611884718     
           5           6   1.4721767532517780     
           4           7  0.13780646764668045     
           5           7   1.0665643406240277     
           6           7  0.11275278981527792     
           7           8   1.3603327883388650     
           7           9  0.19943617767897465     
           8           9   2.2664356245753732     
           9          10  0.97126222259710626     
          10          11   1.6524027796799117     
          10          12   1.2113085096154816     
          11          12  0.10862459785571146     
          12          13   1.2452204184753901     
          13          14   1.2114538401606159     
          12          15  0.12006947658292508     
          14          15   1.7583318252172717     
          15          16   1.2690966152897920     
          16          17   1.2309323331546114     
          14          18  0.15190368921030017     
          17          18   1.5939111511561348     
          18          19   1.5846969175219305     
          19          20   1.2202550244426180     
          18          21  0.14908658573274733     
          20          21   1.3368901052191489     
          21          22   1.1895915119571896     
          22          23   1.2751796008171634     
          23          24   1.6297361142805489     
          23          25  0.39803355435493437     
          24          25   1.6193597276726619     
          25          26   1.3589093566320776     
          26          27  0.99370537807286063     
          22          28   1.3114585948192450     
          23          28  0.15845086772266243     
          24          28  0.39570969562853980     
          25          28  0.14555079463431012     
          26          28   1.4278073535896354     
          16          29   1.1326540001015810     
          20          29   1.1665233910557808     
          13          30   1.2922277322821807     
          14          30  0.21283184431265201     
          15          30  0.15149774537930111     
          29          30   1.3905588343803714     
