           1           2   2.4212554589701698     
           1           3  0.10873103633739074     
           2           3   1.0260186213615685     
           1           4  0.13763425415094194     
           3           4   1.7159536068132271     
           3           5   1.0218578817435169     
           1           6  0.35989866370565188     
           2           6  0.20511341571701602     
           4           6  0.16414759762485098     
           5           6   1.5086807791041579     
           5           7   1.0180131873958067     
           7           8   1.4115825369702373     
           8           9   1.4606695852441793     
           9          10  0.96960619702975803     
          10          11   1.6136139971441434     
          11          12   1.1077631369511498     
          12          13   1.3142862713976864     
          13          14   1.6316839257124953     
          13          15  0.39547430956482255     
          14          15   1.6365619587785785     
          13          16  0.10090353319237018     
          15          16   1.3657603810572738     
          16          17  0.99362641399487728     
          12          18   1.3378041645303960     
          13          18  0.15076287893074519     
          14          18  0.41212120009125863     
          15          18  0.15170978814027225     
          16          18   1.4153537949663639     
          10          19   1.1806757252416948     
          11          19  0.13779469979672354     
          11          20  0.10787182340347150     
          19          20   1.6848130634318101     
          19          21  0.10028779522230846     
          20          21   1.7017021425223464     
           9          22   1.2069314568344252     
          21          22   1.0745489261945247     
           8          23  0.44896929742274222     
          22          23   1.3726379355416680     
           7          24   1.2625080964839654     
           8          24  0.10394160427948693     
           9          24  0.10331405712510125     
          23          24   1.6661609074618342     
