           1           2   2.5771517793041796     
           2           3  0.90694051316098478     
           1           4  0.14046203942616448     
           3           4   1.7036367325577144     
           3           5   1.1868246664387154     
           5           6   1.2537730157340363     
           6           7   1.2024237190645599     
           7           8   1.8111937503474531     
           8           9   1.2579208150134289     
           9          10   1.2643519297713133     
           7          11  0.10457238855761862     
          10          11   1.5588601332643415     
          11          12   1.6128863234960198     
          12          13   1.2223312637922688     
          11          14  0.16108984364096843     
          13          14   1.3295918792682264     
          14          15   1.2371502508933738     
          15          16   1.2138614345613175     
          16          17   1.7205073344430684     
          17          18   1.3613921355878882     
          18          19   1.0037680502349429     
          18          20   1.2475900079314322     
          20          21   1.0085419053464104     
          15          22   1.2806350289694048     
          16          22  0.36327795879417440     
          17          22  0.14312494981231905     
          20          22   1.4644537785772507     
           9          23   1.1174199782704912     
          13          23   1.1673254960207258     
           6          24   1.2874355775505182     
           7          24  0.17156608947816085     
           8          24  0.17486473616857137     
          23          24   1.4045878870766848     
