           1           2   1.5679399026589893     
           2           3  0.99542553961144853     
           1           4  0.10276671485762395     
           3           4   1.6627396291394545     
           4           5   1.1292277852562722     
           5           6   1.5510582211975255     
           6           7   1.6970482719025486     
           7           8   1.0522627768615518     
           6           9  0.13005021694440577     
           8           9   2.7997899036821217     
           7          10  0.83874929141499599     
          10          11   1.7266430709416472     
          10          12   1.2930458909087359     
          11          12  0.39440775361525349     
           4          13  0.38755787532002040     
           5          13   1.1160094174505639     
          13          14   1.6000277642359799     
          14          15   1.1861651247415950     
          15          16   1.2947280935264207     
          15          17  0.37731751008501391     
          16          17   1.3842096698676032     
          17          18   1.0937080421402605     
          18          19   1.3495424296562131     
          19          20   1.6687637907024404     
          18          21  0.12181806678933509     
          19          21  0.14523121572367562     
          20          21   1.7636793504151982     
          19          22  0.37849514816343122     
          20          22  0.14832385059502312     
          21          22   1.6405299581541317     
          18          23   1.2379715557239488     
          20          23  0.11217340469957678     
          22          23   1.4054069774472471     
          23          24   1.0087524583834029     
           3          25  0.95798237122035312     
          14          25  0.95286054144303078     
           4          26  0.12126774945767677     
          13          26  0.11189876005217007     
          25          26   1.7853359247998728     
