           1           2   2.0060067659734488     
           1           3  0.41167845260368263     
           2           3   1.5487034596396070     
           3           4   1.0495471247185837     
           1           5  0.12018262348931658     
           3           5  0.19159203517183032     
           4           5   1.2485584612892124     
           5           6   1.2377076121845025     
           6           7   2.5441989277879915     
           7           8   1.0131277077694616     
           8           9   1.4151462411428892     
           8          10   1.4455955182214506     
           9          10  0.24101034689477760     
          10          11   1.2051801998561964     
          11          12   1.2501318337451655     
          12          13   1.7973024999795695     
          13          14   1.2873444707491590     
          14          15   1.1812687411319343     
          12          16  0.17566382787076573     
          15          16   1.6508345073188615     
          16          17   1.5674188966771028     
          17          18   1.0991837366106720     
          18          19   2.7955116838421112     
          17          20  0.99390643124245703     
          20          21   1.6495880084179702     
          21          22   1.1029587203677127     
          22          23   1.3093080864974538     
          23          24   1.6149883313742142     
          23          25  0.38796382162910126     
          24          25   1.6436730046433421     
          25          26   1.3641211343438275     
          26          27  0.99938637997045954     
          22          28   1.3528839850932977     
          23          28  0.16620251898069366     
          24          28  0.37024852164626759     
          25          28  0.14736626094659255     
          26          28   1.4138439483212430     
          14          29   1.1409846226870037     
          20          29   1.0534829674539530     
          11          30   1.2612559144322379     
          12          30  0.16078082704422159     
          13          30  0.19914099105364386     
          29          30   1.4742631811370173     
           4          31   1.1046066296184818     
           5          31  0.11237655958634202     
          31          32   1.5374939141130413     
          31          33  0.38998433024117996     
          32          33   1.9666258695930392     
