   -0.06519206
    0.00782687
    0.33112335
   -0.32077916
   -0.22554938
    0.11551849
   -0.03599559
    0.01315633
    0.19692972
   -0.18409675
    0.14165721
    0.03460943
   -0.01412429
    0.02987983
    0.10635640
   -0.07456555
   -0.05074291
   -0.16460132
    0.16124011
   -0.13711333
    0.12854011
   -0.09321678
    0.16071073
   -0.10316160
    0.06977783
    0.01544005
   -0.00760341
    0.08454458
   -0.05095945
   -0.02334939
    0.12870285
   -0.08906856
   -0.03631103
   -0.04958333
