           1           2   2.5614161433230569     
           2           3  0.92987763055022599     
           1           4  0.17940541517895942     
           3           4   1.6416897741955039     
           3           5   1.2162568324965841     
           4           5  0.13225956270159045     
           5           6   1.2524780040291241     
           6           7   1.3968847369911153     
           7           8   1.4395603461590547     
           8           9   1.1485059855263100     
           9          10   1.3482728298769338     
          10          11   1.1796349281300826     
          11          12   1.2877494323224128     
          12          13   1.6019189265852731     
          12          14  0.34515123762452626     
          13          14   1.6693053826496014     
          14          15   1.2146574471503089     
          12          16  0.12658500004851780     
          13          16  0.10172127095769842     
          15          16   1.3804677860805965     
          11          17   1.3217596360677375     
          12          17  0.16724983106159449     
          13          17  0.36652670799568798     
          14          17  0.18462811995882175     
          15          17   1.2599481236592973     
          16          17  0.15096345588637253     
           9          18   1.2148322671112153     
          10          18  0.10112983975514396     
          10          19  0.17034802544264535     
          18          19   1.6156510797286954     
          19          20   1.6089240031590082     
           8          21   1.0959446257255416     
          20          21   1.2191517260702438     
           7          22  0.47616331732802386     
          21          22   1.3561320935226591     
           6          23   1.0805436867277782     
          22          23   1.4898721913718940     
          23          24   1.0763915526408354     
          24          25   1.1789073139894986     
          25          26   1.8512500568389767     
          25          27  0.11298852102923547     
          26          27   1.4163616272558146     
          27          28   1.1751325849927312     
          28          29   1.1902734478934947     
          29          30   1.2943639743864570     
          30          31  0.98144092857518084     
          30          32  0.35663815077884070     
          31          32   1.5301251964649536     
          27          33  0.11389981244762863     
          29          33  0.14569830664044930     
          30          33  0.21901071460069410     
          31          33   1.0098519250728326     
          32          33  0.23305258666442749     
          28          34   1.0606784640022919     
          29          34  0.27440046843396265     
          32          34  0.24730641753444885     
          33          34   1.3443944581839606     
