           1           2   1.7446175912637574     
           1           3  0.44630522149057300     
           2           3   1.4184762060335976     
           2           4  0.76131696174947738     
           1           5  0.15609696196684625     
           4           5   1.7089402062118433     
           4           6   1.2800734123821620     
           5           6  0.12665764318728076     
           6           7   1.2099863130008532     
           7           8   1.2403364085671118     
           8           9   1.7411859981701927     
           9          10   1.3030003480618537     
          10          11   1.1480248534059649     
           8          12  0.11583335444571193     
          11          12   1.5887577681156062     
          12          13   1.7758227521039602     
          13          14   1.1027116775818535     
          14          15   1.6199487531090921     
          15          16   1.1076538695241376     
          16          17   1.3143259848636248     
          17          18   1.6269067714476062     
          17          19  0.39185266690813914     
          18          19   1.6329657842398233     
          19          20   1.3623803240303860     
          20          21  0.99429017012110676     
          16          22   1.3414591532535811     
          17          22  0.15658570914243591     
          18          22  0.38425258622571057     
          19          22  0.15607024095962879     
          20          22   1.4183031884175346     
          10          23   1.1640988236568093     
          14          23   1.0165038660787582     
           7          24   1.2647482141632014     
           8          24  0.17032127762017249     
           9          24  0.17794707047661817     
          23          24   1.4800990532669285     
