           1           2   1.5781390736338290     
           1           3  0.20446171343503647     
           2           3   2.3060315325215228     
           3           4   1.0527404166522161     
           4           5   1.6202581606540774     
           1           6  0.12533722073223064     
           4           6   1.1874463833833604     
           5           6  0.12807498933130798     
           6           7   1.2955007377996124     
           7           8   1.2108348380137997     
           8           9   1.8250536753520004     
           9          10   1.2916297409834836     
          10          11   1.1839538914763468     
           8          12  0.17187564321228885     
          11          12   1.6415322437148845     
          12          13   1.5777027731809308     
          13          14   1.1007344189667141     
          14          15   2.7928124661517995     
          13          16  0.98968664638899972     
          16          17   1.6605333729354284     
          17          18   1.0983892762990863     
          18          19   1.3219366185428301     
          19          20   1.6282281739421265     
          19          21  0.38712289144856338     
          20          21   1.6413304160638451     
          21          22   1.3649988938872719     
          22          23  0.99291189528424273     
          18          24   1.3417969978239248     
          19          24  0.15611671972815888     
          20          24  0.38341242134608183     
          21          24  0.15184699203064192     
          22          24   1.4149098582104995     
          10          25   1.1394978621078384     
          16          25   1.0464615208941006     
           7          26   1.2381180308214870     
           8          26  0.14540479053786654     
           9          26  0.20768167986781028     
          25          26   1.4887241661251356     
