           1           2   2.1721265552179427     
           1           3  0.11203566573290631     
           2           3   1.1257133471002780     
           3           4   1.0977132695411291     
           4           5   1.4617372454347164     
           5           6   1.4095011609931174     
           6           7   1.1723851796576741     
           7           8   1.6482445657994789     
           8           9   1.5677264220496512     
           9          10   1.1040176542928057     
          10          11   2.7771733870875708     
           9          12  0.98375540577700060     
           8          13  0.16687465556492703     
          12          13   1.6475472151968600     
          13          14   1.1346317179036316     
          14          15   1.2455395869671122     
          15          16   1.7452568418578145     
          16          17   1.3149248835121754     
          17          18   1.0635768710061029     
          18          19   1.1261561394287998     
          19          20   1.2237592186422137     
          20          21   1.2393619736469941     
          21          22   1.6260588323829746     
          21          23  0.20149068762117583     
          22          23   1.5653004156297190     
          21          24  0.26230659421845332     
          23          24   1.5860646904419511     
          20          25   1.2402134222599823     
          22          25  0.22772481264026875     
          23          25  0.20881389561892022     
          24          25   1.6477619662025511     
          17          26   1.1924415271215763     
          26          27   1.0172583352475646     
          14          28   1.3249941601176858     
          15          28  0.32772955025129480     
          16          28  0.17567969213674678     
          26          28   1.4641713058347463     
           6          29   1.1117899637422601     
          12          29   1.0526288935950276     
           5          30  0.52715825846599051     
          29          30   1.5094627425046563     
           4          31   1.0819919493589771     
          30          31   1.3954791474039039     
          31          32   1.2074837782096184     
          32          33   1.4731325420907280     
          32          34  0.17151879332536393     
          33          34   1.3992890294965799     
          33          35  0.97700215096511611     
          34          35  0.16975866354292618     
          35          36   2.2100596166292910     
          34          37  0.14149907672013950     
          35          37  0.15933398371612700     
          36          37   1.3914610527685345     
          37          38   1.1358928350199184     
          38          39  0.93368651540309833     
          37          40  0.11378011659893184     
          39          40   1.6930175671036944     
          39          41   1.0394909950756559     
          40          41  0.22694896635881484     
          40          42  0.12406778917257212     
          41          42   1.5331135948075896     
          40          43  0.17526400270681441     
          41          43  0.40776573270843347     
          42          43   1.5764354598660524     
          38          44   1.0281742839971035     
          43          44   1.0664799358778791     
          40          45  0.10144133827398345     
          41          45  0.19524361566785042     
          42          45  0.23127145631833079     
          43          45  0.15226363092214409     
          44          45   1.6382223562593987     
