           1           2   1.5420831797697743     
           2           3   1.0225859449355583     
           1           4  0.13530419158130036     
           3           4   1.3474404656402104     
           4           5   1.6498128699329220     
           3           6  0.10118661630746634     
           4           6  0.14647641790567548     
           5           6   1.7661246979004925     
           4           7  0.36302954518472474     
           5           7  0.14842642982785578     
           6           7   1.6504663402480180     
           3           8   1.2216233824388358     
           5           8  0.13002072374495136     
           7           8   1.4108020186621684     
           8           9   1.0030854729325576     
           9          10   1.2755705686477223     
          10          11   1.6496252796292856     
          11          12   1.4287673438204846     
          12          13   1.0913246607412408     
           9          14   1.4228039968798931     
          10          14  0.22702534667883090     
          11          14  0.23307907637275019     
          13          14   1.3585831438858431     
          13          15   1.2428273869426418     
          15          16   1.2412078044550743     
          15          17  0.13981358561531218     
          16          17   1.7491068657768540     
          12          18   1.0814285685310305     
          16          18  0.79237639100054447     
          15          19  0.16681828125040080     
          17          19  0.13495092863199451     
          18          19   1.7759291740659744     
          19          20   1.2526722803519095     
          20          21   1.2524574734004901     
          19          22  0.17322166863456809     
          21          22   1.5058569046470947     
          22          23   1.3460659208866319     
          23          24   1.1782843441899167     
          24          25   1.9341427437280403     
          25          26  0.86138149362895966     
          24          27  0.14997373898403560     
          26          27   1.6655814556134905     
          26          28   1.3439055814688916     
          27          28  0.21237153209651041     
          20          29   1.1227136726804812     
          23          29   1.0531363857978395     
          21          30  0.19647974706606391     
          22          30  0.12453312165814870     
          29          30   1.6469896532910098     
