           1           2   1.4533914316676595     
           1           3  0.32435675087340199     
           2           3  0.99773481520970020     
           3           4   1.3946192490801161     
           3           5  0.15243236995273271     
           4           5   2.2276505221583789     
           5           6  0.97688707919285667     
           5           7  0.11689404353648707     
           6           7   1.6398329847184745     
           6           8   1.2220242097656395     
           7           8  0.12226973323752574     
           8           9   1.2273014864791083     
           9          10   1.2212278465380884     
           8          11  0.11855113779457867     
          10          11   1.7002698540569789     
          11          12   1.2851008146259137     
          12          13   1.2204284539149695     
          10          14  0.13281075323410915     
          13          14   1.6123490914721683     
          14          15   1.5796481620805731     
          15          16   1.2630236376248538     
          14          17  0.12791719544188043     
          16          17   1.2824761578212598     
          17          18   1.2115362541968886     
          18          19   1.2618668455560158     
          19          20   1.6430449202887094     
          19          21  0.40750798147245282     
          20          21   1.6055840117191968     
          21          22   1.3568249592021782     
          22          23  0.99532600914851665     
          18          24   1.2958231224253678     
          19          24  0.15737053293346004     
          20          24  0.40622747867250353     
          21          24  0.14682702279193791     
          22          24   1.4306824850644475     
          12          25   1.1329476531331031     
          16          25   1.1811163073633462     
           9          26   1.3051993623564500     
          10          26  0.24638876981596883     
          11          26  0.16487235741147871     
          25          26   1.3559417519251282     
           1          27  0.17924339617157770     
           2          27   1.1341641584644915     
           3          27  0.10369756884842181     
           1          28  0.15026195039922000     
          27          28   1.4112632758521388     
           1          29  0.12076051190040819     
          27          29  0.13989758000584879     
          28          29   1.8809757380016738     
