           1           2   1.5449961358133117     
           1           3  0.22899594089091790     
           2           3   1.0876302152032422     
           3           4   1.2512140895821158     
           4           5   2.5272165058044149     
           5           6   1.0101050481214326     
           6           7   1.4084999310707353     
           6           8   1.4533536994535403     
           7           8  0.24265078002952836     
           8           9   1.1883006365595987     
           9          10   1.2325275413269623     
          10          11   1.7635415480774246     
          11          12   1.2916400372269208     
          12          13   1.1699713107746554     
          10          14  0.11739786067528910     
          13          14   1.5765838626121638     
          14          15   1.7311439301452503     
          15          16   1.0883993016215279     
          14          17  0.13472558111135435     
          16          17   1.5951580411256068     
          17          18   1.0883141111732497     
          18          19   1.3219672649435619     
          19          20   1.6240641313788236     
          18          21  0.10024039886436002     
          19          21  0.38909975442471412     
          20          21   1.6312146689221150     
          19          22  0.10157020565203849     
          21          22   1.3660270577481548     
          22          23  0.99539388989398592     
          18          24   1.3549630578522149     
          19          24  0.15630878229548617     
          20          24  0.39100191474089968     
          21          24  0.15606575937400582     
          22          24   1.4147826601828557     
          12          25   1.1676037208153789     
          16          25   1.0551764927308782     
           9          26   1.2951089546419858     
          10          26  0.21968123771192519     
          11          26  0.18774497664807949     
          25          26   1.4465571039778702     
