   -0.08761560
    0.02327828
    0.12693494
    0.03354985
   -0.09472652
   -0.00121898
    0.06672578
   -0.12327266
    0.28375002
   -0.38351422
    0.04122234
    0.15768192
   -0.03099198
   -0.17583363
    0.14076015
    0.02426560
    0.02450493
    0.30617865
   -0.27857834
   -0.20967293
    0.19589609
   -0.14354460
    0.17322244
   -0.16459851
    0.19017004
   -0.16957055
    0.14238914
   -0.03795346
   -0.02637370
    0.19795643
   -0.14327426
    0.09078651
   -0.04341731
   -0.06878605
   -0.00767246
    0.06636812
   -0.09502548
