           1           2   1.4386373842284024     
           1           3  0.13432131884087667     
           2           3   1.2613807887125950     
           1           4  0.28135634530855230     
           3           4   1.5904475889009959     
           1           5  0.17348427742119935     
           3           5  0.40216634684852925     
           4           5   1.5452554928184614     
           5           6   1.2579022382586653     
           1           7  0.31163099196236510     
           3           7  0.15996195953631889     
           4           7  0.25732359747396139     
           5           7  0.12731623782959989     
           6           7   1.4289795983325708     
           2           8   1.1152866250555939     
           6           8   1.1168913114751393     
           1           9  0.12104506371500899     
           7           9  0.13482663570265913     
           8           9   1.4026986075605252     
           9          10   1.1803434892694453     
           9          11  0.11594258711841318     
          10          11   1.7020501458470214     
          10          12  0.92373987574320071     
          12          13   1.0489352215898982     
          13          14   2.7954372734999664     
          12          15   1.7814409115946339     
          14          15  0.15505216382218534     
          15          16   1.1938437645271740     
          15          17  0.13599393195195417     
          16          17   1.1755844848508490     
          17          18   1.7412136246515362     
          18          19   1.2463940031415601     
          17          20  0.17222696734108284     
          19          20   1.5801038288674041     
          19          21  0.96210204240842834     
          18          22  0.10388564119717023     
          20          22  0.13287937266817956     
          21          22   1.5368682224929726     
          16          23   1.3791246534429402     
          17          23  0.25848001235346152     
          18          23  0.28967105001852311     
          21          23   1.2659752250544076     
