           1           2   1.7224609005123832     
           2           3   1.0018130801867087     
           3           4   2.5444439164192807     
           4           5   1.0030834842867749     
           3           6  0.10284202722811926     
           5           6   1.6968154496500951     
           5           7   1.1408743831787336     
           7           8   1.5832890348617612     
           7           9  0.14695645192466381     
           8           9   1.5199175252552026     
           8          10  0.21960056863474645     
           9          10   1.5969974520584749     
          10          11   1.1207290485164161     
          11          12   1.1612075142398348     
          10          13  0.11417292231382645     
          12          13   1.5213054982207508     
          13          14   1.3646812459419013     
          11          15   1.1447060052914704     
          12          15  0.37503193413612484     
          13          15  0.40725458346315946     
          14          15   1.4642522116684318     
           1          16  0.10380452586247586     
           2          16   1.1351059500065732     
          16          17   1.5049888075528199     
          17          18   1.0797403928546045     
          18          19   1.6676035644276426     
          19          20   1.0050230601684558     
          20          21   1.4217717887651595     
          21          22   1.1642815032441645     
          22          23   1.2879728187716368     
          23          24   1.6393326288633545     
          23          25  0.38535046308349596     
          24          25   1.6339975797830433     
          25          26   1.3657915802018157     
          26          27  0.99559097039226330     
          22          28   1.3220539907945472     
          23          28  0.15672112610243846     
          24          28  0.39769973697538191     
          25          28  0.15381714485946921     
          26          28   1.4149825943269259     
          20          29   1.3016920981414901     
          21          29  0.10973642896347954     
          21          30  0.20746376927290688     
          29          30   1.5317312613102441     
          30          31   1.7243521679143576     
          19          32   1.0356410040257491     
          31          32   1.1763014947041712     
          18          33  0.39405163545677963     
          32          33   1.3813244405035132     
          17          34   1.1808202449235647     
          18          34  0.10743201398612862     
          33          34   1.6718863531033001     
