           1           2   1.8446173252634563     
           1           3  0.23438560627453614     
           2           3   1.5958997246833220     
           3           4   1.1449042569936065     
           1           5  0.14576593558873782     
           3           5  0.21188356386550408     
           4           5   1.1173304581373711     
           5           6   1.2542100345920102     
           6           7   2.5160399394620194     
           7           8   1.0213733345198128     
           8           9   1.6534193120485698     
           8          10   1.1816096585944385     
          10          11   1.2896350333945792     
          11          12   1.1990364720684132     
          10          13  0.11025810458576915     
          12          13   1.7620056637262722     
          13          14   1.2787422301662561     
          14          15   1.1819718333175921     
          12          16  0.12451029098612168     
          15          16   1.5643173318487098     
          16          17   1.7303925626518892     
          17          18   1.0879611595775158     
          16          19  0.13706327035086244     
          18          19   1.6009684919819167     
          19          20   1.0867360687905130     
          20          21   1.3221086472804011     
          21          22   1.6226234308391172     
          20          23  0.10061193302586292     
          21          23  0.39114899285393268     
          22          23   1.6326697323664126     
          21          24  0.10155401275015498     
          23          24   1.3656173422868121     
          24          25  0.99422196643047978     
          20          26   1.3568173615139876     
          21          26  0.15688304682020129     
          22          26  0.39972328085192493     
          23          26  0.15433970850728523     
          24          26   1.4155723089782026     
          14          27   1.1640438985494841     
          18          27   1.0525613350557774     
          11          28   1.2454506499799365     
          12          28  0.21829651980498599     
          13          28  0.14968165438551070     
          27          28   1.4631109023165927     
           3          29  0.10508017088437946     
           4          29   1.1299806990310211     
           5          29  0.18777597560022935     
          29          30   1.6073117344461814     
           5          31  0.15688997137017116     
          29          31  0.25509189232022011     
          30          31   1.8359210144759439     
