           1           2   1.5829567587437852     
           1           3  0.33593423463683070     
           2           3   1.3468329031927024     
           3           4   1.1375597939612749     
           4           5  0.83677503118897323     
           5           6   1.6702224168734734     
           3           7  0.11604649618525731     
           5           7   1.3790880907807261     
           6           7  0.26808729217381455     
           1           8  0.17970283448898622     
           4           8   1.5752884240615412     
           2           9  0.94507331056199306     
           8           9   1.1415137151441377     
           4          10  0.12383469557905093     
           9          10   1.5788463023994430     
          10          11   1.5663559871563475     
          11          12  0.83881343045323287     
          12          13   1.7732938671706835     
          12          14   1.2003645106858825     
          13          14  0.11527263043399529     
          14          15   1.2865612220540437     
          15          16   1.2406941024824285     
          16          17   1.5942988494053532     
          17          18   1.6845184132694151     
          18          19   1.1591460783063543     
          17          20  0.18620774636674411     
          19          20   1.2957828010735155     
          20          21   1.2446247868020830     
          21          22   1.2063026792322986     
          22          23   1.7195757992402836     
          23          24   1.3631810891919893     
          24          25   1.0142150690505267     
          24          26   1.2375056816272731     
          26          27   1.0237567454286420     
          21          28   1.2829424592774663     
          22          28  0.36275814043153681     
          23          28  0.16203638351143795     
          26          28   1.4670104748702317     
          11          29   1.0826978403419796     
          15          29   1.2061759346788044     
          19          29   1.2891338954751526     
