   -0.03892205
    0.00495075
    0.33431051
   -0.35912801
   -0.20778144
    0.11939447
   -0.05360929
    0.00576825
    0.19812023
   -0.10942715
    0.12313427
   -0.05262976
   -0.02758325
    0.18910131
   -0.15938828
    0.08207430
   -0.02414738
   -0.05372000
   -0.13264199
    0.17638217
   -0.15504144
    0.12595728
   -0.08274122
    0.16295119
   -0.12364609
    0.05965739
    0.00266702
    0.01942122
    0.06715819
   -0.03831183
    0.04573834
   -0.11843084
    0.05522891
   -0.03486579
