           1           2   2.5605050835227088     
           2           3  0.93712427637558549     
           1           4  0.19521161225483685     
           3           4   1.6437728453854168     
           1           5  0.12699682955210867     
           3           5   1.2089054135580677     
           4           5  0.12568751399311376     
           5           6   1.2697344943425877     
           6           7   1.3409782592883399     
           7           8   1.5143635909711668     
           8           9  0.97573555666122969     
           9          10   1.5956789805352261     
          10          11   1.1119224273765302     
          11          12   1.3111049499536995     
          12          13   1.6300668356259880     
          12          14  0.39413080581554083     
          13          14   1.6371657242904876     
          12          15  0.10065812532149501     
          14          15   1.3675601223432245     
          15          16  0.99336088247837007     
          11          17   1.3352265003530894     
          12          17  0.15334330248967973     
          13          17  0.39834613414781533     
          14          17  0.15066340284123603     
          15          17   1.4150952210238832     
           9          18   1.1840478210641310     
          10          18  0.12235064238048922     
          10          19  0.11364515346431110     
          18          19   1.6994843750773867     
          19          20   1.6961665968018489     
           8          21   1.1416279372774638     
          20          21   1.0793366298413969     
           7          22  0.46629991047126323     
          21          22   1.4079071463496136     
           6          23   1.0888797339676315     
          22          23   1.4762816780524874     
          23          24   1.0561119573025626     
          24          25   1.1155297740496128     
          25          26   1.6035823001763250     
          25          27  0.23011968285407475     
          26          27   1.5743946882766575     
          27          28   1.1762944419988126     
          28          29   1.0937221175838368     
          29          30   1.4724714068351530     
          30          31   1.0250844204179415     
          29          32  0.15573768961543136     
          30          32  0.35393308282647690     
          31          32   1.4923579972766217     
          30          33  0.13956417882439956     
          31          33   1.0283725487180890     
          32          33  0.12191902394898352     
          28          34   1.0414267146223490     
          29          34  0.12029479519246422     
          32          34  0.38074551035417020     
          33          34   1.5922233260270167     
