           1           2   2.2010960330399105     
           2           3   1.0260666086364987     
           3           4   1.0854982101000075     
           3           5  0.14514176270325591     
           4           5   1.7579361084958154     
           4           6  0.93161929913241659     
           6           7   1.3002434989554865     
           7           8   1.0378936107471286     
           7           9  0.12815090582600649     
           8           9   1.3218771463263330     
           9          10   1.6610211900537972     
           8          11  0.10692162004392881     
           9          11  0.17372470556321798     
          10          11   1.6174810452945962     
           9          12  0.21719295020778609     
          11          12   1.6245268057931945     
           7          13  0.12591758913453119     
           8          13   1.3170612597021720     
          10          13  0.21822926509662030     
          11          13  0.17865199862892667     
          12          13   1.6567784891699089     
           6          14   1.2568872301786977     
          14          15   1.4766031700531830     
          14          16  0.11969030780359809     
          15          16   1.4888490353470696     
          15          17  0.84235561726422614     
          17          18   1.0692712836641387     
          18          19   2.7931533789020091     
          14          20  0.13670627502212837     
          16          20  0.12854581833224393     
          17          20   1.8329296994280051     
          19          20  0.14543001468572866     
          20          21   1.1690722384346082     
          21          22   1.1574078981977798     
          22          23   1.7614900952616925     
          23          24   1.2451305660815768     
          22          25  0.18111051023170244     
          24          25   1.5896967946509006     
          24          26  0.96198505099817022     
          25          27  0.15979641737992917     
          26          27   1.5699555880836988     
          21          28   1.4140989062699423     
          22          28  0.26341325719525543     
          23          28  0.23488298030482080     
          26          28   1.2455457448094613     
