           1           2   1.9820672145898064     
           2           3   1.1471423772732829     
           2           4  0.10413434992615973     
           3           4   1.0489658877790635     
           1           5  0.10283481452112093     
           2           5  0.11103674215162143     
           4           5   1.4821246202297329     
           5           6   1.0588317166116397     
           4           7  0.14741949368965798     
           6           7   1.2006308929331175     
           7           8   1.2580372465640162     
           8           9   2.5462475160754710     
           9          10   1.0240030835110765     
          10          11   1.6655989612224451     
          10          12   1.1762015057099038     
          12          13   1.2923339087843178     
          13          14   1.1990241619025268     
          12          15  0.12345133149698614     
          14          15   1.7636171990720686     
          15          16   1.2780490343384561     
          16          17   1.1828506378537531     
          14          18  0.12768449621424907     
          17          18   1.5637258784070214     
          18          19   1.7284406950547293     
          19          20   1.0887743197046447     
          18          21  0.13493329726649830     
          20          21   1.5997326456047902     
          21          22   1.0867149833532572     
          22          23   1.3221847799635158     
          23          24   1.6223206482083783     
          22          25  0.10075758966162777     
          23          25  0.39043061640243026     
          24          25   1.6326034586172065     
          23          26  0.10155605241428202     
          25          26   1.3657057522526359     
          26          27  0.99419890002146361     
          22          28   1.3569956916154358     
          23          28  0.15716212420742212     
          24          28  0.39947831301142073     
          25          28  0.15465604648874259     
          26          28   1.4155420336602993     
          16          29   1.1642424328316072     
          20          29   1.0528777431748784     
          13          30   1.2455606217703321     
          14          30  0.22729227059094076     
          15          30  0.15790579764535123     
          29          30   1.4630670310575853     
           1          31  0.10229082067559225     
           4          31  0.18724315764641097     
           5          31  0.19967021982410676     
           6          31   1.1279706985040181     
           1          32  0.20547323275477172     
           2          32  0.14489862218272354     
           3          32   1.1559893627256328     
           4          32  0.15286462739763507     
           7          32  0.13613774484223023     
          31          32   1.4531750885128092     
