           1           2   1.5641683395021664     
           1           3  0.46887239863235558     
           2           3   1.0156243786027845     
           3           4   1.2687276262560914     
           4           5   2.5268344347219478     
           5           6   1.0238482832321576     
           6           7   1.6560155218131667     
           6           8   1.1863657523601427     
           7           8  0.11180976744020676     
           8           9   1.2893495520213900     
           9          10   1.2215295904333350     
           8          11  0.11344643587523023     
          10          11   1.7742717258607499     
          11          12   1.2879586984861513     
          12          13   1.1841082195567547     
          10          14  0.18332843261444318     
          13          14   1.6411829075046662     
          14          15   1.5716412683443002     
          15          16   1.1002532107696597     
          16          17   2.7937355621657765     
          15          18  0.99384468000132775     
          18          19   1.6551423291567164     
          19          20   1.1015251754579509     
          20          21   1.3091359385366692     
          21          22   1.6176049807913606     
          21          23  0.39076212576957181     
          22          23   1.6342141465832078     
          23          24   1.3637817916644255     
          24          25  0.99372154670621493     
          20          26   1.3536958155326004     
          21          26  0.16267529413657153     
          22          26  0.39840963926989220     
          23          26  0.15294815773742898     
          24          26   1.4182304894831377     
          12          27   1.1406963610609360     
          18          27   1.0492585233273866     
           9          28   1.2309141557547543     
          10          28  0.16313236651202667     
          11          28  0.19849331463883982     
          27          28   1.4907075909797491     
