           1           2   2.5736598805123916     
           2           3  0.91848318950336294     
           1           4  0.12600470693230981     
           3           4   1.6911534568868833     
           3           5   1.1727925204241039     
           4           5  0.10670784331657322     
           5           6   1.2883992905508899     
           6           7   1.3398682101183412     
           7           8   1.3677828510888150     
           8           9   1.1472535452855819     
           9          10   1.3461521488981991     
          10          11   1.1963054858808724     
          11          12   1.2441375616040276     
          12          13   1.6790020159541597     
          13          14   1.3657013915935221     
          14          15  0.99575011391854706     
          14          16   1.2597438375282899     
          16          17   1.0070307631520352     
          11          18   1.2979001878199232     
          12          18  0.33488294646325445     
          13          18  0.15306752814446356     
          16          18   1.4541558330649342     
           9          19   1.2069379339918582     
          10          19  0.11799828392152845     
          10          20  0.21700233944631378     
          19          20   1.5874402672514145     
          20          21   1.5763281949138073     
           8          22   1.1421355270445446     
          21          22   1.2138850273750157     
           7          23  0.21246577236516678     
          22          23   1.3428924381510943     
           6          24   1.1040137355749384     
          23          24   1.4641864762987018     
          24          25   1.0360728978474401     
          25          26   1.5068806286489402     
