           1           2   2.1828423999775115     
           1           3  0.11226944611813898     
           2           3   1.1258167554628968     
           3           4   1.1003192048684303     
           4           5   1.4608227647696248     
           5           6   1.3979893467978584     
           6           7   1.2386362502833665     
           7           8   1.6766040130700091     
           8           9   1.3730351960626199     
           9          10   1.0821355007364999     
          10          11   2.8142915051902238     
           9          12   1.2377210292329595     
           8          13  0.19415837382131074     
          12          13   1.2392697868942129     
          13          14   1.2800661155023179     
          14          15   1.1949189478781062     
          15          16   1.8391159663410181     
          16          17   1.2825522059510199     
          17          18   1.1970984519969079     
          18          19   1.7245703007879789     
          19          20   1.0155180284779250     
          20          21   1.3155858599685715     
          21          22   1.5952305178813997     
          20          23  0.10684088899260372     
          21          23  0.20007742053341504     
          22          23   1.6338467419093836     
          21          24  0.23013069995326477     
          23          24   1.5857156464347271     
          20          25   1.3311035702695213     
          22          25  0.24229718420585353     
          23          25  0.16170442791454701     
          24          25   1.5938960173825307     
          17          26   1.1729869870867016     
          26          27   1.0064715103678821     
          14          28   1.2542720248909196     
          15          28  0.26262067114725030     
          16          28  0.15306287046428785     
          26          28   1.5153828180538027     
           6          29   1.0603984739466228     
          12          29   1.1905412508987443     
           5          30  0.50169426247312254     
          29          30   1.4387889790011359     
           4          31   1.0767221827630999     
          30          31   1.4307908923474109     
          31          32   1.1963507719490325     
          32          33   1.4640288033465128     
          32          34  0.17710410491483977     
          33          34   1.3749746291216742     
          33          35   1.0092373049289527     
          34          35  0.12403998048410404     
          35          36   2.2594626047906701     
          35          37  0.15834119773148111     
          36          37   1.3503069064352962     
          37          38   1.0459000673259005     
          37          39  0.40344423400874535     
          38          39   1.2967321654170429     
          38          40   1.2890756747485470     
          39          40  0.46691619618724423     
