           1           2   1.4475716353388333     
           1           3  0.73030609355412202     
           2           3   1.4694781604205875     
           2           4  0.89577137596012923     
           1           5  0.12928133725632077     
           3           5  0.11253432818062832     
           4           5   1.2923742606985091     
           5           6   1.2826929834954988     
           6           7   2.4972657408108669     
           7           8   1.0156449010191924     
           8           9   1.6360513888439250     
           8          10   1.2031770360129244     
           9          10  0.12203241683919633     
          10          11   1.2428260108907616     
          11          12   1.2211453467073861     
          10          13  0.11850389067042777     
          12          13   1.7347747837263174     
          13          14   1.2837476230921745     
          14          15   1.2408382590543385     
          12          16  0.16287711560433060     
          15          16   1.6682632946989624     
          16          17   1.4070694977601805     
          17          18   1.0809151243452118     
          18          19   2.8159220433487535     
          17          20   1.2092391975464090     
          16          21  0.12363928074493892     
          20          21   1.2800981783304624     
          21          22   1.2071324724338901     
          22          23   1.2614572288646408     
          23          24   1.6316423406972653     
          23          25  0.40726960756031028     
          24          25   1.6149460011153289     
          25          26   1.3568122571902534     
          26          27  0.99588437823750331     
          22          28   1.3026106806732338     
          23          28  0.16721937129761261     
          24          28  0.39135306813747339     
          25          28  0.13938164325739863     
          26          28   1.4290957252018635     
          14          29   1.1117572720928022     
          20          29   1.1927317015451981     
          11          30   1.2912866160139758     
          12          30  0.21813542630201876     
          13          30  0.16481271884641954     
          29          30   1.3806093596817912     
           4          31  0.89379692192604332     
           4          32  0.15009972622331025     
           5          32  0.25489898693790114     
          31          32   1.4325329807504401     
           5          33  0.20000891760901399     
          31          33   1.4790552961816856     
          32          33  0.65989678464406432     
