           1           2   1.8357594293932054     
           1           3  0.14947312789359762     
           2           3   1.0871497221854292     
           3           4   1.4484142316962398     
           4           5  0.96891729373681679     
           5           6   1.7707397755230094     
           5           7   1.0979890109459158     
           6           7  0.10624557919965463     
           7           8   1.0567006923290521     
           8           9   1.5330546939020593     
           9          10   1.0414139433520306     
           8          11  0.31451238948407823     
           9          11  0.11416885971176138     
          10          11   1.5040309885384535     
           9          12  0.22511049387189561     
          10          12   1.0085242654008180     
          11          12  0.38326398913809934     
           7          13   1.1936107713849580     
           8          13  0.16184367128372742     
           9          13  0.12898576561371983     
          11          13  0.13056572044458326     
          12          13   1.3497494849254856     
           1          14  0.17860089579337746     
           4          14   1.2693139855048960     
           2          15  0.90781620522059525     
          14          15   1.2742665722417117     
           3          16  0.14787155049069406     
          15          16   1.5486547528947530     
          16          17   1.5316611195905474     
          17          18   1.0298130093132509     
          16          19  0.12241212431332242     
          18          19   1.5686656551959102     
          16          20  0.10011799232900799     
          18          20   1.2190368398990827     
          19          20  0.10796913472030550     
          20          21   1.2945335345917701     
          21          22   1.2390293245279693     
          22          23   1.5537775898980644     
          23          24   1.6724432205933253     
          24          25   1.1984855170117992     
          23          26  0.14412856762816903     
          25          26   1.3001890911654683     
          26          27   1.2688039618521263     
          27          28   1.2071869569820088     
          28          29   1.7766077854908411     
          29          30   1.3563176841567295     
          30          31   1.0125456883651538     
          30          32   1.2371083329491077     
          32          33   1.0119430253452302     
          27          34   1.2523273112843212     
          28          34  0.33355967454593999     
          29          34  0.15846391726778156     
          32          34   1.4660550444972322     
          17          35   1.1582096726215507     
          21          35   1.1589969715011965     
          25          35   1.2318313615029099     
