           1           2   1.0242984743165475     
           1           3  0.12379022671513437     
           2           3   1.5851510427897542     
           1           4  0.13149630910105839     
           2           4   1.5793530359871477     
           3           4  0.12417682894591831     
           2           5  0.62037651197199717     
           1           6  0.25093415984287443     
           5           6   1.4447528044176494     
           6           7   1.7269285071267300     
           7           8   1.3951200472948440     
           8           9   1.1297652416816710     
           5          10   1.4631644722559161     
           7          10  0.43275726636355349     
           9          10   1.4696451237527246     
           9          11   1.0451732099622144     
          11          12   1.8518812958428461     
          12          13   1.2220982116078938     
          13          14   1.3193496451421216     
          14          15   1.2631181342137894     
          15          16   1.1748399876233011     
          13          17   1.1756248324190643     
          16          17   1.1734051657076292     
          17          18   1.2025482079427074     
          17          19  0.15377388831471764     
          18          19   1.9219836011474343     
          19          20  0.86215582269810143     
          18          21  0.11764511494271708     
          20          21   1.6502889366402151     
          18          22  0.18227727086403525     
          20          22   1.3570107965536653     
          21          22  0.22960441764820930     
          16          23   1.2939962983757054     
          23          24   1.4097673554107566     
          23          25  0.19999151887877475     
          24          25   1.7118857802763361     
          15          26   1.2410449884095252     
          23          26  0.30451549142801715     
          24          26  0.20864192961872527     
          25          26   1.4225206080669477     
          11          27  0.81790463036868666     
          12          28  0.28329815850769874     
          27          28   1.5275186241304330     
           8          29   1.1338526122503718     
          12          29  0.20237436030234468     
          27          29   1.4580416365258833     
          28          29  0.19035872315440944     
