   -0.09918419
    0.09940019
   -0.09662085
    0.16367597
   -0.08842773
    0.12179201
   -0.11550474
    0.05932595
    0.03471206
    0.12272114
   -0.17751277
    0.13106793
   -0.14107212
    0.13843161
   -0.06002028
   -0.03517289
    0.16170514
   -0.13082754
    0.00996248
    0.12608187
   -0.04333006
    0.01934022
    0.02593306
    0.03226111
   -0.10070130
    0.09366477
   -0.07809508
   -0.05314798
    0.02358827
   -0.04808311
    0.12120133
   -0.22870372
    0.32407171
   -0.34940180
    0.00190185
    0.02247446
   -0.00092050
    0.19240893
   -0.08737250
   -0.09162293
