           1           2   2.1744600721149236     
           1           3  0.11540091493637827     
           2           3   1.1264169076463890     
           3           4   1.1086244873341822     
           4           5   1.4618660807466450     
           5           6   1.3930426715032445     
           6           7   1.2470612762651241     
           7           8   1.6527518420185134     
           8           9   1.3801442137469593     
           9          10   1.0816518421853381     
          10          11   2.8149026132756223     
           9          12   1.2328456666633836     
           8          13  0.25763239448348280     
          12          13   1.2605674245257796     
          13          14   1.2329892175559238     
          14          15   1.2211492501549095     
          15          16   1.7022663782036518     
          16          17   1.3614192673501488     
          17          18   1.0135926656286343     
          18          19   1.3097091069185092     
          19          20   1.0689409959327760     
          20          21   1.3514531071968023     
          21          22   1.5653576733020462     
          19          23  0.11566301736560590     
          20          23  0.12033443928372523     
          21          23  0.19651849916515890     
          22          23   1.7719490406479343     
          21          24  0.37128816874682546     
          22          24  0.13655193553263101     
          23          24   1.5787633478271270     
          20          25   1.2964268791193561     
          22          25  0.27869214203602721     
          24          25   1.5454921540598103     
          17          26   1.2533862924141974     
          26          27   1.0032249314820001     
          14          28   1.2793676070325195     
          15          28  0.37007902207263038     
          16          28  0.16809290072225538     
          26          28   1.4614502016834019     
           6          29   1.0595372430914998     
          12          29   1.1768503923683111     
           5          30  0.48123980020530077     
          29          30   1.4532960967745912     
           4          31   1.0554495167971547     
          30          31   1.3728678127222178     
          31          32   1.2940687811817251     
          32          33   1.1766981699107222     
          33          34   1.6793906602644151     
          33          35  0.98518224046357628     
          35          36   2.2840894873282847     
          36          37   1.3487278399163614     
          37          38  0.96309812568924069     
          35          39  0.13100651156491663     
          37          39  0.44196432828681553     
          38          39   1.3545680228361547     
          35          40  0.15618627912425531     
          37          40  0.45207203411055052     
          38          40   1.3517893452162060     
          39          40  0.50824659952257178     
