   -0.08827115
    0.11636546
   -0.10929335
    0.15828314
   -0.07520506
    0.11780557
   -0.12752021
    0.08292416
    0.01378331
    0.11907488
   -0.19830741
    0.13043626
   -0.09949270
    0.12726288
   -0.04213608
   -0.06482761
    0.16917192
   -0.12248514
    0.06449857
    0.07445294
   -0.03418518
   -0.00719287
    0.03688152
   -0.00382022
   -0.01861702
    0.09116456
   -0.05574371
   -0.09281004
    0.01516617
   -0.04770208
    0.12133564
   -0.20908718
    0.32680157
   -0.34727005
    0.00557871
    0.02406580
   -0.00063305
    0.14726881
   -0.08138516
   -0.02233374
    0.15344376
   -0.24744664
