           1           2   2.6757950459174746     
           2           3  0.68048522760344188     
           3           4   1.6014501904904188     
           3           5   1.5543204370954766     
           4           5  0.12018335169330906     
           1           6  0.11387738494996723     
           3           6  0.90521963011574846     
           6           7   1.1916387461756976     
           7           8   1.3630807553676989     
           8           9   1.4271488180270102     
           9          10   1.1322946816807045     
          10          11   1.3751756712436438     
          11          12   1.1717995729769473     
          12          13   1.2908441676652118     
          13          14   1.6416672177532512     
          13          15  0.37859105834426920     
          14          15   1.6309275591061272     
          15          16   1.3639409957254687     
          16          17  0.99691139365879577     
          12          18   1.3143247882659075     
          13          18  0.15386052309697987     
          14          18  0.37421814985345886     
          15          18  0.15768338383648417     
          16          18   1.4170726832287313     
          10          19   1.2171729790949652     
          11          19  0.10901542433717813     
          11          20  0.19738647146419544     
          19          20   1.6115876997742693     
          20          21   1.6039533410150648     
           9          22   1.1301061275771322     
          21          22   1.2234720545875439     
           6          23  0.11100810059580901     
           8          23  0.38424423421087833     
          22          23   1.3047816686225200     
           7          24   1.2118468712587007     
          23          24   1.7103643030368536     
