           1           2   1.9889375753344447     
           2           3   1.1379276327955985     
           3           4   1.0844761169199177     
           4           5   1.4700802370858503     
           5           6   1.3839975400561728     
           6           7   1.2471489733122165     
           7           8   1.6528857947773354     
           8           9   1.3871748383107179     
           9          10   1.0808479643540176     
          10          11   2.8163662368927205     
           9          12   1.2271698790346768     
           8          13  0.22501324447639331     
          12          13   1.2525479154218715     
          13          14   1.2562557423191736     
          14          15   1.2223253034047317     
          15          16   1.7630384306047149     
          16          17   1.3601218588714945     
          17          18   1.0074188016081735     
          17          19   1.2461037061091829     
          19          20   1.0074711307710358     
          14          21   1.2528614865546239     
          15          21  0.33876734117279700     
          16          21  0.15186592474889882     
          19          21   1.4603537788631569     
           6          22   1.0664071283109198     
          12          22   1.1831526788332281     
           5          23  0.39139522697554141     
          22          23   1.4290214694372978     
           4          24   1.0864410978246324     
          23          24   1.4217697420228677     
          24          25   1.1938085485302683     
          25          26   1.4281330477680949     
          25          27  0.19330094797667047     
          26          27   1.3968096383375901     
          26          28   1.0188421169475053     
          28          29   2.2886741265377051     
          29          30   1.3324865424288350     
          30          31  0.96398325254048534     
          28          32  0.16224837499841696     
          30          32  0.49689647844718215     
          31          32   1.3489687860334201     
          28          33  0.17293231630908809     
          30          33  0.47742893348530885     
          31          33   1.3560426750832730     
          32          33  0.51029188572771000     
