           1           2   1.5816992629614648     
           2           3  0.99649039256587524     
           1           4  0.10629506804767974     
           3           4   1.6548318756917535     
           4           5   1.1238883018215269     
           5           6   1.5878888663610700     
           6           7   1.5522220334753176     
           7           8   1.0806868638199771     
           6           9  0.12844678449831815     
           8           9   2.7960156505719427     
           7          10   1.1335163240473234     
           6          11  0.22259237545918958     
          10          11   1.5063325554809537     
          10          12   1.2370993476797658     
          11          12  0.58730085689612321     
           4          13  0.41846691137251513     
           5          13   1.0944498310051749     
          13          14   1.6544081310594345     
          14          15   1.1226172669941161     
          15          16   1.3483286466578279     
          16          17   1.1313983993493104     
          15          18  0.12888097574708690     
          16          18  0.15016485851328573     
          17          18   1.9239321405985921     
          18          19   1.1774446172406179     
          17          20  0.13852562806765423     
          19          20   1.3775396870222745     
          17          21  0.17240947469463921     
          18          21  0.21777394051119170     
          19          21   1.3486109997595606     
          20          21  0.19060710425919145     
           3          22  0.96557100696415077     
          14          22  0.94582540209006483     
           4          23  0.11061255233656239     
          13          23  0.12174636528423900     
          22          23   1.7775845571709878     
