           1           2   1.4395894238699170     
           2           3   1.3907317097408389     
           3           4   1.2490146870451908     
           4           5   1.5176211722582442     
           5           6   1.6414736432681336     
           6           7  0.81724678905577697     
           7           8   1.7718961894351770     
           5           9  0.11111046005859997     
           7           9   1.2187679895643655     
           8           9  0.13694937221202844     
           9          10   1.2658038854398102     
          10          11   1.2516498108883281     
          11          12   1.5748953787656026     
          12          13   1.6738326465408164     
          13          14   1.1695091949452130     
          12          15  0.18533180330859830     
          14          15   1.2818405758464784     
          15          16   1.2492744914441196     
          16          17   1.2101763628484481     
          17          18   1.7242239989829289     
          18          19   1.3595508794502504     
          19          20   1.0127105957896509     
          19          21   1.2412463634356958     
          21          22   1.0140535313824848     
          16          23   1.2726151023551628     
          17          23  0.36029427893562815     
          18          23  0.16544200473337262     
          21          23   1.4683118487938007     
           6          24   1.0731031087193466     
          10          24   1.2119008970047869     
          14          24   1.2965699425879913     
           4          25  0.96355336257960733     
           3          26  0.16146795748586479     
          25          26   1.5859000596094344     
           2          27  0.99081725443523661     
          25          27   1.2741309158629421     
          26          28  0.11428216411678717     
          27          28   1.2615080176519473     
          26          29  0.13356664213374109     
          27          29  0.15414642420944791     
          28          29   1.9086179638253524     
          29          30  0.86234511169525729     
           1          31  0.11137753076926764     
          28          31  0.10307210937468701     
          30          31   1.6391634783783866     
          28          32  0.15009845318907242     
          29          32  0.12998088994297899     
          30          32   1.3763595217091165     
          31          32  0.23686896401104007     
