           1           2   1.5365673638841368     
           2           3   1.0199739650972997     
           1           4  0.15704533915820040     
           3           4   1.4467834372690236     
           4           5   1.3730030090423586     
           5           6   1.2410806676755011     
           6           7   1.6560008331978726     
           7           8   1.3855805584876599     
           8           9   1.0804303887970876     
           9          10   2.8156714239191443     
           8          11   1.2287042910596597     
           7          12  0.25684432707777360     
          11          12   1.2694800981482042     
          12          13   1.2178747317714509     
          13          14   1.2480730375058595     
          14          15   1.7521724814125188     
          15          16   1.3853331489283813     
          16          17  0.96333308701457299     
          17          18   1.0666261597921995     
          18          19   1.4945889325117918     
          17          20  0.12018698784252038     
          19          20   1.2933456937799941     
          20          21   2.0591368542895681     
          18          22   1.1460840897772695     
          19          22  0.15169728368956495     
          20          22  0.14465560083961440     
          21          22   1.1922763234683942     
          14          23  0.10026567106950458     
          16          23   1.2751107872192571     
          23          24  0.99596021993563444     
          13          25   1.2726945442778492     
          14          25  0.30085478183016462     
          15          25  0.16084579398671583     
          23          25   1.4553026951141641     
           5          26   1.0861963149838259     
          11          26   1.1757422783833491     
           1          27  0.15406390269909415     
           4          27  0.34655848275418460     
          26          27   1.4154096653279955     
           3          28   1.1166277127089919     
          27          28   1.4405533162889259     
          28          29   1.1622152215542734     
          29          30   1.4872986700819566     
          29          31  0.18951686507654866     
          30          31   1.3861807426686648     
          30          32  0.97717427460986328     
          32          33   2.3315574370357246     
          32          34  0.10498378178147662     
          33          34   1.2532775974069410     
          34          35   1.0445781832797552     
          35          36   1.2832582190136015     
          34          37  0.48594175032334613     
          35          37   1.2936309886929154     
          36          37  0.46151512335196410     
