   -0.11772086
    0.14414751
    0.04408615
    0.03363804
    0.08395218
   -0.03132202
    0.20861082
   -0.28139885
    0.21563279
   -0.27169746
    0.07796602
   -0.00040483
   -0.03303486
    0.31884605
   -0.30508054
   -0.15224500
    0.07153191
    0.01079160
    0.07207650
   -0.10935901
    0.29366662
   -0.36075148
    0.04645609
    0.13555263
   -0.12994552
    0.06699566
    0.08079744
   -0.01925447
    0.20508632
   -0.28795604
    0.21328284
   -0.27320984
    0.08226967
    0.00550841
   -0.03751447
