           1           2   1.5657286385810534     
           2           3  0.98960454673339571     
           1           4  0.11209345602915678     
           3           4   1.6773268956165248     
           4           5   1.1151730299229545     
           5           6   1.5398302679688125     
           6           7   1.5883962452909075     
           7           8   1.0663183938257468     
           6           9  0.12568589959804941     
           8           9   2.7822034443125716     
           7          10  0.85994289233607224     
           6          11  0.12346274022096353     
          10          11   1.4213069870040156     
           6          12  0.12011394852809136     
          10          12   1.5669477065796733     
          11          12  0.21798049718974746     
           4          13  0.36738236029180926     
           5          13   1.1374643941830855     
          13          14   1.5691163041790637     
          14          15   1.2310351907657364     
          15          16   1.2403933305870971     
          16          17   1.0037444520863834     
          17          18   1.3758469060609322     
          18          19   1.5759110314746663     
          17          20  0.10606381346521578     
          18          20  0.19780353847268553     
          19          20   1.7973392558260159     
          18          21  0.41153215697415985     
          19          21  0.14464249263427578     
          20          21   1.5911289348146278     
          17          22   1.3156227014095168     
          19          22  0.25931008813103845     
          21          22   1.5121905992197953     
           3          23  0.96112231822454208     
          14          23  0.94627268530967668     
           4          24  0.12750164113640694     
          13          24  0.10264691864257705     
          23          24   1.7967293843975476     
