   -0.06755812
    0.08056545
   -0.01461540
    0.08713774
    0.29653210
   -0.31466245
    0.03179048
   -0.01775962
    0.05269543
   -0.11828946
    0.04754247
   -0.04101836
   -0.13579294
    0.12334326
    0.01737011
    0.03053805
    0.31076533
   -0.26591983
   -0.21254211
    0.19411908
   -0.15434110
    0.16275176
   -0.16712333
    0.18668624
   -0.15679184
    0.13944310
   -0.04071959
   -0.03243432
    0.19229155
   -0.15520484
    0.08993174
   -0.06575691
   -0.06412114
   -0.01885255
