           1           2   1.6618166619526065     
           1           3  0.14122547416304512     
           2           3   1.1346975208747294     
           3           4   1.4785640153059161     
           4           5   1.0151596029810555     
           5           6   1.7555967283015961     
           5           7   1.0751137657060035     
           6           7  0.10443831338584245     
           7           8   1.1314201080477440     
           8           9   1.3963936310050948     
           9          10   1.1536237680904509     
          10          11   1.1490465041725362     
           7          12   1.1323756301990433     
           8          12  0.14620070509138647     
          11          12   1.3602334850332329     
           1          13  0.17970558409578935     
           3          13  0.13969883870388464     
           4          13   1.1942844511855739     
           1          14  0.10889208132327122     
           2          14   1.0791978845486696     
          13          14   1.3461268327185534     
          14          15   1.2376182375655447     
          15          16   1.7942446959841529     
          16          17  0.78699622246565881     
          15          18  0.16974816332741466     
          17          18   1.7378855841183676     
          15          19  0.22376381114126992     
          17          19   1.2717708053303520     
          18          19  0.17393346528612783     
          19          20   1.2311852921715163     
          20          21   1.2692622956482986     
          21          22   1.5532519140258301     
          22          23   1.6587021415942249     
          23          24   1.1699543543100952     
          22          25  0.20360391279739726     
          24          25   1.2893639225350702     
          25          26   1.2370437330985213     
          26          27   1.2133632534856029     
          27          28   1.7216561907281598     
          28          29   1.3628447242129051     
          29          30   1.0035298526896390     
          29          31   1.2480343281993920     
          31          32   1.0080907566777721     
          26          33   1.2833572274262239     
          27          33  0.36116341032795746     
          28          33  0.14435246760624088     
          31          33   1.4638465063492527     
          16          34   1.0906045009745045     
          20          34   1.2183976160411711     
          24          34   1.2856188130354562     
