           1           2   1.5948894289149123     
           1           3  0.12294667957651545     
           2           3   1.0018499855928251     
           1           4  0.19636820631962026     
           3           4   1.2934720150601486     
           4           5   1.5810753482191751     
           5           6   1.3350924969710207     
           6           7  0.99178712681829806     
           7           8   1.2869666386001186     
           8           9   1.6400397401178437     
           9          10   1.4172334774556545     
          10          11   1.0833290756999772     
           7          12   1.4216261621266684     
           8          12  0.16646367966432735     
           9          12  0.27688598023107258     
          11          12   1.3768431895247994     
          11          13   1.2425807482025684     
          13          14   1.2424033554092566     
          13          15  0.14229345810316299     
          14          15   1.7510925035368399     
          10          16   1.0914907440951365     
          14          16  0.79227252346225696     
          13          17  0.16319540689995973     
          15          17  0.13172765668175554     
          16          17   1.7585429656735780     
          17          18   1.2623564767982058     
          18          19   1.2376037072534709     
          17          20  0.21280753520179474     
          19          20   1.5183791480715270     
          20          21   1.3342362718664191     
          21          22   1.1670507224938846     
          21          23  0.11178259838530985     
          22          23   1.9390701911121846     
          23          24  0.86342861929437753     
          22          25  0.11022613058375470     
          24          25   1.6533739965353178     
          22          26  0.17542479827273161     
          24          26   1.3496464490185764     
          25          26  0.21736321236807532     
          18          27   1.1267290042475613     
          21          27   1.0543053636770545     
          19          28  0.19874311386612240     
          20          28  0.13304095429660823     
          27          28   1.6458328043981849     
           1          29  0.40783194849116733     
           4          29  0.13811520410575515     
           5          29  0.13689267148834555     
           6          29   1.3478300744555458     
           1          30  0.11774512619004734     
           3          30   1.2808124647296635     
           4          30  0.16681797783050262     
           5          30  0.12143941603629395     
          29          30   1.5916770359726675     
