           1           2   2.5412675280459838     
           2           3  0.92780476588532323     
           1           4  0.12104418686610040     
           3           4   1.6902181119857091     
           3           5   1.1805732493725003     
           5           6   1.2873971739728725     
           6           7   1.3147184486105932     
           7           8   1.5477837765069420     
           8           9  0.98962377529404288     
           9          10   1.6430591332467119     
          10          11   1.1093299066501117     
          11          12   1.2727872818025909     
          12          13   1.7080281387941063     
          13          14   1.3716172780056557     
          14          15  0.99966132333699109     
          12          16  0.10434669027574751     
          14          16   1.2597927453180133     
          16          17   1.0131795249787650     
          11          18   1.3370853390933648     
          12          18  0.31466825155107375     
          13          18  0.14967727292543884     
          16          18   1.4367052908217957     
           9          19   1.1052245806931589     
          10          20  0.12738639924558876     
          19          20   1.7843030819583108     
          20          21   1.5591989351478828     
           8          22   1.1157972083145000     
          21          22   1.1720251077192008     
           7          23  0.43950764253199359     
          22          23   1.3637961969588452     
           6          24   1.0942478172928176     
          23          24   1.5082554169398705     
          24          25   1.0496611485849063     
          25          26   1.1851636662533209     
          26          27   1.5516853597650564     
          26          28  0.32433653330942824     
          27          28   1.7024267013885268     
          28          29   1.1471795311456741     
          29          30   1.0765856906125977     
          30          31   1.3737233821855617     
          31          32   1.1685568146341012     
          32          33   1.1382362328655722     
          29          34   1.0742220681458079     
          30          34  0.14099890776861967     
          33          34   1.5560460475522233     
