           1           2   1.8446173252633409     
           1           3  0.23438560627455016     
           2           3   1.5958997246833755     
           3           4   1.1449042569936820     
           1           5  0.14576593558873091     
           3           5  0.21188356386551979     
           4           5   1.1173304581374144     
           5           6   1.2542100345920213     
           6           7   2.5160399394620034     
           7           8   1.0213733345198230     
           8           9   1.6534193120485345     
           8          10   1.1816096585944544     
          10          11   1.2896350333945699     
          11          12   1.1990364720683904     
          10          13  0.11025810458565599     
          12          13   1.7620056637264376     
          13          14   1.2787422301662992     
          14          15   1.1819718333175737     
          12          16  0.12451029098611663     
          15          16   1.5643173318487311     
          16          17   1.7303925626518712     
          17          18   1.0879611595775216     
          16          19  0.13706327035085905     
          18          19   1.6009684919819056     
          19          20   1.0867360687905061     
          20          21   1.3221086472804013     
          21          22   1.6226234308391230     
          20          23  0.10061193302586428     
          21          23  0.39114899285393301     
          22          23   1.6326697323663755     
          21          24  0.10155401275015397     
          23          24   1.3656173422868216     
          24          25  0.99422196643047811     
          20          26   1.3568173615139838     
          21          26  0.15688304682021115     
          22          26  0.39972328085179243     
          23          26  0.15433970850729914     
          24          26   1.4155723089781909     
          14          27   1.1640438985494728     
          18          27   1.0525613350557770     
          11          28   1.2454506499799975     
          12          28  0.21829651980489059     
          13          28  0.14968165438573419     
          27          28   1.4631109023166256     
           3          29  0.10508017088437549     
           4          29   1.1299806990310775     
           5          29  0.18777597560025439     
          29          30   1.6073117344462209     
           5          31  0.15688997137017008     
          29          31  0.25509189232025620     
          30          31   1.8359210144758435     
