   -0.13147777
    0.14083059
    0.03381957
    0.03401342
    0.08848050
   -0.00781157
   -0.01282648
    0.22950928
   -0.26450667
    0.21836994
   -0.26047532
   -0.06633832
    0.32085756
   -0.31839098
   -0.12284206
    0.07689767
    0.06823744
    0.02003773
    0.02221022
   -0.00076109
    0.08103844
    0.01928601
   -0.06773721
    0.29016532
   -0.37296567
    0.04712226
    0.13193587
   -0.13590774
    0.05202754
    0.09159866
   -0.00961498
   -0.00969847
    0.23046619
   -0.26693632
    0.22253326
   -0.25779677
   -0.06076596
   -0.05258409
