           1           2   2.7998019933546656     
           2           3   1.0463034051406706     
           1           4  0.15459230744199925     
           3           4   1.7866456091564742     
           4           5   1.2059778921396456     
           4           6  0.13879391385535933     
           5           6   1.1444485294689684     
           4           7  0.22440329582604573     
           6           7   1.7360616300357143     
           7           8   1.2227326463324859     
           6           9  0.19726069224180162     
           8           9   1.5969276573405744     
           8          10  0.96884431019153372     
           7          11  0.10922307850216069     
           9          11  0.15022698012277724     
          10          11   1.5688401401664653     
           5          12   1.4024732195392657     
           6          12  0.33875527826484919     
           7          12  0.29446538291801283     
          10          12   1.2625302085798107     
           3          13  0.93330136666476049     
          13          14   1.7382527569913875     
          13          15   1.1401877375316156     
          15          16   1.6835947494473491     
          16          17   1.2690075742516256     
          17          18   1.0499966285350135     
          18          19   1.8111555745716872     
          18          20  0.27816685267583852     
          19          20   1.3809346921742292     
          20          21   1.1487565684729470     
          21          22   1.2655723751961743     
          22          23   1.5307330007975768     
          23          24   1.3938312965146467     
          22          25  0.16969163268680110     
          24          25   1.5298027390641251     
          24          26  0.90902195767212479     
          26          27   1.0493694005403513     
          27          28   2.7838144522377948     
          26          29   1.7889413147992956     
          28          29  0.15631099264725246     
          29          30   1.1979108708535022     
          29          31  0.10736431983974942     
          30          31   1.1660429506492358     
          31          32   1.7603905452794975     
          32          33   1.2380689001246910     
          31          34  0.17616825486963428     
          33          34   1.5922198043064602     
          33          35  0.96215079816107185     
          34          36  0.13648112784203481     
          35          36   1.5379918981183482     
          30          37   1.3835978972467662     
          31          37  0.25180365864573051     
          32          37  0.23195029286178320     
          35          37   1.2703403455914404     
          16          38  0.13585232658549529     
          17          38   1.2516759551116488     
          19          38  0.22880533603894210     
          20          38  0.16508799341290231     
          21          38   1.1800947540469846     
