   -0.08830671
    0.19388467
   -0.08413771
   -0.00208445
    0.03060011
   -0.00164252
    0.32346742
   -0.33300060
   -0.22333327
    0.11599808
   -0.03378136
    0.01456772
    0.19245884
   -0.13776368
    0.13748877
   -0.02725519
   -0.03350031
    0.19059396
   -0.15973529
    0.08839210
   -0.07268781
   -0.07677045
   -0.14832292
    0.15570202
   -0.13172090
    0.13336884
   -0.09510885
    0.16727551
   -0.17548569
    0.15024855
   -0.02990966
    0.03484009
   -0.10371194
    0.02937261
