           1           2   1.3516004772036101     
           1           3  0.49758583599389428     
           2           3   1.3555669632839102     
           1           4  0.44187555741788181     
           2           4  0.96202636830603760     
           3           4  0.43863425912050130     
           4           5   1.3625473253290430     
           1           6  0.14435432599138218     
           3           6  0.13206937123853169     
           5           6   2.2614761548105737     
           6           7  0.97714976166619816     
           7           8   1.6497402077217076     
           7           9   1.2042633370835640     
           8           9  0.11213577642416638     
           9          10   1.2684332402586511     
          10          11   1.3876110755036453     
          11          12   1.4503132122810203     
          12          13   1.1486584908149493     
          13          14   1.3510200204782457     
          14          15   1.2144108177359720     
          15          16   1.2432678216593036     
          16          17   1.7751692287360934     
          17          18   1.3625160737079045     
          18          19  0.99960788226859110     
          18          20   1.2553166185316789     
          20          21   1.0022196925367532     
          15          22   1.2799317952130254     
          16          22  0.31325661946926631     
          17          22  0.15228817465300676     
          20          22   1.4506262963086862     
          13          23   1.2134298417079612     
          14          24  0.20963253754695824     
          23          24   1.6302609235162795     
          24          25   1.5687965490146265     
          12          26   1.0906542506155392     
          25          26   1.2498347938710750     
          11          27  0.46790044411760384     
          26          27   1.3293348013774759     
          10          28   1.0840425806760694     
          27          28   1.5196130437263962     
          28          29   1.0348986775683540     
          29          30  0.98849428423443730     
          30          31   1.2458605061309420     
          30          32  0.34620781640728104     
          31          32   1.3995786472265483     
          32          33   1.0749967820713553     
          30          34  0.96873069160883807     
          31          34  0.28776528596671858     
          32          34  0.10337764853550593     
          33          34   1.3305626234941617     
