           1           2   1.2952352729284691     
           1           3  0.59198320871764554     
           2           3   1.3213021771704296     
           2           4   1.1147367830837189     
           1           5  0.10466827970235905     
           4           5   2.4734629475964454     
           5           6  0.98564411024686693     
           6           7   1.6757856551623600     
           6           8   1.1832501539583440     
           8           9   1.3069913838486040     
           9          10   1.1985438023392450     
          10          11   1.8044636768860201     
          11          12   1.2944612071792529     
          12          13   1.1762337675331149     
          10          14  0.13092378239943819     
          13          14   1.5480459370876738     
          14          15   1.7778900918485252     
          15          16   1.0999896937484859     
          16          17   1.6272965013731235     
          17          18   1.1030047732233961     
          18          19   1.3086096791625528     
          19          20   1.6152566220698987     
          19          21  0.39051111031221386     
          20          21   1.6332349741909504     
          19          22  0.10014300655330784     
          21          22   1.3648718119569299     
          22          23  0.99379839487533350     
          18          24   1.3551934611392813     
          19          24  0.16384761130476949     
          20          24  0.37259498461093665     
          21          24  0.15340862767355343     
          22          24   1.4191308450773004     
          12          25   1.1460389460017908     
          16          25   1.0149213911513952     
           9          26   1.2342960220937336     
          10          26  0.14592420490318581     
          11          26  0.20261176248395288     
          25          26   1.4991290658879253     
