           1           2   1.5775539027708088     
           2           3  0.99899540938985154     
           1           4  0.10609998335248466     
           3           4   1.6451389648802990     
           4           5   1.1322215560810049     
           5           6   1.5734219209760838     
           6           7   1.5829258117601674     
           7           8   1.0692991453092697     
           6           9  0.12671029063780043     
           8           9   2.7853531542716086     
           7          10  0.89578101573635505     
           6          11  0.14623571977417743     
          10          11   1.6731927511677804     
          10          12   1.2885164055988336     
          11          12  0.41650024581894135     
           4          13  0.41722523430789271     
           5          13   1.0907582883992275     
          13          14   1.7273934829630455     
          14          15   1.0082507353785681     
          15          16   1.0735210151946624     
          16          17   1.5534987429856482     
          17          18   1.1956527959721441     
          18          19   1.3155956526467398     
          19          20   1.7087710703772034     
          19          21  0.14956696215852677     
          20          21   1.8228698277591671     
          19          22  0.36244614074029147     
          20          22  0.12672136023344163     
          21          22   1.6754988196931038     
          18          23   1.2010652598781129     
          20          23  0.10290500966724671     
          22          23   1.3712763882538510     
          16          24   1.1597926994798118     
          17          24  0.14740358124704073     
          23          24   1.1073136640021177     
           3          25  0.95742095089146817     
          14          25  0.98412785207449116     
           4          26  0.10789612586604364     
          13          26  0.12854063926353265     
          25          26   1.7654714390973409     
