           1           2   1.5444348537619619     
           1           3  0.31625258071768231     
           2           3   1.0306763342982479     
           3           4   1.3280136694367641     
           3           5  0.12468324678165926     
           4           5   1.1550958309687307     
           3           6  0.16643282235295875     
           5           6   1.3267131338939433     
           5           7  0.38249657268143278     
           6           7   1.3966761029614079     
           4           8  0.98562335946056423     
           7           8   1.1057936968681068     
           6           9  0.10321998772481719     
           8           9   1.1918656634836449     
           9          10   1.3212983578539588     
           9          11  0.16382244201261514     
          10          11   2.3141835239208457     
          11          12  0.97623566647411097     
          12          13   1.6746889961353930     
          12          14   1.1968057657403468     
          13          14  0.10047687193842351     
          14          15   1.2462650723594595     
          15          16   1.2112589256747637     
          14          17  0.11394077206173134     
          16          17   1.7644705125687090     
          17          18   1.2672874182842522     
          18          19   1.2350284137925092     
          16          20  0.15018135330287113     
          19          20   1.5896304887126183     
          20          21   1.6001753963908707     
          21          22   1.2197076778442058     
          20          23  0.14396392910587882     
          22          23   1.3371496725652738     
          23          24   1.1884143334745840     
          24          25   1.2815400243247390     
          25          26   1.6460523399554330     
          25          27  0.37743445411304322     
          26          27   1.6222377890221562     
          27          28   1.3634089995536802     
          28          29  0.99300984805628678     
          24          30   1.3057622402823077     
          25          30  0.15445977084839876     
          26          30  0.41541358734795436     
          27          30  0.15810566533056222     
          28          30   1.4203240928076881     
          18          31   1.1298173229711201     
          22          31   1.1661202992026942     
          15          32   1.2851744087307304     
          16          32  0.20910748925889205     
          17          32  0.15354227459590769     
          31          32   1.3946158266132234     
