   -0.12798347
    0.13394597
    0.03161917
    0.03751333
    0.09039682
    0.00162287
   -0.01246191
    0.22997071
   -0.26736348
    0.22336539
   -0.25337479
   -0.06998962
    0.30470087
   -0.30820133
    0.02268857
   -0.00256955
    0.00018311
    0.02500682
    0.30324032
   -0.30521733
    0.01545068
    0.13750089
   -0.13442538
    0.04075903
    0.08445193
   -0.01066122
   -0.02708675
    0.25449414
   -0.21380706
    0.20071344
   -0.27305755
   -0.04239514
   -0.04491606
   -0.04411344
