   -0.06484656
    0.07877917
   -0.00694866
    0.09736361
    0.31246666
   -0.31189053
   -0.12753008
    0.05765143
    0.24176021
   -0.30523014
   -0.00132679
    0.11966990
    0.01705337
   -0.10425437
    0.03699379
   -0.08414077
   -0.17917123
    0.13808613
    0.02318968
    0.01855724
    0.30715712
   -0.27027099
   -0.22261192
    0.19708941
   -0.13211656
    0.17801886
   -0.15633945
    0.18528948
   -0.15272276
    0.14199926
   -0.02902590
   -0.02987923
    0.19880631
   -0.14613207
    0.09100836
   -0.05475813
   -0.06848524
    0.00674141
