           1           2   1.5987471888761631     
           1           3  0.20841469385503139     
           2           3   1.0843498311424795     
           3           4   1.5114004992642645     
           3           5  0.17657638492368694     
           4           5   1.4236263322890048     
           4           6  0.85807661564734117     
           6           7   1.0643615894007896     
           7           8   2.8016064651454977     
           5           9  0.15415078445263544     
           6           9   1.8396513665713277     
           8           9  0.14620481562693244     
           9          10   1.1912568182956074     
           9          11  0.11732421297590757     
          10          11   1.1298118776777444     
           9          12  0.15326825030222338     
          11          12   1.7621633483709092     
          12          13   1.2254755882851860     
          11          14  0.19456249467018916     
          13          14   1.5953867142978111     
          13          15  0.97022511493485886     
          14          16  0.15862744283446284     
          15          16   1.5835755270509579     
          10          17   1.4251885111080116     
          11          17  0.31482526427041702     
          12          17  0.23463569736284076     
          15          17   1.2497654926698201     
           2          18   1.0006510655937690     
          18          19   1.3335843831067966     
           1          20  0.10569736958220495     
          19          20   1.5711996038255340     
          18          21  0.11292160977718074     
          19          21  0.17381869710678516     
          20          21   1.6251291655379714     
          19          22  0.20903393093582923     
          21          22   1.6357862087054345     
           1          23  0.10131582161237157     
          18          23   1.3426284589553354     
          20          23  0.18542170002528990     
          21          23  0.17586092388061353     
          22          23   1.5744475338670980     
