           1           2   1.5854295502488618     
           1           3  0.10708714129855330     
           2           3   1.0108982116263268     
           1           4  0.15101628072134099     
           3           4   1.2654890131742822     
           1           5  0.31178134296471433     
           4           5   1.7867074669993146     
           5           6   1.3441106465608050     
           6           7   1.1871748295669948     
           7           8   1.4876410962591788     
           7           9  0.16788451629702553     
           8           9   1.4719390482106087     
           8          10  0.84233178678856180     
          10          11   1.0543107423986584     
          11          12   2.8006741108191688     
           9          13  0.12986992637873804     
          10          13   1.6412747402463164     
          12          13  0.13070772205371095     
          13          14   1.0850934594892196     
          13          15  0.10679187188901240     
          14          15   1.6368562717230695     
          15          16   1.0805444211385395     
          16          17   1.8693348887313106     
          16          18  0.81432681446754607     
          18          19   1.8645433033910401     
          15          20  0.22482412057429466     
          18          20   1.0596491497077498     
          13          21  0.13260782680565486     
          14          21   1.0396703059165360     
          15          21  0.19040173022409243     
          19          21  0.13424930569864546     
          20          21   2.0013891651803943     
           6          22   1.1624660142109082     
          22          23   1.0239746963255369     
          22          24  0.10406147828907486     
          23          24   1.5520521308179607     
           1          25  0.15761833821337515     
           3          25   1.3387264689411982     
           4          25  0.27540292011586498     
           5          25  0.15927235558582922     
          22          25   1.3869737090377796     
          24          25  0.20495407932925819     
