           1           2   2.5564857052884706     
           2           3  0.94192668253209266     
           1           4  0.13394051054930142     
           3           4   1.6952327118398662     
           3           5   1.1263766697644355     
           5           6   1.4717528984307320     
           5           7  0.11433660539655023     
           6           7   1.3122050011346977     
           7           8   1.3422145845795717     
           8           9  0.95889536663680719     
           9          10   1.5901274463958970     
          10          11   1.1248038757332839     
          11          12   1.2643250765425003     
          12          13   1.6935792026589465     
          13          14   1.3707020220667265     
          14          15   1.0007452040758160     
          12          16  0.10290530039801538     
          14          16   1.2596166544797611     
          16          17   1.0102567776667717     
          11          18   1.3266923753153019     
          12          18  0.32338367137941137     
          13          18  0.16003985122112474     
          16          18   1.4415365748584608     
           9          19   1.1948747346498296     
          10          19  0.15195600775208873     
          10          20  0.10087525965246955     
          19          20   1.6182205201926585     
          20          21   1.6714065225127739     
           8          22   1.3117684366597255     
          21          22   1.1113358989748490     
           7          23  0.21133624246700836     
          22          23   1.2358431721562613     
           6          24  0.92774534828029986     
          23          24   1.6423380122882520     
          24          25   1.0325229994385148     
          25          26   1.5328659906589772     
