           1           2   2.7948366589841571     
           2           3   1.0453685976573286     
           1           4  0.15997352043474194     
           3           4   1.7889585104300529     
           4           5   1.1882009928940460     
           4           6  0.14375360443587371     
           5           6   1.1785865619899811     
           6           7   1.7433092707168165     
           7           8   1.2445588932714806     
           6           9  0.17410666025815788     
           8           9   1.5880724787122544     
           8          10  0.95925485118020459     
           7          11  0.10671589523459114     
           9          11  0.13977883521871365     
          10          11   1.5451118355969815     
           5          12   1.3838115302382197     
           6          12  0.25470139280301179     
           7          12  0.29386887805131962     
          10          12   1.2641563887354970     
           3          13  0.91891927820156316     
          13          14   1.7139223759221658     
          13          15   1.1589040981301075     
          14          15  0.10947176279103239     
          14          16  0.10015901202740050     
          15          16   1.6810145296737899     
          16          17   1.4306656219409528     
          15          18  0.12526648554225500     
          16          18  0.10583070001696694     
          17          18   1.7316580625169573     
          16          19  0.14697863724013896     
          17          19  0.15726727651502109     
          18          19   1.5406332245978180     
          19          20   1.1699853359000378     
          19          21  0.11300401159047588     
          20          21   1.7198663118059823     
          20          22  0.88936258259924816     
          22          23   1.0484863381733878     
          23          24   2.8084849728108914     
          22          25   1.6346914405358304     
          24          25  0.12072403953626362     
          25          26   1.5894370471540011     
          26          27   1.0061896680623459     
          25          28  0.10836653655704370     
          27          28   1.9641533645262623     
          28          29   1.0514765549095475     
          27          30  0.13919967309945394     
          29          30   1.8344868406861197     
          29          31  0.85212111006117575     
          31          32   1.4964272134912349     
          26          33   1.1884242325998813     
          27          33  0.17345121486169968     
          28          33  0.15508308840928539     
          31          33   1.4046867271748746     
