           1           2   1.6492568650283987     
           2           3   1.0207242577407536     
           3           4   2.5252277070068119     
           4           5   1.2590559604317109     
           5           6   1.0963744992221984     
           6           7   1.1468023496857831     
           5           8  0.21118948078321373     
           7           8   1.5730278578486272     
           5           9  0.10648398929988724     
           7           9  0.16484927213055528     
           8           9   1.1707561798642354     
           7          10  0.19232924388747613     
           9          10   1.2459430404033474     
           5          11  0.33514834387318138     
           6          11   1.1640356271256387     
          10          11   1.5286703157125698     
           1          12  0.11550313135679230     
           2          12   1.1898127938642804     
          12          13   1.2597721560133051     
          13          14   1.2078801447772125     
          12          15  0.11112261086622982     
          14          15   1.7655780662742828     
          15          16   1.2694857078255681     
          16          17   1.2314904322318596     
          14          18  0.15309816280005423     
          17          18   1.5914568183107820     
          18          19   1.5884706323754085     
          19          20   1.2173336876377672     
          18          21  0.14867017957471140     
          20          21   1.3411745578728886     
          21          22   1.1867835047311388     
          22          23   1.2790189434195995     
          23          24   1.6290683840587568     
          23          25  0.39682301472444226     
          24          25   1.6208272344356325     
          25          26   1.3591122892109948     
          26          27  0.99224080115285684     
          22          28   1.3111397020394973     
          23          28  0.15724407226668560     
          24          28  0.39764752830276012     
          25          28  0.14635159800360614     
          26          28   1.4281597384735023     
          16          29   1.1319662866123110     
          20          29   1.1641486959675766     
          13          30   1.2826045633056471     
          14          30  0.20975013447166194     
          15          30  0.15547735151323069     
          29          30   1.3945776505369540     
