           1           2   1.5814234453117562     
           1           3  0.19800729247133034     
           2           3   2.3036791622161292     
           3           4   1.0511079217468426     
           1           5  0.10376543909412492     
           3           5  0.10231859249424623     
           4           5   1.6162841579574809     
           1           6  0.15344590128772359     
           4           6   1.1950784248013577     
           5           6  0.14641372862042107     
           6           7   1.2558567691199638     
           7           8   1.2100380478078601     
           6           9  0.12737215003214658     
           8           9   1.7727766028395344     
           9          10   1.2732940956109240     
          10          11   1.2301068867140617     
           8          12  0.14540660724993229     
          11          12   1.5926893840202210     
          12          13   1.6020272243530420     
          13          14   1.2160482702030171     
          12          15  0.14794818008079746     
          14          15   1.3439065142260804     
          15          16   1.1822733096024156     
          16          17   1.2861098255750774     
          17          18   1.6427733013710650     
          17          19  0.37505364844808675     
          18          19   1.6241339928170371     
          19          20   1.3632875556292652     
          20          21  0.99298869207460438     
          16          22   1.3101374371380945     
          17          22  0.15450564651212681     
          18          22  0.39793519206840600     
          19          22  0.15976376001835463     
          20          22   1.4200946916406583     
          10          23   1.1345924754028107     
          14          23   1.1642244889679279     
           7          24   1.2869099612548627     
           8          24  0.22241585008886777     
           9          24  0.19476209127247365     
          23          24   1.3938083791437141     
