           1           2   1.5670676773600982     
           2           3   1.0193953008097514     
           1           4  0.13680872247456186     
           3           4   1.6218227492834820     
           4           5   1.1271774115518387     
           5           6   1.5785498225027514     
           6           7   1.6221690061613010     
           7           8   1.0666011868024929     
           6           9  0.15007260951899556     
           8           9   2.7830073207316475     
           7          10  0.90697770682023493     
          10          11   1.6834644196612096     
          10          12   1.2782549382791131     
          11          12  0.54274219929959344     
           4          13  0.40734124321841192     
           5          13   1.0993954671925599     
          13          14   1.6813265377842113     
          14          15   1.1066933084830508     
          15          16   1.2267026278357318     
          15          17  0.12652524472611695     
          16          17   1.1292381413185446     
          17          18   1.5126215688570235     
          17          19  0.25400021850780952     
          18          19   1.8892611785581659     
          19          20   1.1773428349480928     
          20          21   1.3787272824531263     
          18          22  0.10099700388212213     
          20          22   1.3345028375758625     
          21          22  0.23231226552392925     
           3          23  0.95992519408343546     
          14          23  0.94327835160785889     
           4          24  0.11062871377757509     
          13          24  0.15129319525183021     
          23          24   1.7840217541149090     
