   -0.09624305
    0.09884053
   -0.10908586
    0.16105425
   -0.08563591
    0.11881428
   -0.11577491
    0.05673726
    0.03284442
    0.12310876
   -0.18491652
    0.12968398
   -0.15742402
    0.13791890
   -0.07314516
   -0.07935032
    0.16443322
   -0.12546438
    0.03546164
    0.06366327
    0.01316491
    0.03651857
    0.01554148
    0.06221842
   -0.03634756
    0.03875679
    0.04059382
   -0.04524503
    0.04583945
    0.08597569
   -0.07929862
   -0.06690509
    0.02264164
   -0.07031414
    0.10174942
   -0.15753374
    0.29629900
   -0.37639949
   -0.03386961
    0.03525205
   -0.03971527
    0.17435648
   -0.08218894
   -0.07661065
