           1           2   2.1731525468586081     
           1           3  0.11040032163038856     
           2           3   1.1212388950072434     
           3           4   1.0950533953587156     
           4           5   1.4555247305077470     
           5           6   1.3921476210213926     
           6           7   1.2398169627535234     
           7           8   1.6641117909210779     
           8           9   1.3764035259996488     
           9          10   1.0832569132279639     
          10          11   2.8119056138318985     
           9          12   1.2341085395229594     
           8          13  0.21305502277931704     
          12          13   1.2514858212704223     
          13          14   1.2638019930813305     
          14          15   1.2013547464962497     
          15          16   1.7660874817685925     
          16          17   1.3153412358954912     
          17          18   1.0613973810849560     
          18          19   1.2029911412393777     
          19          20   1.0845960916844712     
          20          21   1.4027120971599831     
          21          22   1.6353613248276044     
          19          23  0.10971470795500328     
          20          23  0.13184582333062994     
          21          23  0.19881825768210201     
          22          23   1.7653713627608068     
          23          24   1.2855823106220154     
          24          25   1.2869771833114658     
          25          26   1.7524848091320715     
          25          27  0.14529791094137115     
          26          27   1.6984547322093482     
          25          28  0.41880456496839535     
          26          28  0.11392411041020337     
          27          28   1.7190159251978940     
          20          29   1.1807380245767614     
          24          29   1.1033886116218066     
          28          29   1.3414425311579592     
          17          30   1.1980089882042693     
          30          31   1.0020568773672036     
          14          32   1.2690257275148438     
          15          32  0.31023681168910389     
          16          32  0.16556566593897748     
          30          32   1.4974378950187499     
           6          33   1.0671830932297079     
          12          33   1.1851590451693848     
           5          34  0.47619548044957971     
          33          34   1.4322374383245107     
           4          35   1.0881439266444246     
          34          35   1.4339640878649444     
          35          36   1.1807908262628883     
          36          37   1.4822991095989537     
          36          38  0.18531001821705992     
          37          38   1.4014987595602526     
          37          39  0.96549018778992957     
          38          39  0.11570434203806773     
          39          40   2.2727451744983087     
          39          41  0.13614342960131023     
          40          41   1.3316751678668883     
          41          42   1.0691274902356520     
          39          43  0.10971745624608527     
          41          43  0.39576188326293504     
          42          43   1.2848570424470507     
          42          44   1.2758114489596883     
          43          44  0.50960522185839763     
