           1           2   2.5506413885447667     
           2           3  0.93305061349973095     
           1           4  0.17712953571822473     
           3           4   1.6606029384335808     
           3           5   1.1931358621081629     
           4           5  0.10384297664290226     
           5           6   1.2939170952120191     
           6           7   1.3570413774549357     
           7           8   1.5240170074563804     
           8           9  0.99552668280831802     
           9          10   1.6054199281012667     
          10          11   1.0858979304929357     
          11          12   1.3191747299795327     
          12          13   1.6273824339456928     
          12          14  0.39674320064679430     
          13          14   1.6290629693947756     
          12          15  0.10207469861195895     
          14          15   1.3658779580995262     
          15          16  0.99462694126558671     
          11          17   1.3528397564027475     
          12          17  0.15313009759436128     
          13          17  0.41936525513995526     
          14          17  0.15526546884673403     
          15          17   1.4156657875362060     
           9          18   1.1561486545598700     
          10          18  0.15147579981207354     
          10          19  0.15821414895156541     
          18          19   1.6608645751229980     
          19          20   1.7082861284563973     
           8          21   1.1372663533179672     
          20          21   1.0797983128426349     
           7          22  0.50354658261491692     
          21          22   1.4316434119062158     
           6          23   1.0628160586417839     
          22          23   1.4378327155804005     
          23          24   1.1013224735359479     
          24          25   1.1571246664777395     
          25          26   1.4252443712767113     
          25          27  0.11752048114087048     
          26          27   1.7449631369084646     
          27          28   1.1377044717659615     
          28          29   1.0802263504876271     
          29          30   1.3596995328079176     
          30          31   1.1870439273062532     
          27          32  0.22909366425391853     
          31          32   1.1231077549835564     
          28          33   1.0681445087283477     
          29          33  0.19480729103865499     
          32          33   1.4693484067957312     
