   -0.09356564
    0.08533404
   -0.13407072
    0.15695255
   -0.07477297
    0.11454578
   -0.12527613
    0.09505454
    0.02703247
    0.12674360
   -0.17071595
    0.13705954
   -0.11094517
    0.12605601
   -0.03976390
   -0.04168165
    0.15831297
   -0.16681557
    0.05156223
    0.07704700
   -0.01183259
    0.00606991
    0.03584062
    0.01418480
    0.00571069
    0.08963365
   -0.07401611
   -0.08987580
    0.01398811
   -0.06198669
    0.10115964
   -0.14834475
    0.29217074
   -0.36231039
    0.01277062
    0.00529571
    0.00218979
    0.07561875
   -0.01530177
    0.04758239
   -0.12242877
    0.04987836
   -0.06408992
