           1           2   2.0744532739928663     
           2           3   1.1180401982390746     
           3           4   1.0672662634062711     
           4           5   1.4630615223504202     
           5           6   1.3981479947824107     
           6           7   1.1618091548412703     
           7           8   1.6776904921523834     
           8           9   1.5881953976665681     
           9          10   1.0991498447172838     
          10          11   2.7933571947015627     
           9          12  0.98692819863168701     
           8          13  0.10899041410781515     
          12          13   1.6687617914032959     
          13          14   1.0953622887642209     
          14          15   1.2940142556711631     
          15          16   1.6939016027521723     
          16          17   1.3622434998460420     
          17          18  0.97774982200244187     
          18          19   1.1162287283122942     
          19          20   1.1124086540137836     
          20          21   1.2894900811334800     
          19          22  0.10067843611047930     
          21          22   1.6468517677887065     
          20          23  0.10087062428650981     
          21          23  0.18882388985475063     
          22          23   1.5641907078997277     
          21          24  0.22255060876962365     
          23          24   1.5966714436352956     
          20          25   1.2958775345834928     
          22          25  0.19806205424363368     
          23          25  0.19546790173219408     
          24          25   1.6692477103122252     
          15          26  0.10908316012360814     
          17          26   1.2491019779611960     
          26          27   1.0042575538051057     
          14          28   1.3250413480507355     
          15          28  0.27899804420023377     
          16          28  0.17185175279600087     
          26          28   1.4430270046538924     
           6          29   1.1113588673859656     
          12          29   1.0280204227527423     
           5          30  0.42216255775335398     
          29          30   1.5251305322605897     
           4          31   1.1142405961182820     
          30          31   1.3650929056435555     
          31          32   1.2058852252399750     
          32          33   1.4858066219546200     
          32          34  0.17352594987798531     
          33          34   1.3920390416243476     
          33          35  0.96736013423045408     
          35          36   2.3084526004616626     
          35          37  0.11495052514248807     
          36          37   1.2840586430433880     
          37          38   1.2448175729668671     
          38          39   1.0405814445507533     
          39          40   1.4989052563878287     
          40          41   1.1438399747760484     
          37          42  0.19304812546032946     
          41          42   1.1463209951826803     
          37          43  0.13198330881894665     
          38          43   1.0831328235550104     
          39          43  0.14499368926358178     
          42          43   1.4182032786098726     
