           1           2   1.5878564739643100     
           2           3   1.1924798899811060     
           1           4  0.15587909343572517     
           3           4   1.7570007782262067     
           1           5  0.10318498329447329     
           3           5  0.13629116423404253     
           4           5   1.6580667245254372     
           1           6  0.12808873754518668     
           3           6  0.34242044031339713     
           4           6  0.10547447236504998     
           5           6   1.6988519317624013     
           2           7   1.0276958046047446     
           6           7   1.3527151503893653     
           1           8  0.18787370964371586     
           5           8  0.10122504719882676     
           7           8   1.2772879350374664     
           8           9   1.4096243536402258     
           1          10  0.11590797601008336     
           8          10  0.18906181557362930     
           9          10   1.4056807609731783     
           9          11   1.0333932258471523     
          11          12   2.4217015756648554     
          12          13   1.1824189380361569     
          13          14   1.3879198667095207     
          14          15   2.1131675323277483     
          15          16   1.4110059693427861     
          16          17   1.1055388511067703     
          17          18   1.2791407507075550     
          18          19   1.7938716201888902     
          19          20   1.3298021370837250     
          20          21   1.1284774172812606     
          18          22  0.11101781639436541     
          21          22   1.5976558184505145     
          22          23   1.7581927160294337     
          23          24   1.1059120809298832     
          24          25   1.6141613746781196     
          25          26   1.1210319448336674     
          26          27   1.2824341820311489     
          27          28   1.7060392918640419     
          28          29   1.3446532307304000     
          29          30   1.0520700948636570     
          30          31   1.3288883464059080     
          31          32   1.0171495450666841     
          32          33   1.3503461069374056     
          33          34   1.6384838924363354     
          32          35  0.12027232145620258     
          33          35  0.37883914068682328     
          34          35   1.6069931711204706     
          33          36  0.10152932599880064     
          35          36   1.3465915738910708     
          36          37  0.99583349608443716     
          32          38   1.3938395306045934     
          33          38  0.16796887840340424     
          34          38  0.39484734319320464     
          35          38  0.14584614776938051     
          36          38   1.3877408796637756     
          29          39   1.2366373544909801     
          39          40  0.99984403866457539     
          26          41   1.3208448466771030     
          27          41  0.33184053159387428     
          28          41  0.15928008683799377     
          39          41   1.4490842147409748     
          20          42   1.1737883462576395     
          24          42   1.0155501438964316     
          17          43   1.3361704147687854     
          18          43  0.15269143803373603     
          19          43  0.18895209721356621     
          42          43   1.4628763454837748     
          13          44   1.0658327273329560     
          16          44   1.0822267066827775     
