           1           2   2.6096037048609673     
           2           3  0.91194237339843454     
           3           4   1.4063685359414926     
           1           5  0.24864878121191109     
           3           5   1.5001169158086383     
           4           5  0.18814594182130703     
           5           6   1.1424298469196239     
           6           7   1.2511871570942599     
           7           8   1.7170110277227149     
           8           9   1.3007783954998000     
           9          10   1.2330208911489202     
           7          11  0.12620522093823450     
          10          11   1.6778329842607180     
          11          12   1.3939766477187030     
          12          13   1.0811346255234624     
          13          14   2.8173767803479666     
          12          15   1.2259586152606801     
          11          16  0.16217855133910686     
          15          16   1.2282311709182867     
          16          17   1.2185792920506155     
          17          18   1.2620421094815910     
          18          19   1.6589543816186529     
          18          20  0.37645604696788415     
          19          20   1.6288876832854133     
          20          21   1.3580666150896630     
          21          22  0.99800729270289057     
          17          23   1.2849498149157557     
          18          23  0.15476006759359393     
          19          23  0.41562690301216071     
          20          23  0.15165502999870439     
          21          23   1.4233493460354587     
           9          24   1.1179347934645398     
          15          24   1.2134327372174187     
           6          25   1.3497430451106887     
           7          25  0.25314289866086465     
           8          25  0.20146022960705343     
          24          25   1.3443665342222277     
