           1           2   2.0225496349908489     
           2           3   1.1241341254197370     
           3           4   1.0233127579922536     
           4           5   1.5020395848005657     
           5           6   1.3666024240457395     
           6           7   1.1720046805526296     
           7           8   1.6808615117739198     
           8           9   1.5680414117326353     
           9          10   1.1003211383987064     
          10          11   2.7937087490144195     
           9          12  0.99623457223587908     
           8          13  0.10276704638466116     
          12          13   1.6420807700871067     
          13          14   1.1459652953524591     
          14          15   1.2327749045711234     
          15          16   1.7830910807519877     
          16          17   1.2993143319524043     
          17          18   1.0844607761115224     
          18          19   1.1320816400261482     
          19          20   1.2283046545755674     
          20          21   1.2393577040882668     
          21          22   1.6248410193418408     
          21          23  0.19514351963374821     
          22          23   1.5793804438656884     
          21          24  0.26690075854406520     
          23          24   1.5945545812623498     
          20          25   1.2373548248867898     
          22          25  0.22464002466388924     
          23          25  0.20106983906854844     
          24          25   1.6379285100200849     
          17          26   1.1762613584526387     
          26          27   1.0217117530890945     
          14          28   1.3135317765520487     
          15          28  0.28959652613970110     
          16          28  0.19575263626379269     
          26          28   1.4823025918956598     
           6          29   1.1253137482465250     
          12          29   1.0383032340185692     
           5          30  0.41814624914030363     
          29          30   1.4979638119102199     
           4          31   1.1411920284874186     
          30          31   1.3772767667793293     
          31          32   1.1741435502396009     
          32          33   1.4816485342624495     
          32          34  0.17175448288222114     
          33          34   1.3947112971945483     
          33          35  0.96298708610923478     
          34          35  0.11263564309892275     
          35          36   2.1593257490141573     
          34          37  0.13639084266312479     
          36          37   1.4256417094714515     
          37          38   1.2556553774208223     
          37          39  0.10686594833308903     
          38          39   1.2187487992722446     
          39          40   1.3510193598715685     
          37          41  0.15179575931554573     
          39          41  0.50468412907369709     
          40          41   1.4402492504750064     
          38          42   1.2265644036715699     
          39          42  0.19079832505359251     
          40          42  0.10928098286127651     
          41          42   1.3697683012323134     
