           1           2   2.0004842656423110     
           2           3   1.1360511760297234     
           1           4  0.12739124277280561     
           3           4   1.1859323170069551     
           1           5  0.12618783676090511     
           3           5  0.10302442314012650     
           4           5   2.0666107669628659     
           1           6  0.16422642197925122     
           2           6  0.20935209624864470     
           3           6   1.1121146756298788     
           4           6  0.14685781071097165     
           5           6  0.15115969495577966     
           6           7   1.2487028642184754     
           7           8   2.5347462073203042     
           8           9   1.0146888342251184     
           9          10   1.4197719773667405     
           9          11   1.4411566805529357     
          10          11  0.24961065649760414     
          11          12   1.1861004259751327     
          12          13   1.2359096436457371     
          13          14   1.7632520523756932     
          14          15   1.2896935787696320     
          15          16   1.1722905976012856     
          13          17  0.11225258152010185     
          16          17   1.5784729745634494     
          17          18   1.7336029150093568     
          18          19   1.0878073337379441     
          17          20  0.13610269773618305     
          19          20   1.5951046328576495     
          20          21   1.0910188143759099     
          21          22   1.3218387552134807     
          22          23   1.6243045288914628     
          22          24  0.38752329659039847     
          23          24   1.6287920957460622     
          22          25  0.10140447182075128     
          24          25   1.3660241269211506     
          25          26  0.99719727483953968     
          21          27   1.3520776540529047     
          22          27  0.15670175676114723     
          23          27  0.37748500269540081     
          24          27  0.15776395969206261     
          25          27   1.4149373335779383     
          15          28   1.1677829135934545     
          19          28   1.0555354776601138     
          12          29   1.2937787884855791     
          13          29  0.22036757734413254     
          14          29  0.17056143707223334     
          28          29   1.4453298858368600     
