           1           2   2.0590626007509418     
           2           3   1.1556625765796078     
           3           4   1.1615579732658661     
           2           5  0.13997557683675355     
           4           5   1.3200740407805289     
           5           6   1.0580729900888965     
           4           7  0.17258623537055864     
           6           7   1.1821624690195056     
           7           8   1.2513425005965990     
           7           9  0.10478771287425448     
           8           9   2.5543553064129858     
           9          10   1.0190662623860784     
          10          11   1.6613900708953460     
          10          12   1.1845262361473372     
          11          12  0.10249609535075548     
          12          13   1.2697692472233311     
          13          14   1.2165061975651632     
          12          15  0.12264179341846890     
          14          15   1.7679564327225703     
          15          16   1.3117949112901190     
          16          17   1.0947502245050464     
          14          18  0.12668554680653329     
          17          18   1.6771735218958741     
          18          19   1.6519501081637986     
          19          20   1.1810005589611017     
          20          21   1.5728250276391225     
          21          22   1.1202514618718236     
          22          23   1.2991364385648783     
          23          24   1.6217859761650484     
          23          25  0.39086148773675788     
          24          25   1.6286889400733167     
          25          26   1.3619915942257157     
          26          27  0.99670865278458665     
          22          28   1.3443950459105869     
          23          28  0.16008399522935723     
          24          28  0.36899447508150679     
          25          28  0.15409090053852412     
          26          28   1.4181034375999360     
          16          29   1.1753372695964448     
          20          29   1.0067914158904456     
          13          30   1.2462249498251237     
          14          30  0.16519629688076318     
          15          30  0.15963758180220780     
          29          30   1.4802445631220711     
           1          31  0.10536639842279329     
           4          31  0.19082196940789917     
           5          31  0.36344996794263201     
           6          31   1.1856000905529349     
           3          32   1.0808900703869921     
           4          32  0.26632078352543442     
           5          32  0.12434710496655260     
           7          32  0.12689602422214116     
          31          32   1.3578184012313665     
