           1           2   2.8836725440035367     
           2           3  0.89619841639450670     
           1           4  0.20071363367102754     
           3           4   1.6702371895415817     
           1           5  0.11032347899449281     
           3           5   1.2349862226449480     
           4           5  0.11208278612804007     
           5           6   1.2376088626806319     
           6           7   1.2351156284997304     
           5           8  0.11258268538497773     
           7           8   1.7304003363803422     
           8           9   1.2901685205994569     
           9          10   1.1611478326649025     
          10          11   1.5775451459608936     
          11          12   1.7827844169198437     
          12          13   1.1034312690283896     
          13          14   1.6255087573461755     
          14          15   1.1060510862731752     
          15          16   1.3151444748637915     
          16          17   1.6272721394947895     
          16          18  0.39375143362585197     
          17          18   1.6332502559411901     
          18          19   1.3623193729826517     
          19          20  0.99421543588988304     
          15          21   1.3422746493244122     
          16          21  0.15632524466200159     
          17          21  0.38982501387039270     
          18          21  0.15545696531410269     
          19          21   1.4183952558672575     
           9          22   1.1592220249189880     
          13          22   1.0130731421972583     
           6          23   1.2475536325758370     
           7          23  0.15701219511443404     
           8          23  0.20381272755017732     
          22          23   1.4904182394830128     
