           1           2   2.1933561533310022     
           2           3   1.0683909527591986     
           3           4   1.0660369679802821     
           3           5  0.13462809299366549     
           4           5   1.7967388911541280     
           4           6  0.94352852590264491     
           6           7   1.3741385605371490     
           7           8   1.1823468871358580     
           8           9   1.2725588704348265     
           9          10   1.6274190759599045     
           9          11  0.16552444573178970     
          10          11   1.5991222742129336     
           9          12  0.21368129193365143     
          11          12   1.6154493527622311     
           8          13   1.2687278770199470     
          10          13  0.22855732115893540     
          11          13  0.19309230339821051     
          12          13   1.6196356421110629     
           6          14   1.3091674986879995     
           7          14  0.20092459835842655     
          14          15   1.2516532016018975     
          14          16  0.18606569710181922     
          15          16   1.6504937570743385     
          15          17  0.90885099234339362     
          17          18   1.0470451649947352     
          18          19   2.8002884379009592     
          17          20   1.8107465305578316     
          19          20  0.15688656227307465     
          20          21   1.2093878174085551     
          21          22   1.5080513229447838     
          22          23   1.1592005822788924     
          22          24  0.12052665418895919     
          23          24   1.6578521446141432     
          23          25  0.86421484876816945     
          25          26   1.8486472005203354     
          20          27  0.10577238393025619     
          22          27  0.22580844617878151     
          25          27   1.0413464965464900     
          20          28  0.14813135658952889     
          21          28   1.0560644432580533     
          22          28  0.23265134521512196     
          26          28  0.13107215492917321     
          27          28   2.0236504347758255     
