           1           2   2.5905710158851347     
           2           3  0.90090662053982506     
           1           4  0.15662583918714945     
           3           4   1.7461453070600585     
           1           5  0.18707811766612387     
           3           5   1.1573373830723293     
           4           5  0.11386757774089963     
           5           6   1.4806023565770963     
           6           7   1.0765381726733256     
           7           8   1.7050794198908326     
           8           9  0.96684407840455155     
           9          10   1.6776523901780958     
          10          11   1.0862084597026511     
          11          12   1.3160184444858598     
          12          13   1.6190352962406616     
          11          14  0.10006079976328131     
          12          14  0.39210272285414044     
          13          14   1.6292670596769181     
          12          15  0.10160663085471400     
          14          15   1.3664965083878486     
          15          16  0.99835297663874489     
          11          17   1.3600004720266257     
          12          17  0.15927095360267693     
          13          17  0.40039320208406970     
          14          17  0.15674267256201432     
          15          17   1.4154825833916933     
           9          18   1.0954561062226813     
          18          19   1.7967209981497778     
          19          20   1.5878719833708077     
           8          21   1.0058965321090696     
          20          21   1.2091707012324104     
           7          22  0.36227050208259692     
          21          22   1.4054769499646762     
           6          23   1.1918869491732700     
          22          23   1.6647143411516760     
