           1           2   1.9911906197739282     
           1           3  0.11693134922003409     
           2           3   1.2220489068415641     
           3           4   1.0284210994256204     
           2           5  0.17411330942923398     
           4           5   1.5334369609704301     
           4           6  0.10236380383104758     
           5           6   1.0838385149768806     
           6           7   1.0961466313421577     
           7           8   1.2848793827182361     
           8           9   1.6781055125964044     
           9          10   1.2658290599118494     
          10          11   1.1915789391567755     
          11          12   1.8861678494870051     
          12          13  0.83957672720074317     
          11          14  0.20527702542585127     
          13          14   1.5118223020784418     
          11          15  0.14840282993424353     
          13          15   1.4473318779406241     
          14          15  0.16502474238076342     
          15          16   1.1285932153690998     
          16          17   1.3875613034089815     
          17          18   1.6747894932980776     
          16          19  0.10789595712958008     
          17          19  0.13762573787986424     
          18          19   1.8361430132758441     
          17          20  0.36459601901840044     
          18          20  0.11376258359661487     
          19          20   1.6305414063616162     
          12          21   1.0417506703612076     
          16          21   1.1500509072733458     
          18          21  0.11510083210442430     
          20          21   1.4370335897378568     
           8          22  0.13937502731440157     
           9          22  0.13175462133982577     
          10          22   1.2637529208555860     
           7          23   1.2740588607688015     
           8          23  0.14674635584904999     
           9          23  0.13302675104705844     
          22          23   1.6903410626164017     
           4          24  0.24119532433170329     
           5          24  0.17489568029622865     
           6          24   1.0789087156071122     
           3          25   1.0726689338187041     
           4          25  0.10013417672226407     
           5          25  0.15919246041630239     
          24          25   1.5265853036804840     
