           1           2   1.4680300618664972     
           2           3  0.97498679388522058     
           3           4   1.2950139139315868     
           4           5   1.0132981303278064     
           4           6   1.4345493853685400     
           6           7   1.3104840587885176     
           7           8   1.1585795251495616     
           8           9   1.9298950609376491     
           9          10  0.78664526968339998     
           8          11  0.16656888641696899     
          10          11   1.7273431407705919     
           8          12  0.21531286294150759     
          10          12   1.2665252156096216     
          11          12  0.16008570933123492     
          12          13   1.2031502345387823     
          13          14   1.3556519757558716     
          14          15   1.7549207169533714     
          15          16   1.3039831838605749     
          16          17   1.0142340558796785     
          14          18  0.25762916596926028     
          15          18  0.12571895547440046     
          16          18   1.3579281211851855     
           9          19   1.0531603450673077     
          13          19   1.1080744301711851     
          18          19   1.5059304052050064     
           6          20  0.41881477349632790     
           7          20   1.3105054869590962     
           3          21   1.2926394772125041     
          20          21   1.4251940993347112     
          21          22  0.85592497969963832     
           1          23  0.10668456381166362     
          22          23   1.0344528209753703     
          22          24  0.98386495327443269     
          23          24  0.57690729028992394     
          22          25   1.0441915421563346     
          23          25  0.56933408649744255     
          24          25  0.58825210424745589     
