           1           2   2.6122697002771496     
           2           3  0.88766827164681583     
           1           4  0.14062176820399766     
           3           4   1.6784338606870040     
           3           5   1.2264269691550398     
           4           5  0.10993507682688393     
           5           6   1.1701596153791021     
           6           7   1.2669097037629884     
           7           8   1.6589890256109450     
           8           9   1.4020242998458896     
           9          10  0.97162917141128124     
          10          11   1.5790472164084077     
          11          12   1.1255562617904358     
          12          13   1.2967723529815121     
          13          14   1.6244384874238420     
          13          15  0.39871372115630793     
          14          15   1.6334291053995578     
          15          16   1.3544688111256584     
          16          17   1.0001852421744846     
          12          18   1.3365414718324520     
          13          18  0.15764990332276080     
          14          18  0.39810618558789856     
          15          18  0.14730279656353240     
          16          18   1.4081888070819064     
          10          19   1.1969934482363009     
          11          19  0.14242211071450123     
          19          20   1.6500553375526918     
          20          21   1.6934727196752764     
           9          22   1.1898257746677008     
          21          22   1.0732406306335469     
           6          23   1.3277495803571373     
           7          23  0.18828825791018775     
           8          23  0.23450841127859859     
          22          23   1.3818820899336379     
