   -0.09262223
    0.08827755
   -0.11750004
    0.16151362
   -0.07460608
    0.11515460
   -0.13194350
    0.08937534
    0.02510248
    0.12582067
   -0.17324741
    0.13595244
   -0.11234847
    0.12457229
   -0.04888231
   -0.04975868
    0.15116621
   -0.14090532
    0.01477583
    0.07042818
   -0.01177914
    0.00820382
    0.03516337
    0.00510935
   -0.01472212
    0.09216001
   -0.06941445
   -0.06702910
    0.01581683
   -0.06766503
    0.10880338
   -0.13968026
    0.29287190
   -0.37448172
   -0.02113688
    0.03037792
    0.12766125
   -0.04959919
    0.14775749
   -0.07247508
    0.03357428
   -0.16984180
