           1           2   1.5444515998249451     
           2           3   1.0325587438316235     
           1           4  0.10830367845108731     
           3           4   1.4310981739538011     
           4           5   1.2949274911344733     
           5           6   1.2087298515057241     
           6           7   1.8565715482305292     
           7           8   1.0462278509992269     
           6           9  0.17082419910185587     
           8           9   2.7828020191303886     
           7          10  0.83790251165970320     
           6          11  0.15348099313200744     
          10          11   1.4285135732193373     
           6          12  0.16343547547400922     
          10          12   1.5793120016936719     
          11          12  0.20881099085906368     
           4          13  0.42195555725459366     
           5          13   1.2651744975712638     
          13          14   1.4641518064785084     
          13          15  0.11464703986805157     
          14          15   1.1385847857695603     
          15          16   1.3027999459499109     
          16          17   1.0104685118505730     
          17          18   1.5708503707398198     
          18          19   1.2032482092209484     
          19          20   1.3204659859874190     
          20          21   1.7134715674490903     
          20          22  0.14712282348597708     
          21          22   1.8447582872332609     
          20          23  0.45800716789108431     
          21          23  0.13160055804188064     
          22          23   1.6635599717334415     
          19          24   1.1899772284487513     
          21          24  0.10027306393361818     
          23          24   1.3631368495841563     
          17          25   1.1040904513486036     
          18          25  0.11932761858763764     
          24          25   1.0658886821842346     
           3          26   1.1211061955752351     
          14          26   1.1250106714563539     
           4          27  0.12276672967827361     
          13          27  0.16706798798399056     
          26          27   1.4649982677623083     
