   -0.11444131
    0.02658478
    0.01429084
    0.00089412
    0.10052336
   -0.01103412
    0.03925100
    0.02757863
    0.32652107
   -0.36174676
   -0.21931948
    0.15211522
   -0.00688161
   -0.02077236
    0.12788926
   -0.14463162
    0.16504193
   -0.15800768
    0.19890824
   -0.11384700
    0.13395572
   -0.02795273
   -0.01260378
    0.19389940
   -0.15275117
    0.09286467
   -0.06058507
   -0.08352128
    0.00418768
   -0.04789084
   -0.01622225
    0.01666917
    0.01936030
   -0.08832634
