   -0.10221567
    0.10470689
   -0.11832974
    0.16057191
   -0.08233374
    0.12032719
   -0.11099964
    0.06543461
    0.03572065
    0.12354290
   -0.17545297
    0.13105366
   -0.15039706
    0.13899736
   -0.02083754
   -0.05132870
    0.16807295
   -0.16567177
    0.02709924
    0.16409591
   -0.14117909
    0.05360191
   -0.03612136
    0.11163734
   -0.07244535
    0.09179942
   -0.06960721
   -0.10158747
    0.02425017
   -0.05936127
    0.10070038
   -0.14817789
    0.29585866
   -0.36846385
   -0.01388325
    0.04317510
   -0.00105149
    0.19558401
   -0.09078681
   -0.07599839
