           1           2   1.4961877276349562     
           1           3  0.21570306477693721     
           2           3   1.1222143718739839     
           1           4  0.14141214029204530     
           3           4   1.1220560637759462     
           1           5  0.15277450511336371     
           3           5  0.16067833939400702     
           4           5   1.0752958176161094     
           5           6   1.2419141642110521     
           5           7  0.14374534296182159     
           6           7   2.5274835666049329     
           7           8   1.0104051991973226     
           8           9   1.4209288872059636     
           8          10   1.4445303652536641     
           9          10  0.23220708399708562     
          10          11   1.1899518289623316     
          11          12   1.2360324788696295     
          12          13   1.7546141470743861     
          13          14   1.2975201832661438     
          14          15   1.1679968837929977     
          12          16  0.11828083423604445     
          15          16   1.5791891681767165     
          16          17   1.7350026773158134     
          17          18   1.0896885747350873     
          16          19  0.13329156254397756     
          18          19   1.5901522178601963     
          19          20   1.0949980797070513     
          20          21   1.3219004686835842     
          21          22   1.6263723557060381     
          21          23  0.38498969522718368     
          22          23   1.6314136003229605     
          21          24  0.10164833982040246     
          23          24   1.3677432679382853     
          24          25  0.99507926112136669     
          20          26   1.3484380158499660     
          21          26  0.15543055940211783     
          22          26  0.39015271684167263     
          23          26  0.15688885108039755     
          24          26   1.4138782691642930     
          14          27   1.1677270303030840     
          18          27   1.0557982410821907     
          11          28   1.2945288156626902     
          12          28  0.22243096065892243     
          13          28  0.19588687019802303     
          27          28   1.4452451264914794     
