   -0.05374507
   -0.00133636
    0.33607485
   -0.31075594
   -0.20660733
    0.18757243
   -0.16060170
    0.08589615
    0.18448199
   -0.11801086
    0.13808276
   -0.03886667
   -0.03595358
    0.19213891
   -0.15509685
    0.09018446
   -0.06430198
   -0.05573395
   -0.15548946
    0.15015466
   -0.14252315
    0.11573286
   -0.06090038
    0.16545951
   -0.13075372
    0.06891360
   -0.03213819
    0.02796887
    0.07000086
   -0.03306173
   -0.03493785
    0.12833234
   -0.07029914
   -0.04231038
   -0.03756996
