           1           2   2.5405886829170181     
           2           3  0.94519777347510237     
           1           4  0.13353886251353983     
           3           4   1.7101429970922084     
           3           5   1.1123183124896525     
           5           6   1.4778563640474081     
           5           7  0.11212273399592021     
           6           7   1.3519491016186169     
           7           8   1.2933837818406471     
           8           9   1.1796962084262881     
           9          10   1.3173945022711284     
          10          11   1.2230880243512969     
          11          12   1.2195031895196400     
          12          13   1.7063784889385716     
          13          14   1.3616707490944493     
          14          15   1.0031851151002815     
          14          16   1.2487842579038220     
          16          17   1.0086958015729350     
          11          18   1.2880723947599504     
          12          18  0.34972640740909350     
          13          18  0.15932224272529191     
          16          18   1.4644507339186312     
           9          19   1.2164393249126579     
          10          19  0.10447314619684597     
          10          20  0.22626237878694791     
          19          20   1.6057855174246849     
          20          21   1.5549133731553355     
           8          22   1.1949435406925828     
          21          22   1.2573075562914988     
           7          23  0.22459481987381330     
          22          23   1.2162367477622491     
           6          24  0.89396574250728256     
          23          24   1.6799033227504141     
          24          25   1.0844082289380061     
          25          26   1.0934043041793620     
          26          27   1.6323486366316344     
          26          28  0.30006523014292330     
          27          28   1.7319323338173374     
          28          29   1.0882119742257770     
          29          30   1.0868782299053428     
          30          31   1.4350972644516498     
          31          32   1.0211953928094630     
          30          33  0.19291630807049973     
          31          33  0.42145196496312687     
          32          33   1.4952479262326099     
          31          34  0.13015907458786999     
          32          34   1.0315169229863379     
          29          35   1.1229044315565857     
          33          35  0.36481050237647672     
          34          35   1.4979488423304144     
