           1           2   2.3757506459733206     
           2           3   1.0075030182176510     
           1           4  0.13333234984550141     
           2           4  0.12982394472815462     
           3           4   1.3574887805549181     
           1           5  0.10370499854330568     
           3           5   1.4595564657664699     
           4           5  0.19051908944868431     
           5           6   1.1660894220310485     
           6           7   1.4032805728425088     
           7           8   1.4913882063736903     
           8           9   1.0006437531005827     
           9          10   1.5985540009374481     
          10          11   1.0887921526363042     
          11          12   1.3184627575744465     
          12          13   1.6243148867350157     
          12          14  0.39386346595874172     
          13          14   1.6306291281757592     
          12          15  0.10183872368674786     
          14          15   1.3651569816853137     
          15          16  0.99676240302205066     
          11          17   1.3516071526689035     
          12          17  0.15373494178621369     
          13          17  0.40134384264269846     
          14          17  0.15466734931433354     
          15          17   1.4151930990718511     
           9          18   1.1549485165038678     
          10          18  0.15208342847724193     
          10          19  0.16447109307128618     
          18          19   1.6696353609749908     
          19          20   1.7119110705488643     
           8          21   1.1669280752543936     
          20          21   1.0812939688486958     
           7          22  0.48665348139455683     
          21          22   1.3826451373495265     
           6          23   1.1360671034014738     
          22          23   1.5035572650172198     
          23          24   1.0068650613613463     
          24          25   1.1752757881068778     
          25          26   1.6471020528296554     
          25          27  0.15727694226379785     
          26          27   1.5478797985811934     
          27          28   1.1642871935965589     
          27          29  0.17418007028100202     
          28          29   1.0739264775770190     
          29          30   1.3934601032628180     
          30          31   1.1183316567213910     
          27          32  0.10779850732470879     
          29          32  0.25836126042801327     
          30          32  0.15078874605316389     
          31          32   1.1003810559541169     
          26          33  0.10178263506693110     
          28          33   1.0806066737423028     
          29          33  0.20552768852195116     
          30          33  0.24631558930469322     
          32          33   1.5071366702220463     
