           1           2   1.4950416923048859     
           1           3  0.71926651182088641     
           2           3   1.4639392514854810     
           2           4  0.84932918875925101     
           1           5  0.15926660913666871     
           3           5  0.23838509709370351     
           4           5   1.6488246302490568     
           1           6  0.19184506374254676     
           3           6  0.17187548045450013     
           4           6   1.0361917440216901     
           5           6  0.39685693666560756     
           6           7   1.2656288672392810     
           7           8   2.5181721998704076     
           8           9   1.0446835162332957     
           9          10   1.3964106113988570     
           9          11   1.4294515432707067     
          10          11  0.22825067184118331     
          11          12   1.1932010936646515     
          12          13   1.2334385133949768     
          13          14   1.7521961956996051     
          14          15   1.2923028591148467     
          15          16   1.1730927818147818     
          13          17  0.11653140929067785     
          16          17   1.5742882993779670     
          17          18   1.7343506513019320     
          18          19   1.0887699907269530     
          17          20  0.13597705158102008     
          19          20   1.5954143584382152     
          20          21   1.0883314390862575     
          21          22   1.3215849233966581     
          22          23   1.6229977061768313     
          21          24  0.10040393883589728     
          22          24  0.38681412594533399     
          23          24   1.6303360327807059     
          22          25  0.10161845573993709     
          24          25   1.3664137161915546     
          25          26  0.99606945672995251     
          21          27   1.3559222063756715     
          22          27  0.15720388644543068     
          23          27  0.38507704982850149     
          24          27  0.15746948503102243     
          25          27   1.4143133407160287     
          15          28   1.1649733158374009     
          19          28   1.0551555947272728     
          12          29   1.2908275307026247     
          13          29  0.22071080190250908     
          14          29  0.17277329872555747     
          28          29   1.4477692741596202     
