   -0.00324238
   -0.03229663
    0.15006179
   -0.07479913
    0.11835621
   -0.11557332
    0.05652626
    0.03691417
    0.12375092
   -0.17503199
    0.12958350
   -0.15694947
    0.13861377
   -0.02613790
   -0.03393648
    0.16327496
   -0.12714709
    0.01912886
    0.07326192
   -0.01162121
    0.00292255
    0.02957955
    0.00017918
   -0.01990013
    0.08984221
   -0.08412622
   -0.09922414
    0.02601269
   -0.04943111
    0.09888611
   -0.17107836
    0.29283577
   -0.38092669
   -0.02000988
    0.05407997
   -0.02346294
    0.16846435
   -0.06772572
   -0.09965394
