           1           2   1.5942189421893749     
           2           3   1.0112113697945553     
           3           4   1.2860066230694625     
           4           5   1.8408875697971314     
           5           6   1.3395819823376203     
           6           7   1.1780556152029980     
           7           8   1.5277729973074248     
           7           9  0.18260981606884302     
           8           9   1.4601618586805298     
           8          10  0.81677019604946577     
          10          11   1.0694280256878739     
          11          12   2.8040276735735667     
           7          13  0.10066076902722816     
           9          13  0.22248135167288419     
          10          13   1.8659122701869553     
          12          13  0.14054832737990886     
          13          14   1.1816574509008022     
          14          15   1.1391893423535915     
          15          16   1.7576623294466545     
          16          17   1.2336067884866151     
          15          18  0.19449086161795737     
          17          18   1.5910529237871556     
          17          19  0.97254697581995564     
          18          20  0.16305634382880860     
          19          20   1.5787796827625880     
          14          21   1.4220818403561586     
          15          21  0.31702758151182103     
          16          21  0.22668773014733729     
          19          21   1.2429481032290843     
           6          22   1.1698384026149360     
          22          23   1.0286986449388069     
           5          24  0.28193307213744839     
          22          24  0.12491562739986582     
          23          24   1.5495911994802731     
           1          25  0.10715516868395066     
           3          25   1.3327166865215194     
           4          25  0.27547229079277930     
           5          25  0.13983465245775617     
          22          25   1.3678500241833191     
          24          25  0.31991613858845924     
