   -0.09515557
    0.09815787
   -0.09448010
    0.16313874
   -0.08913388
    0.12129186
   -0.11308564
    0.06264104
    0.03381095
    0.12273826
   -0.17869636
    0.13113869
   -0.14335798
    0.14035875
   -0.06286171
   -0.05076996
    0.17156954
   -0.16342069
    0.04396955
    0.07332259
   -0.01913920
   -0.00248066
    0.02672351
   -0.00253368
   -0.01608954
    0.09289626
   -0.06618660
   -0.05574757
    0.02211448
   -0.05271425
    0.11717712
   -0.21989421
    0.32579157
   -0.34390832
   -0.01759768
    0.02538951
   -0.01958755
    0.02076553
   -0.00336333
   -0.01745299
   -0.03904487
    0.07252794
    0.00690300
   -0.00596173
    0.00023729
