           1           2   2.1629241545630782     
           1           3  0.11489060631808233     
           2           3   1.1279509818415465     
           3           4   1.1048403701864637     
           4           5   1.4674873359752376     
           5           6   1.3946039449198959     
           6           7   1.2426194807845956     
           7           8   1.6664045467275661     
           8           9   1.3836081921186048     
           9          10   1.0822221360577871     
          10          11   2.8141512396019137     
           9          12   1.2297035780782255     
           8          13  0.22163030573233436     
          12          13   1.2673549308388989     
          13          14   1.2513671821575418     
          14          15   1.2080995406000048     
          15          16   1.7410038809163606     
          16          17   1.3367408494538229     
          17          18  0.99732240186905108     
          18          19   1.1316959860377946     
          19          20   1.1013567498632120     
          20          21   1.3008499461420522     
          21          22   1.6244212797715349     
          20          23  0.10469806070290294     
          21          23  0.18315341594702014     
          22          23   1.5740596894563841     
          21          24  0.22799897322021456     
          23          24   1.6073639471001164     
          20          25   1.3011229391026631     
          22          25  0.20650372502471109     
          23          25  0.18705425349005766     
          24          25   1.6332065555770270     
          17          26   1.2335106828632316     
          26          27   1.0094112806158855     
          14          28   1.2685720863992771     
          15          28  0.30010448102406173     
          16          28  0.15181570585747808     
          26          28   1.4754374144157028     
           6          29   1.0594714360965156     
          12          29   1.1747996697922558     
           5          30  0.49583660938248175     
          29          30   1.4570521892199029     
           4          31   1.0567758070254551     
          30          31   1.3695848565546715     
          31          32   1.3036800068474264     
          32          33   1.1902035627770609     
          32          34  0.10135120624097606     
          33          34   1.6639389685939119     
          33          35  0.97855804443950178     
          35          36   2.3161846477551178     
          35          37  0.14427317945203125     
          36          37   1.3082755476158574     
          37          38   1.2609479088718953     
          37          39  0.14193266356758996     
          38          39   1.0152361189061672     
          39          40   1.4179034427022512     
          39          41  0.32919259726602329     
          40          41   1.5477186777768672     
          38          42  0.96225132467876717     
          39          42  0.10224792296333313     
          41          42   1.2211617690902390     
          39          43  0.15512003280421996     
          40          43  0.26071327180887161     
          41          43  0.15211761841704108     
          42          43   1.2065678390815431     
          43          44   1.0902423666930443     
          41          45  0.10941483374275597     
          42          45  0.19009611220273165     
          43          45  0.12989726997511489     
          44          45   1.5356973327613672     
