           1           2   1.6517743314222815     
           2           3   1.0055649193090801     
           3           4   2.5778574754084040     
           4           5   1.1916987898443132     
           3           6  0.14983928682048031     
           5           6   1.8781822439420648     
           1           7  0.11207264394580617     
           2           7   1.2012844555105284     
           7           8   1.2565172283522097     
           8           9   1.2164083142138786     
           7          10  0.13670852550744103     
           9          10   1.7316716688648441     
          10          11   1.3091905087081481     
          11          12   1.0932132023443284     
           9          13  0.10412957043792871     
          12          13   1.6953727142721862     
          13          14   1.6272603522046549     
          14          15   1.1547772922553723     
          13          16  0.11984253254375524     
          14          16  0.11100476313056346     
          15          16   1.5797272325350875     
          16          17   1.0887853097355460     
          17          18   1.3209773813962797     
          18          19   1.6226153100065048     
          17          20  0.10089263089851495     
          18          20  0.38566025109019303     
          19          20   1.6304899129832540     
          18          21  0.10146308095686292     
          20          21   1.3663544412291968     
          21          22  0.99473709817288747     
          17          23   1.3560748121256587     
          18          23  0.15644083466183606     
          19          23  0.38165096837633278     
          20          23  0.15554503499778902     
          21          23   1.4142130507729784     
          11          24   1.1923706251861548     
          15          24   1.0269391864385278     
           8          25   1.2635284786941665     
           9          25  0.23429866494757712     
          10          25  0.16431761394044783     
          24          25   1.4543621044730888     
