           1           2   1.5656484342842452     
           2           3  0.98549303355733220     
           3           4   1.6751348116854075     
           4           5   1.1006447448095575     
           5           6   1.6095415817780419     
           6           7   1.5602539598929652     
           7           8   1.0809262600054952     
           6           9  0.13220373264423421     
           8           9   2.7937716082635813     
           7          10   1.1363631475216560     
           6          11  0.17430616204973554     
          10          11   1.5126612003765076     
          10          12   1.2359248183664391     
          11          12  0.62564406012489959     
           4          13  0.40366629437543716     
           5          13   1.1003552747933090     
          13          14   1.6744603974843670     
          14          15   1.1092730925922687     
          15          16   1.3852895501478983     
          16          17  0.94271159096820700     
          17          18   1.3478922539488982     
          18          19   1.6240153497132841     
          19          20   1.1883779088216073     
          18          21  0.19648775418324316     
          19          21  0.25219000981401196     
          20          21   1.4360802140423088     
          18          22  0.20933873053228164     
          19          22  0.22819257782741817     
          20          22   1.1824711367143876     
          21          22  0.23499539857705881     
          17          23   1.3377431323379880     
          19          23  0.22327194926600819     
          21          23  0.18758321327733132     
          22          23   1.6190119105544478     
           3          24  0.95715681605861125     
          14          24  0.95430569961789047     
           4          25  0.11567740680205026     
          13          25  0.13300047084419339     
          24          25   1.7733762921213845     
