   -0.15219279
    0.13279527
    0.03226137
    0.05639710
    0.08434249
   -0.03408577
    0.20549977
   -0.25843130
    0.22299420
   -0.24887070
    0.01956288
    0.56341585
   -0.31084445
   -0.32579986
   -0.01999257
    0.31426952
   -0.32504372
   -0.12379903
    0.11585801
    0.03067386
    0.10300408
   -0.10066660
    0.30083804
   -0.36309685
    0.05362255
    0.15326127
   -0.09914236
    0.02763239
    0.08013390
   -0.02362392
    0.20527927
   -0.24316382
    0.21707430
   -0.22085265
    0.01668695
    0.55511471
   -0.32865183
   -0.30515588
   -0.00730370
