           1           2   2.0115080249319375     
           2           3   1.1313272384194963     
           3           4   1.0549551457324431     
           4           5   1.5044261742960849     
           5           6   1.3673725257295013     
           6           7   1.1882063056739609     
           7           8   1.6451713149077674     
           8           9   1.5853682169835324     
           9          10   1.0996662016334320     
          10          11   2.7929564803191274     
           9          12  0.98119764357493899     
           8          13  0.11828297039315053     
          12          13   1.6791299437083453     
          13          14   1.0878212418628772     
          14          15   1.3016339556126388     
          15          16   1.6988944658077936     
          16          17   1.3511633216507242     
          17          18   1.0474208213554026     
          18          19   1.2547763664674492     
          19          20   1.1381294775313016     
          20          21   1.2820847712983388     
          19          22  0.10300815724870679     
          21          22   1.6374654254695247     
          21          23  0.19365587768975062     
          22          23   1.5651475030114803     
          21          24  0.24560492851409133     
          23          24   1.6006643845514066     
          20          25   1.2803394261705663     
          22          25  0.19833116040409970     
          23          25  0.20056502229907985     
          24          25   1.6495191794181856     
          15          26  0.10185216819176236     
          17          26   1.2446726321513646     
          26          27   1.0010427256453496     
          14          28   1.3287871459625280     
          15          28  0.28665355033897499     
          16          28  0.16712788566308914     
          26          28   1.4372403290021949     
           6          29   1.1054844173354217     
          12          29   1.0262178108595978     
           5          30  0.44552998187856557     
          29          30   1.5412171098028806     
           4          31   1.0856344305729040     
          30          31   1.3153495507010950     
          31          32   1.3177462899520529     
          32          33   1.1868492666852650     
          32          34  0.10012053980316571     
          33          34   1.6538118363145538     
          33          35  0.99573746299306420     
          34          35  0.10105691245642390     
          35          36   2.2879930061443634     
          35          37  0.13560418994885048     
          36          37   1.3330763857152905     
          37          38   1.2354638841700301     
          38          39   1.0330351095931039     
          37          40  0.14907618637539521     
          39          40   1.3438540050470831     
          37          41  0.17540440221259812     
          39          41  0.22479240255675242     
          40          41   1.8120464895424850     
          37          42  0.13443580170050906     
          38          42   1.1163826491907956     
          39          42  0.42437806112109194     
          40          42  0.22408971557233620     
          41          42   1.1781158057988101     
