           1           2   2.0668692400453179     
           2           3   1.1282619663697719     
           3           4   1.0523289804258404     
           4           5   1.4866373189667537     
           5           6   1.3748864636794196     
           6           7   1.1819882470145231     
           7           8   1.6330961013261713     
           8           9   1.5754825217628499     
           9          10   1.1040473449500707     
          10          11   2.7778601685813471     
           9          12  0.97032165285665462     
           8          13  0.19921126302897460     
          12          13   1.6611474865077620     
          13          14   1.1069295116787796     
          14          15   1.2782895764782973     
          15          16   1.6741781748038744     
          16          17   1.3645407910731473     
          17          18  0.95943588176432237     
          18          19   1.1408684177771971     
          19          20   1.0343541114532389     
          20          21   1.3879118688689702     
          21          22   1.6797327542014144     
          20          23  0.13820927286492080     
          21          23  0.12475497489253333     
          22          23   1.7933688843983080     
          21          24  0.39369165227909936     
          22          24  0.13684894056913116     
          23          24   1.6376456178116165     
          20          25   1.2430369953384695     
          22          25  0.11146247152370800     
          24          25   1.3762049113697756     
          25          26  0.95702771652584129     
          26          27   1.5558127022700603     
          15          28  0.10977806880012989     
          17          28   1.2577400299871302     
          28          29   1.0080261775632067     
          14          30   1.3399640535562229     
          15          30  0.28926784788828253     
          16          30  0.16694694178074837     
          28          30   1.4405582855288093     
           6          31   1.1261137079350001     
          12          31   1.0549794845024774     
           5          32  0.48186897843264426     
          31          32   1.4929243607546869     
           4          33   1.1206142077692463     
          32          33   1.3982929005727991     
          33          34   1.1777663633047919     
          34          35   1.4861592740981120     
          34          36  0.20183917262971243     
          35          36   1.3971800863224382     
          35          37  0.96450507167297950     
          36          37  0.11586514318719147     
          37          38   2.2284787602265634     
          37          39  0.15167427312107865     
          38          39   1.3698861280930510     
          39          40   1.0340074384660800     
          40          41   1.3013139124389010     
          39          42  0.42371340209948166     
          40          42   1.2985568823215938     
          41          42  0.43658909324612721     
