           1           2   1.6038377400479458     
           2           3   1.0977896462711316     
           3           4   1.0438214463284283     
           4           5   1.7558651637708125     
           4           6   1.0402320672067193     
           6           7   1.1483183222227469     
           7           8   1.4739159119320793     
           8           9  0.98337816359956498     
           7          10  0.14972434008131413     
           8          10  0.27475436619944110     
           9          10   1.5309486326905637     
           7          11  0.12301553347894696     
           8          11  0.14453814694249290     
           9          11  0.98953507137298413     
          10          11  0.26141961645084294     
           6          12   1.1372436889900144     
           7          12  0.14890147082360602     
           8          12  0.12206102061155961     
          10          12  0.14134433239750158     
          11          12   1.4498944081398710     
           1          13  0.23469218461849434     
           3          13   1.4001983643667790     
           1          14  0.19651544385656664     
          13          14   1.4840057287517936     
           2          15   1.1062707704651813     
          14          15   1.2674060496407527     
          15          16   1.3107262211661328     
          16          17   1.8442501281088337     
          17          18  0.80443769009135457     
          16          19  0.14106530522130339     
          18          19   1.7452504848606538     
          16          20  0.17347426956475495     
          18          20   1.2503692028200899     
          19          20  0.16342466432885799     
          20          21   1.2401348759194732     
          21          22   1.2568040860759693     
          22          23   1.5777162129426885     
          23          24   1.6653719172262906     
          24          25   1.1669763474497561     
          23          26  0.19809257569220709     
          25          26   1.2771082292953950     
          26          27   1.2462231736993994     
          27          28   1.2078039605356072     
          28          29   1.7276703544410854     
          29          30   1.3623454831149464     
          30          31   1.0056750859568950     
          30          32   1.2460732739013700     
          32          33   1.0087529823298418     
          27          34   1.2804182737013918     
          28          34  0.36808426003753525     
          29          34  0.15434638574513487     
          32          34   1.4666515294819871     
          17          35   1.0784364815455529     
          21          35   1.2240492248200885     
          25          35   1.2991828240422558     
