           1           2   1.5042687992031860     
           2           3   1.0300931546207466     
           1           4  0.19226833677449362     
           3           4   1.3502185963859659     
           4           5   1.3511951037085463     
           5           6   1.0596628137930255     
           6           7   1.6136139590829806     
           7           8   1.1633970019396589     
           8           9   1.0817682735736982     
           9          10   1.9147617492039930     
          10          11   1.0092242024244820     
           9          12  0.10114628781578502     
          11          12   1.4064603798876376     
           9          13  0.31616696831024271     
          12          13   1.6610593049429372     
          13          14   1.3412550798229121     
          14          15   1.0007314679789336     
          12          16  0.31343547684871953     
          13          16  0.12835147379876263     
          14          16   1.4020519556999038     
           8          17   1.0500305147442233     
          11          17   1.1611458060176907     
          13          17  0.10974924476559209     
          16          17   1.4664777738126995     
           7          18  0.87222187714356236     
          18          19   1.7060928361039105     
           8          20  0.12518510795788854     
          18          20   1.2525707487226314     
          19          20  0.15747240701676432     
           6          21  0.90382880638063090     
          20          21   1.2237233486736214     
          20          22  0.14450449474023069     
          21          22   1.7095353075392006     
           4          23  0.33334107951110703     
           5          23   1.3516255685305356     
          23          24   1.3532923014485991     
          24          25   1.0241832202070060     
          23          26  0.16359363228371815     
          25          26   1.5117770472406629     
           3          27   1.2743665940343387     
          24          27   1.2797555305847379     
          27          28  0.96701476975972989     
           1          29  0.17370118243571864     
          26          29  0.18134661745696723     
          28          29   1.4759264955096469     
