           1           2   1.6485728255810119     
           2           3   1.0260476640411997     
           3           4   2.5014937822858800     
           4           5   1.2820200050408554     
           5           6   1.1179612844441851     
           6           7   1.0811243918020590     
           5           8  0.19656605221913906     
           7           8   1.4728230269411560     
           8           9   1.1531577133878068     
           5          10  0.16358312013221554     
           6          10  0.11161930072429788     
           9          10   1.1653355363663720     
           5          11  0.21367589696088518     
           6          11   1.1199092766172019     
           7          11  0.17875849368298369     
          10          11   1.3624213895004706     
           1          12  0.10264386103209502     
           2          12   1.1801964271003806     
          12          13   1.3094846547869909     
          13          14   1.1960852305214584     
          14          15   1.8236192854696915     
          15          16   1.2968487775509216     
          16          17   1.1707702548256953     
          14          18  0.12890720405498476     
          17          18   1.5553369551865932     
          18          19   1.7780003098971213     
          19          20   1.0996770781157010     
          20          21   1.6286639445386693     
          21          22   1.1031485526458134     
          22          23   1.3192789819643960     
          23          24   1.6301008312845473     
          23          25  0.38955695957425668     
          24          25   1.6352346292659976     
          25          26   1.3642445930452363     
          26          27  0.99309604212297442     
          22          28   1.3407749430115423     
          23          28  0.15434062878214702     
          24          28  0.37498068951613006     
          25          28  0.15518594940489863     
          26          28   1.4166032053398185     
          16          29   1.1501543554844060     
          20          29   1.0131120048132130     
          13          30   1.2346244800378481     
          14          30  0.13919471183419785     
          15          30  0.18413375492735054     
          29          30   1.4968844792053657     
