           1           2   1.6726509899596733     
           2           3   1.0181935918975924     
           3           4   2.5674720748649165     
           3           5  0.12273070962873997     
           4           5   1.2496112595786701     
           5           6   1.1243081864787079     
           6           7   1.1090622735453957     
           7           8   1.4485612272235369     
           7           9  0.25554820081892282     
           8           9   1.4342560230245147     
           7          10  0.22773555249919969     
           8          10  0.21901473946190625     
           9          10   1.4779622968651325     
           5          11  0.18283137449665277     
           6          11   1.0768195478445564     
           7          11  0.12909216776628385     
           8          11  0.20506862644762536     
           9          11  0.24214052047642759     
          10          11   1.3504299433196709     
           2          12   1.1789437073139173     
          12          13   1.2894806960903007     
          13          14   1.2092163987913436     
          12          15  0.11734860215833465     
          14          15   1.7553879962341179     
          15          16   1.2890947918469366     
          16          17   1.1677481317712388     
          14          18  0.13993764387247995     
          17          18   1.5594233270169082     
          18          19   1.7713220168793327     
          19          20   1.1045670272140173     
          20          21   1.6217412238509585     
          21          22   1.1055796938201694     
          22          23   1.3092903738165509     
          23          24   1.6189505869369520     
          23          25  0.38972938046506134     
          24          25   1.6324662459448227     
          25          26   1.3631453899265429     
          26          27  0.99414793893649400     
          22          28   1.3516623694631267     
          23          28  0.16092638531114298     
          24          28  0.38203032712291485     
          25          28  0.15518865730075876     
          26          28   1.4187826691559988     
          16          29   1.1552760503265080     
          20          29   1.0160183040768447     
          13          30   1.2320299598746565     
          14          30  0.17402590435344109     
          15          30  0.16494559752746604     
          29          30   1.4938173788240903     
