   -0.11836707
    0.14473907
    0.04350390
    0.03264292
    0.08411790
   -0.02454020
    0.20805346
   -0.28537471
    0.21493349
   -0.27534988
    0.07727562
   -0.00526755
   -0.03641992
    0.31903538
   -0.32838142
   -0.13908113
    0.10278578
    0.02201630
    0.09742807
   -0.14171870
    0.31740605
   -0.32265269
    0.02925977
    0.13825388
   -0.16245971
    0.04711586
    0.08062716
   -0.02559967
    0.20339269
   -0.29148054
    0.21549408
   -0.27114970
    0.08261780
    0.00771009
   -0.04056637
