           1           2   2.7999301697489241     
           2           3   1.0429864320563742     
           1           4  0.15612847040554212     
           3           4   1.7841341628389129     
           4           5   1.2070480358673055     
           5           6   1.3643413673975613     
           6           7   1.2916304142652746     
           7           8   1.4945831904707378     
           7           9   1.0117219449142425     
           6          10  0.11048349474447097     
           8          10  0.11068189115793658     
           9          10   1.5943100374416959     
           6          11  0.10070372746251098     
           9          11   1.1566653676744449     
          11          12   1.0283104877726092     
           5          13   1.2061593404892386     
           6          13  0.44809953107229683     
          10          13  0.17417977337196552     
          11          13   1.5565308442061510     
           3          14  0.92865895778109964     
          14          15   1.7155209625028085     
          14          16   1.1540643468170253     
          16          17   1.5750584574474840     
          16          18  0.17476843447578222     
          17          18   1.5978541267865110     
          16          19  0.13938906640868479     
          17          19  0.15242525452276767     
          18          19   1.4995545961437013     
          17          20  0.12662321468369156     
          18          20  0.11941758951321592     
          19          20   1.6385050033676125     
          20          21   1.1418225878045745     
          21          22   1.7310100291135715     
          21          23  0.94607375787894887     
          23          24   1.0526891603730237     
          24          25   2.7897022776356035     
          23          26   1.7745554364910110     
          25          26  0.14740542901672599     
          26          27   1.2431506936357311     
          27          28   1.3663142165565330     
          28          29   1.2982203288180798     
          29          30   1.5004840251978291     
          29          31   1.0144924398759769     
          28          32  0.10956782697980934     
          30          32  0.10746370009277240     
          31          32   1.6044688437538674     
          31          33   1.1468604187499563     
          33          34   1.0313363550021850     
          27          35   1.1816584805519978     
          28          35  0.45009398214580654     
          32          35  0.19182355392892453     
          33          35   1.5590928392778367     
