   -0.10002198
    0.15072336
   -0.15836434
    0.16975763
   -0.14695243
    0.19456617
   -0.12467274
    0.12889468
   -0.05027811
   -0.07081598
    0.16605221
   -0.12498566
    0.05017725
    0.07338351
    0.02755378
   -0.01500941
    0.00528491
    0.20651934
   -0.15660054
   -0.08183341
    0.09087323
   -0.05573108
   -0.09363650
   -0.00084361
    0.01745640
    0.07831535
   -0.08113961
    0.32431744
   -0.33306876
   -0.16616238
    0.07438089
    0.00052824
    0.09244128
   -0.04193915
    0.03707396
   -0.09679458
    0.03692344
   -0.02637280
