           1           2   1.3679173896682919     
           1           3  0.10947069112519220     
           2           3   1.2432484881252339     
           3           4   1.3181610563056758     
           1           5  0.13180323038062039     
           3           5  0.13728295562207929     
           4           5   1.3812466064895288     
           4           6   1.1360641584321343     
           6           7   1.3230371994343142     
           7           8   1.4362454309068893     
           7           9  0.16260156016488042     
           8           9   1.4682845719179562     
           8          10  0.88339428389798691     
          10          11   1.0643477463591624     
          11          12   2.8136853666193118     
           9          13  0.14355258460054643     
          10          13   1.8333151368577414     
          12          13  0.14000948661377538     
          13          14   1.2066335886564987     
          13          15  0.10416810465021833     
          14          15   1.1625813848381716     
          15          16   1.7595482962709734     
          16          17   1.2399699027413673     
          15          18  0.18452376707022658     
          17          18   1.5878621460858218     
          17          19  0.96465692420801108     
          18          20  0.14210635467873511     
          19          20   1.5519018968413461     
          14          21   1.3821294164666553     
          15          21  0.26571755700563804     
          16          21  0.27628039004793353     
          19          21   1.2609423783257143     
           6          22   1.1369859359267078     
           1          23  0.13951371820714434     
          22          23   1.3815059865695891     
           1          24  0.11067916006148583     
           2          24   1.2442712600950960     
           3          24  0.36542285581295081     
          22          24   1.3165767853891432     
          23          24  0.13723716981440506     
