           1           2   1.5709473683955872     
           1           3  0.34189555398471155     
           2           3   1.0319306194223379     
           3           4   1.4830167711900355     
           3           5  0.14782260456606297     
           4           5   1.0115854232463886     
           5           6   1.5516755802386004     
           3           7  0.11134595766560020     
           5           7  0.24226915797335097     
           6           7   1.2577977275969292     
           4           8  0.96762245847533612     
           7           8   1.1375476825972988     
           5           9  0.11616597998762396     
           6           9  0.23862972093665569     
           8           9   1.1720025428159342     
           9          10   1.2964908247012652     
          10          11   2.4774573961594024     
          11          12   1.0239429200290688     
          12          13   1.6439632424054136     
          12          14   1.1889858023502620     
          13          14  0.10602665125557797     
          14          15   1.2789853378102858     
          15          16   1.2030086609199033     
          14          17  0.11116596504843410     
          16          17   1.7551006327620069     
          17          18   1.2817582388033875     
          18          19   1.1763098080082173     
          16          20  0.12620814725471471     
          19          20   1.5687134591977592     
          20          21   1.7271378104994057     
          21          22   1.0887943394530248     
          20          23  0.13443643980756026     
          22          23   1.5986026783910896     
          23          24   1.0867409577049358     
          24          25   1.3226524003021320     
          25          26   1.6225902875529110     
          24          27  0.10090044679933632     
          25          27  0.39050729833512021     
          26          27   1.6325294557405916     
          25          28  0.10159792582505835     
          27          28   1.3656024928477546     
          28          29  0.99268943724830516     
          24          30   1.3565839045812529     
          25          30  0.15619512712881406     
          26          30  0.40682265294640679     
          27          30  0.15501051783858308     
          28          30   1.4162199982582200     
          18          31   1.1664489574377110     
          22          31   1.0529907926537605     
          15          32   1.2512115693607884     
          16          32  0.22346743181636891     
          17          32  0.14768047776667309     
          31          32   1.4585048682025343     
