   -0.09533825
    0.10019445
   -0.09595648
    0.16412745
   -0.08708234
    0.12172445
   -0.11247778
    0.06305957
    0.03537965
    0.12310024
   -0.17693733
    0.13211254
   -0.13997774
    0.13620296
   -0.06809777
   -0.04556373
    0.16950702
   -0.17160405
    0.03880152
    0.07093277
    0.01699317
   -0.02106996
   -0.00577478
    0.20549924
   -0.15868882
   -0.07133849
    0.08943633
   -0.06292648
   -0.05116870
    0.02304857
   -0.04792639
    0.12029401
   -0.23023713
    0.32311132
   -0.34226607
    0.00260304
    0.02236710
   -0.00282304
    0.19689018
   -0.08541719
   -0.08271305
