           1           2   1.5509225853249931     
           1           3  0.22139819591128534     
           2           3   1.3983128789435817     
           3           4   1.0657389030310072     
           4           5   1.1132574416051235     
           4           6  0.10112448540382020     
           5           6   2.0270373663081753     
           6           7  0.85085968157625247     
           5           8  0.10276339993395144     
           7           8   1.6531308260224713     
           5           9  0.14986704187761454     
           7           9   1.3684377341561464     
           8           9  0.23746942141653901     
           1          10  0.24015063186108765     
           4          10   1.4609672730687078     
           2          11  0.89415882646159373     
          10          11   1.1939429501941738     
           3          12  0.26106294004304442     
          11          12   1.6398327041751724     
          12          13   1.4448158870641539     
          13          14   1.0381271589906089     
          14          15   1.5806017877133027     
          14          16   1.1992499993178658     
          16          17   1.3224142660345528     
          17          18   1.2355848449032198     
          18          19   1.5731923737532689     
          19          20   1.7136542379155699     
          20          21   1.1575995577634202     
          19          22  0.18715286649034019     
          21          22   1.3529367511509565     
          22          23   1.2383519706647432     
          23          24   1.2144104446711539     
          24          25   1.7060716650472019     
          25          26   1.3648503952152027     
          26          27   1.0158090673969979     
          26          28   1.2356480900433311     
          28          29   1.0291595542577152     
          23          30   1.2755974154219785     
          24          30  0.35823927630534974     
          25          30  0.15658402240895217     
          28          30   1.4643903253849040     
          13          31   1.2146076964881800     
          17          31   1.1498402637037863     
          21          31   1.2164118791562402     
