    0.01057132
   -0.00213661
   -0.01631976
    0.06904334
   -0.02813264
   -0.02262519
   -0.02035063
    0.02874597
    0.02441846
    0.03453252
    0.04291219
    0.30351042
   -0.41758445
   -0.18309678
    0.15138754
   -0.01399979
   -0.01809626
    0.12295670
   -0.11566649
    0.06438685
    0.03092475
    0.12266433
   -0.18232571
    0.13110749
   -0.17345959
    0.13151176
   -0.01042366
   -0.02560177
    0.02013968
    0.11291611
   -0.05892087
   -0.06979413
    0.01722947
   -0.06042456
