           1           2   1.5974800990852152     
           1           3  0.20819302490835498     
           2           3   1.0602591122836140     
           1           4  0.12274843327905036     
           3           4   1.3393259208183990     
           4           5   1.1044746000413099     
           3           6  0.11636792757472023     
           5           6   1.4841683441157347     
           5           7  0.38742504593421545     
           6           7   1.3427559312435038     
           4           8   1.0252870257001365     
           5           8  0.10288775539883725     
           7           8   1.0886763263728483     
           5           9  0.18940349506729875     
           6           9  0.13386686423522692     
           7           9  0.10577154604022075     
           8           9   1.1298504289329603     
           9          10   1.3002791951523152     
           9          11  0.10767409375188011     
          10          11   2.4799904247112359     
          11          12   1.0398722723409004     
          12          13   1.3790639827614317     
          12          14   1.4494246394665142     
          13          14  0.20348073075040021     
          14          15   1.1426930517833211     
          15          16   1.2486516737981466     
          16          17   1.6992622518130589     
          17          18   1.2996935883316190     
          18          19   1.2304157119136658     
          16          20  0.13274987026667609     
          19          20   1.6778344673727121     
          20          21   1.3890072312683444     
          21          22   1.0816425714087727     
          22          23   2.8149926602136368     
          21          24   1.2236616260885851     
          20          25  0.16457661895101605     
          24          25   1.2275314892031342     
          25          26   1.2203272968067607     
          26          27   1.2576055548936638     
          27          28   1.6327454289380616     
          27          29  0.40949698227838555     
          28          29   1.6157220750929753     
          29          30   1.3556247758007727     
          30          31  0.99435979077362746     
          26          32   1.2908468182823281     
          27          32  0.16464313342555983     
          28          32  0.41118208631896724     
          29          32  0.13916153306343426     
          30          32   1.4327351678898916     
          18          33   1.1174884513504273     
          24          33   1.2163432513598642     
          15          34   1.3526145548457762     
          16          34  0.26615436469832121     
          17          34  0.17202956871162822     
          33          34   1.3380819320664814     
