   -0.10689460
    0.01822244
    0.12189592
    0.02334310
   -0.10286917
    0.02208235
   -0.00468506
    0.05267195
   -0.07768914
    0.30009746
   -0.35027866
   -0.00817622
    0.01101297
    0.32323852
   -0.32442033
   -0.18760626
    0.20273888
   -0.05654357
    0.01599644
    0.20139446
   -0.15879251
    0.13457546
    0.01088834
   -0.01666711
    0.01937197
    0.11421685
   -0.05088163
   -0.06209569
   -0.16442662
    0.16121029
   -0.11183792
    0.12523783
    0.02141552
   -0.09574625
