           1           2   1.5282399208078332     
           2           3   1.0256255174176991     
           1           4  0.16101109339400793     
           3           4   1.3298164341167367     
           4           5   1.8147859021987789     
           5           6   1.2843645912610657     
           6           7   1.1609228589609339     
           7           8   1.8882344137930023     
           8           9  0.85844739706477380     
           7          10  0.10534008182797502     
           9          10   1.7405983711824204     
           7          11  0.13919315076533739     
           9          11   1.1961670973614582     
          10          11  0.10538441657039674     
          11          12   1.2661906125286810     
          12          13   1.3207799601685024     
          13          14   1.8278155216756078     
          14          15   1.2929235374889680     
          15          16   1.0258213603386119     
          13          17  0.23933929998227677     
          14          17  0.12400606227217720     
          15          17   1.3420471895279504     
           8          18   1.0214934991101008     
          12          18   1.0797229570759392     
          17          18   1.5267535413220314     
           1          19  0.21299909272128797     
           4          19  0.18803680151059571     
           5          19  0.23612019405565082     
           6          19   1.3058464626605770     
           3          20   1.2078479422247246     
          19          20   1.4657255763472901     
          20          21  0.84919848394123687     
          21          22   1.0444885237444306     
          19          23  0.10880566927968807     
          21          23  0.98134777782385541     
          22          23  0.59775200100034809     
          21          24   1.0394971401178350     
          22          24  0.60702787849075124     
          23          24  0.59775607070978487     
