           1           2   1.9595047843152531     
           2           3   1.1224947842162549     
           3           4   1.0769086049993151     
           4           5   1.4713381414325504     
           5           6   1.3855886666185608     
           6           7   1.2354518789452746     
           7           8   1.6798458797442675     
           8           9   1.3825700091230699     
           9          10   1.0812215631676194     
          10          11   2.8155137347538806     
           9          12   1.2297430542176855     
           8          13  0.12539384531943060     
          12          13   1.2363348023241225     
          13          14   1.3242373027485312     
          14          15   1.1884684240616334     
          15          16   1.5905477993542241     
          16          17   1.2473252029544348     
          17          18   1.1009267258171647     
          18          19   1.1427152881402383     
          19          20   1.2319139980550020     
          20          21   1.2366784421119947     
          21          22   1.6258214987844284     
          21          23  0.19886241906828403     
          22          23   1.6076746468705938     
          21          24  0.22315416944821115     
          23          24   1.5841947477657732     
          20          25   1.2406964389126485     
          22          25  0.26540141981285648     
          23          25  0.18596963331454763     
          24          25   1.6106301350479586     
          16          26  0.32123515325745200     
          17          26   1.2265664231270468     
          14          27   1.2063776387561072     
          15          27  0.33359380646720216     
          26          27   1.6153924592212729     
           6          28   1.0736634574206814     
          12          28   1.1926897064268496     
           5          29  0.42597231227366483     
          28          29   1.4116933097380848     
           4          30   1.0997875274434117     
          29          30   1.4536069931091351     
          30          31   1.1504627481971847     
          31          32   1.5051841201530296     
          31          33  0.18326336585925049     
          32          33   1.3925034533340674     
          32          34  0.94068645138029316     
          34          35   2.2564134783549492     
          33          36  0.10817245199456815     
          34          36  0.12916764887298546     
          35          36   1.3218660506320001     
          36          37   1.0565722721736235     
          37          38   1.2946247059780918     
          34          39  0.15116642448766673     
          36          39  0.45052891461705347     
          37          39   1.2760490267975704     
          38          39  0.52285802883434818     
