           1           2   2.5731596717398397     
           2           3  0.93273606335436587     
           1           4  0.20866504097389582     
           3           4   1.6907007605391244     
           3           5   1.1518593414586520     
           5           6   1.4689956126153130     
           6           7   1.0968575370425067     
           7           8   1.6870563703700237     
           8           9  0.99375816059069633     
           9          10   1.6144480317013568     
          10          11   1.0915971824134776     
          11          12   1.2991109932957350     
          12          13   1.6837695169241875     
          13          14   1.3780753522741254     
          14          15  0.99099967609353545     
          12          16  0.11145563303714889     
          14          16   1.2824811426263716     
          16          17   1.0025137421597616     
          11          18   1.3416214831308984     
          12          18  0.35757588105945526     
          13          18  0.14954701791536246     
          16          18   1.4350443489623133     
           9          19   1.1502597099438903     
          10          19  0.12233202167146287     
          10          20  0.18196654925347625     
          19          20   1.6396508407120765     
          20          21   1.6659666625861198     
           8          22   1.0221280997993349     
          21          22   1.1658219878413221     
           7          23  0.36283754409749719     
          22          23   1.4061166949713293     
           6          24   1.1878221456798703     
          23          24   1.6659950131077474     
