   -0.00630299
   -0.01701961
    0.15223882
   -0.07247505
    0.11407703
   -0.14082389
    0.08487180
    0.00956711
    0.12113474
   -0.21093806
    0.12938972
   -0.10151279
    0.12668488
   -0.05438475
   -0.02892073
    0.04178035
    0.03679441
    0.16545567
   -0.16404765
    0.03377696
   -0.03350140
    0.09513932
   -0.08587660
    0.10047110
   -0.07772682
   -0.08472016
    0.01769202
   -0.02593384
    0.11657312
   -0.24199145
    0.32290763
   -0.34496325
   -0.00081946
    0.01877000
   -0.00610197
    0.19252934
   -0.09311240
   -0.08868116
