           1           2   1.5374871344192835     
           1           3  0.10321858378213811     
           2           3   1.0290423036950525     
           1           4  0.15389518703892688     
           3           4   1.4554711090047314     
           4           5   1.3746891807267638     
           5           6   1.1753986346091565     
           6           7   1.6365670993817170     
           7           8   1.5647761602499064     
           8           9   1.1052935408720221     
           9          10   2.7735469743278811     
           8          11  0.97886237830381950     
           7          12  0.18001770427749150     
          11          12   1.6614448756631579     
          12          13   1.1106104745394600     
          13          14   1.2792240826020074     
          14          15   1.6874358740634638     
          15          16   1.3905512490722296     
          16          17  0.96455246058414112     
          17          18   1.0396395804663865     
          18          19   1.5143692545552878     
          19          20   1.3269325735180417     
          18          21  0.12495439315058197     
          20          21   1.6143708588713066     
          18          22   1.0662727368228566     
          21          22   1.0622333504781465     
          19          23  0.14790055584977796     
          20          23  0.54809463116484769     
          22          23   1.4857370628416109     
          14          24  0.10377229452252563     
          16          24   1.2737180552655674     
          24          25   1.0023854764531430     
          13          26   1.3379139734130596     
          14          26  0.31995119231730734     
          15          26  0.18299319349877283     
          24          26   1.4423648672782647     
           5          27   1.1313342816913206     
          11          27   1.0472252432241251     
           1          28  0.10971373532444520     
           4          28  0.38646980789309254     
          27          28   1.5006336451817024     
           3          29   1.0872964527464575     
          28          29   1.3600148314200542     
           1          30  0.11399989876204944     
          29          30   1.2742371106653594     
          30          31   1.1906097324196832     
          30          32  0.11488727336865978     
          31          32   1.6644589906208769     
          31          33  0.98184620562030767     
          33          34   2.2774903963303088     
          34          35   1.3498089973153808     
          35          36  0.95892805529979830     
          33          37  0.16130274274715950     
          35          37  0.46886333941405550     
          36          37   1.3564847501163211     
          33          38  0.15117225470303219     
          35          38  0.47681312537374082     
          36          38   1.3580692676709980     
          37          38  0.51471391716856219     
