           1           2   1.5590074128360745     
           2           3   1.0354613132657200     
           1           4  0.11312575023781596     
           3           4   1.4301273025468746     
           4           5   1.2958393494590998     
           5           6   1.2106424376009679     
           6           7   1.8612055802819927     
           7           8   1.0427328070797237     
           6           9  0.17508721861680920     
           8           9   2.7868137525347554     
           7          10  0.84875297734545463     
           6          11  0.17744486925503808     
          10          11   1.4082890019574865     
           6          12  0.14613270889680244     
          10          12   1.5837188455161260     
          11          12  0.19307437524991722     
           4          13  0.44476950769087159     
           5          13   1.2697503852582439     
          13          14   1.5169757427067903     
          14          15   1.0128821677781956     
          15          16   1.2644783280557752     
          16          17   1.6493075811105771     
          15          18  0.14271699877206101     
          16          18  0.18863326959896920     
          17          18   1.6715401167927704     
          18          19  0.82757911840460563     
          18          20  0.10065085601494211     
          19          20   1.6511268065274634     
          17          21  0.11209397443024996     
          18          21  0.11184360270623736     
          19          21   1.4047395281103556     
          20          21  0.27350640507100921     
           3          22   1.1197568301703831     
          14          22   1.1537806760004075     
           4          23  0.13269615216973280     
          13          23  0.17549842900537904     
          22          23   1.4769399603377549     
