           1           2   1.8336648883975557     
           2           3   1.0512833701191124     
           3           4   1.2361300941212376     
           3           5  0.10078488278169993     
           4           5   2.2001445609435955     
           5           6  0.84190787385805921     
           5           7  0.13054799814124654     
           6           7   1.6615446263506484     
           6           8   1.3845326493314822     
           7           8  0.24168801611145829     
           3           9   1.2102008752265274     
           9          10   1.4479674550305086     
           1          11  0.17363624738240074     
           9          11   1.1951120437231564     
           2          12  0.94954922669474584     
          11          12   1.3120169559910586     
          12          13   1.4578070650806527     
          13          14   1.5695567804773525     
          14          15   1.0392130338431098     
          13          16  0.14886654293275009     
          15          16   1.5532755015863156     
          15          17   1.2270123643710784     
          17          18   1.2519469129180119     
          18          19   1.3238086089096512     
          19          20   1.7713525791783478     
          20          21   1.4247307147155335     
          21          22  0.63577552015838845     
          20          23  0.18243379086297704     
          22          23   1.0237334023815052     
          22          24   1.5772790786122048     
          23          24  0.10990603328138414     
          22          25   1.5849157506320368     
          23          25  0.11820381151363879     
          24          25  0.12177246776036671     
          19          26  0.36336187444230683     
          21          26   1.4495224045962487     
          14          27   1.1099339565258202     
          18          27   1.0847526736111570     
          26          27   1.4360789269244549     
