           1           2   2.1226376422833635     
           1           3  0.11298387954324923     
           2           3   1.0702716685165927     
           1           4  0.12520334082997087     
           3           4   1.1734049330575786     
           1           5  0.15169450877156032     
           4           5   2.0921427118154505     
           2           6  0.14207413701019272     
           3           6   1.1195639613029784     
           6           7   1.7871693886033329     
           7           8   1.3704761049499612     
           8           9   1.5428411380829306     
           9          10   1.3250912911138348     
           8          11  0.12743721661084362     
          10          11   1.4914128658840291     
          10          12   1.0331744234063502     
          12          13   2.5581302780766806     
          13          14  0.97567770274202026     
          14          15   1.6771157415055271     
          14          16   1.1915647449891134     
          15          16  0.10909615632802984     
          16          17   1.2478841333129260     
          17          18   1.2905874217483895     
          18          19   1.5017859424222058     
          19          20  0.97444739434007599     
          20          21   1.6048492369400953     
          21          22   1.1127339825763356     
          22          23   1.3055743381680416     
          23          24   1.6227967423210252     
          23          25  0.39208457336139302     
          24          25   1.6347607237207189     
          23          26  0.10023194546420662     
          25          26   1.3653523666469192     
          26          27  0.99724303457842789     
          22          28   1.3454222951876322     
          23          28  0.15679265434246567     
          24          28  0.37498391786109392     
          25          28  0.15274978598597894     
          26          28   1.4153503543241170     
          20          29   1.1838071840189448     
          21          29  0.12187873278585026     
          21          30  0.10434456997855625     
          29          30   1.6893843508760331     
          30          31   1.7155996748331772     
          19          32   1.1749223126554393     
          31          32   1.0689166193070736     
          18          33  0.35289059447325116     
          32          33   1.3630725666412877     
          17          34   1.2166101197328909     
          33          34   1.6823756527868032     
