   -0.09004180
    0.09123869
   -0.12274585
    0.16211031
   -0.07658335
    0.11903537
   -0.11461717
    0.06260657
    0.03515153
    0.12325907
   -0.17529780
    0.12956970
   -0.14672890
    0.13636156
   -0.07073104
   -0.05109873
    0.15927887
   -0.13458725
   -0.00245296
    0.13439142
   -0.19315104
    0.10244198
   -0.03366617
    0.03706518
    0.03961870
   -0.05246435
    0.03714599
    0.08980950
    0.09305150
   -0.07358711
   -0.05480803
    0.02189175
   -0.05616698
    0.10055938
   -0.15661594
    0.29825093
   -0.36323209
   -0.02575176
    0.04035387
   -0.02586026
    0.16970329
   -0.07406057
   -0.08864601
