           1           2   1.9730771002612426     
           2           3   1.1225226108578739     
           3           4   1.0776523815454930     
           4           5   1.4694768082416720     
           5           6   1.3817591812398249     
           6           7   1.2446766481955072     
           7           8   1.6540165444666395     
           8           9   1.3905781498836871     
           9          10   1.0811851554963678     
          10          11   2.8155974301821263     
           9          12   1.2251957749863718     
           8          13  0.24505451567039274     
          12          13   1.2527930688776672     
          13          14   1.2384400104840836     
          14          15   1.2172830152018368     
          15          16   1.6977551180198258     
          16          17   1.3617313123220283     
          17          18   1.0098023334585324     
          18          19   1.3365004926003965     
          19          20   1.0946638838880149     
          20          21   1.5702950753486662     
          21          22   1.1969574489213837     
          22          23   1.3169543335127110     
          23          24   1.7111317583220857     
          23          25  0.14456411758654175     
          24          25   1.8250896869700517     
          23          26  0.37868697976712473     
          24          26  0.12457472816724850     
          25          26   1.6812390026150568     
          22          27   1.2022147557118936     
          24          27  0.10290239095285433     
          26          27   1.3708836891809142     
          20          28   1.1310917532102296     
          21          28  0.14440133562822935     
          27          28   1.1099257774013687     
          15          29  0.10030133882151965     
          17          29   1.2540270055147955     
          29          30   1.0051250053122378     
          14          31   1.2794827112166960     
          15          31  0.37477165385523242     
          16          31  0.15720290077533344     
          29          31   1.4601171615570154     
           6          32   1.0723289566207421     
          12          32   1.1900098987173586     
           5          33  0.38739358308709071     
          32          33   1.4149127686595708     
           4          34   1.0981697931778047     
          33          34   1.4444128463466959     
          34          35   1.1618935092035798     
          35          36   1.4973968043181949     
          35          37  0.19406843394448278     
          36          37   1.3925238677323510     
          36          38  0.95626015477725279     
          37          38  0.12535054803447357     
          38          39   2.2671334718935747     
          37          40  0.11039880951701381     
          38          40  0.13364912952098057     
          39          40   1.3341581955801904     
          40          41   1.0605633938992869     
          41          42   1.2856248492113700     
          38          43  0.11597671267002251     
          40          43  0.41582239024917750     
          41          43   1.2830390172308777     
          42          43  0.50420611018475847     
