           1           2   1.9689026485181418     
           2           3   1.1408884758483473     
           3           4   1.0263892901564073     
           4           5   1.5131639387300799     
           5           6   1.3468122148491450     
           6           7   1.1902393359693477     
           7           8   1.6521836672807411     
           8           9   1.5798375434738590     
           9          10   1.0987917717957847     
          10          11   2.7951843988873124     
           9          12  0.98651771958995926     
           8          13  0.11476494668559686     
          12          13   1.6648685287183176     
          13          14   1.1007040649973066     
          14          15   1.2886739843613138     
          15          16   1.6729614816771468     
          16          17   1.3826484329637443     
          17          18  0.99747001323937279     
          15          19  0.10278445023785807     
          17          19   1.2566049141539117     
          19          20   1.0111510959902381     
          14          21   1.3250899874035840     
          15          21  0.32238626922356417     
          16          21  0.18868582924687469     
          19          21   1.4366384214750674     
           6          22   1.1184663925765643     
          12          22   1.0335166435835581     
           5          23  0.40974534338116814     
          22          23   1.5176079595491014     
           4          24   1.1331101161595716     
          23          24   1.3473418376382322     
          24          25   1.2098698000523620     
          25          26   1.4183458663938275     
          25          27  0.20142661577642179     
          26          27   1.4031243212243101     
          26          28   1.0225650961774344     
          28          29   2.2889976569637125     
          29          30   1.3337464413751592     
          30          31  0.96309793717505809     
          28          32  0.17554619549868453     
          30          32  0.48540914476905173     
          31          32   1.3559896280048744     
          28          33  0.15667602021157959     
          30          33  0.49064048638681818     
          31          33   1.3526665073771622     
          32          33  0.50726411670339666     
