   -0.06492588
    0.08560763
    0.01233704
    0.10040212
    0.25822238
   -0.37423193
    0.04618891
   -0.03304500
   -0.03456523
    0.13955091
   -0.06379358
   -0.01986123
   -0.00885131
   -0.17122030
    0.15321452
    0.00517268
    0.02856056
    0.30931230
   -0.30068513
   -0.21654078
    0.19497233
   -0.14834675
    0.16943960
   -0.16246095
    0.18665758
   -0.15048453
    0.14081369
   -0.03086752
   -0.03156448
    0.19483944
   -0.15263245
    0.08981681
   -0.06367537
   -0.07263551
   -0.01472056
