           1           2   1.6109091919050333     
           1           3  0.19783263560997255     
           2           3   1.3506921379987558     
           3           4   1.2662163036906102     
           4           5   1.2147209262808969     
           5           6   1.5477513775747673     
           5           7   1.0850871078281636     
           7           8   1.1152018275412749     
           8           9   1.4889675092921342     
           9          10   1.0295718972775036     
           8          11  0.31524599175948992     
           9          11  0.10216594349356393     
          10          11   1.5164140097717704     
           9          12  0.13167309893072660     
          10          12   1.0063575949078056     
          11          12  0.40068937866681165     
           7          13   1.1310516226614387     
          11          13  0.16777284205912621     
          12          13   1.4528034813465407     
           1          14  0.14832513163204109     
           4          14   1.1932096718004541     
           1          15  0.10615907198963737     
           2          15  0.89295045243865512     
          14          15   1.5065259199068441     
           3          16  0.10987957859754055     
          15          16   1.2265552720735562     
          16          17   1.8378364233867315     
          17          18  0.80607705068595736     
          16          19  0.13660694522991199     
          18          19   1.7356026100535353     
          16          20  0.16414877628947885     
          18          20   1.2545973580934329     
          19          20  0.16394501210146772     
          20          21   1.2352253747598383     
          21          22   1.2603134866516135     
          22          23   1.5766382159620078     
          23          24   1.6684531224952786     
          24          25   1.1644515092342882     
          23          26  0.19174072755262841     
          25          26   1.2838764820158688     
          26          27   1.2479404118227990     
          27          28   1.2205346143384916     
          28          29   1.7748752880188361     
          29          30   1.3579960487706011     
          30          31   1.0061861179465261     
          30          32   1.2468785489875904     
          32          33   1.0071180675545270     
          27          34   1.2675260946979388     
          28          34  0.32450329170992398     
          29          34  0.14820238888444537     
          32          34   1.4591896379832803     
          17          35   1.0837083964406926     
          21          35   1.2236053145696872     
          25          35   1.2934391184437268     
