           1           2   1.8089195153596331     
           1           3  0.42120696753754100     
           2           3   1.9068213721850598     
           3           4  0.97608695119303890     
           3           5  0.16896848922368612     
           4           5   1.6313835219337636     
           1           6  0.12013068887378812     
           4           6   1.2273793092606502     
           5           6  0.13133002740860006     
           6           7   1.2658784465072015     
           7           8   1.2133221136097097     
           8           9   1.8280165983050232     
           9          10   1.3087827412160595     
          10          11   1.1524893431465604     
           8          12  0.11972777579970974     
          11          12   1.5745675571395021     
          12          13   1.7726461292126368     
          13          14   1.1024452715700161     
          14          15   1.6244507138216677     
          15          16   1.1062327466115527     
          16          17   1.3182098134398599     
          17          18   1.6325840378342400     
          17          19  0.38833766141130138     
          18          19   1.6329009754885246     
          19          20   1.3642928366935645     
          20          21  0.99242484689134258     
          16          22   1.3380116125835055     
          17          22  0.15265510103506261     
          18          22  0.37376809397736294     
          19          22  0.15647163486629978     
          20          22   1.4176208212518082     
          10          23   1.1611599170656326     
          14          23   1.0131902833923112     
           7          24   1.2612196100036193     
           8          24  0.14330358341983887     
           9          24  0.19958366640937811     
          23          24   1.4852550641042814     
