   -0.00257335
   -0.03073579
    0.15103580
   -0.07481538
    0.11793221
   -0.11378025
    0.05795160
    0.03542879
    0.12316351
   -0.17745107
    0.12929959
   -0.15954041
    0.14296822
   -0.02416196
   -0.04147272
    0.12025830
   -0.07443434
    0.04845843
    0.07837898
   -0.03921203
   -0.00559015
    0.03228580
   -0.00441295
   -0.02701605
    0.09651367
   -0.08451680
   -0.10355894
    0.02485343
   -0.04959222
    0.10028257
   -0.17349057
    0.29576628
   -0.37095533
   -0.02452478
    0.03883669
   -0.03050428
    0.18209181
   -0.06984749
   -0.09331881
