           1           2   1.5223818202468244     
           2           3   1.0267570060818425     
           1           4  0.10325629616309216     
           3           4   1.4081428069993971     
           4           5   1.2817456086659211     
           5           6   1.2385755335342141     
           6           7   1.2311697016114620     
           6           8  0.13609397259826927     
           7           8   1.6278967770389579     
           7           9  0.97801089281764508     
           8           9  0.11338700886487089     
           9          10   2.2290391248667327     
           9          11  0.12927346120749564     
          10          11   1.3856919819016273     
          11          12   1.1091470271307897     
          12          13   1.0712041589014019     
          11          14  0.14281457506048012     
          13          14   1.4655842043202030     
          14          15   1.1662306343701130     
          11          16  0.16240169843047680     
          12          16  0.10884739934745830     
          15          16   1.1543306684254466     
          11          17  0.12884304046146297     
          12          17   1.1158053842598843     
          13          17  0.13034474283219374     
          14          17  0.11066662161312424     
          16          17   1.3635180551164698     
           4          18  0.42820407041461528     
           5          18   1.2809314756547148     
          18          19   1.4289152929329487     
          19          20   1.0627948435240828     
          20          21   1.6495897058036446     
          21          22   1.1051148777577691     
          22          23   1.3084809658869661     
          23          24   1.6226153235371106     
          23          25  0.39801037951225615     
          24          25   1.6431292973801144     
          23          26  0.10207558326613428     
          25          26   1.3682719046235077     
          26          27  0.99460571437009138     
          22          28   1.3473298227206572     
          23          28  0.15952113116661248     
          24          28  0.44351875307110489     
          25          28  0.14275129720176816     
          26          28   1.4133469194982198     
          20          29  0.98033394050976286     
          29          30   1.1042003995352228     
          30          31   2.7801339186120728     
          21          32  0.16180803464537008     
          29          32   1.5654672838530803     
          32          33   1.6352024953083069     
           3          34   1.1911719106204530     
          19          34   1.2222274957552721     
          33          34   1.1897684147028238     
