   -0.31676464
    0.32494186
   -0.01476442
    0.00270705
    0.32303070
   -0.33721660
   -0.13025329
    0.07703994
    0.00878020
   -0.00283463
    0.08468130
   -0.01170566
    0.04247232
   -0.11675707
    0.05745723
   -0.04261704
   -0.19670271
    0.20179720
   -0.06093482
    0.01519698
    0.20091083
   -0.16276583
    0.13374866
    0.00936925
   -0.02006027
    0.01663628
    0.11342743
   -0.05663145
   -0.06582048
   -0.16729749
    0.15922269
   -0.11478663
    0.12472666
    0.01918253
   -0.09741611
