           1           2   1.6971775149866446     
           2           3  0.99589281134892071     
           3           4   2.5440599847700129     
           4           5   1.0121356659633451     
           5           6   1.7007597045583440     
           5           7   1.1359638033794519     
           7           8   1.6052020356146262     
           7           9  0.15171548028621656     
           8           9   1.5369061460840423     
           8          10  0.18169965620938122     
           9          10   1.5177727467138074     
          10          11   1.2132671251695175     
          11          12   1.0794280437193773     
          12          13   1.4324443389583958     
          13          14   1.1366067031111573     
          14          15   1.1576047444430426     
          11          16   1.0718311383898227     
          12          16  0.15688786834933044     
          15          16   1.4644089384547363     
           2          17   1.1352857407909487     
          17          18   1.4834611000897728     
          18          19   1.0932836242389368     
          19          20   1.6611305000279910     
          20          21   1.0111856399741801     
          21          22   1.4110403166842724     
          22          23   1.1701047282947818     
          23          24   1.2881535500279051     
          24          25   1.6222328201665208     
          24          26  0.39256759687272708     
          25          26   1.6241609578405587     
          26          27   1.3608085121500932     
          27          28  0.99652646766397390     
          23          29   1.3154705624788721     
          24          29  0.15780964450461626     
          25          29  0.37358684974786976     
          26          29  0.15016888828153668     
          27          29   1.4253194575570560     
          21          30   1.3079710786756402     
          22          31  0.18816376510132565     
          30          31   1.4954393655063134     
          31          32   1.7336670994527132     
          20          33   1.0313133448714853     
          32          33   1.1706019012016939     
          19          34  0.37171872023207186     
          33          34   1.3900765359790739     
          18          35   1.1853795719250833     
          34          35   1.6770723806838053     
