           1           2   1.6404722911079122     
           1           3  0.21029019722467474     
           2           3   1.3283327410045971     
           3           4   1.2892845240949604     
           4           5   1.2362939559836688     
           3           6  0.11258510444307893     
           5           6   1.5708687218673452     
           5           7   1.0146532886352488     
           7           8   1.1608122760924537     
           8           9  0.98760404251449130     
           8          10  0.24108286360167885     
           9          10   1.6886793367397623     
           9          11   1.0856415904915850     
          10          11  0.23808617979829855     
          11          12   1.0799433762742152     
          10          13  0.28601631466508520     
          11          13  0.23381404380761706     
          12          13   1.6918498854132609     
           7          14   1.1652316241078482     
           8          14  0.28014387459421164     
          12          14  0.98747533401881593     
          13          14  0.25499683293886766     
           1          15  0.15952925276162466     
           4          15   1.1566450574800977     
           1          16  0.12164329455880318     
           2          16  0.90676268531995041     
          15          16   1.5254949327682847     
          16          17   1.1848325342840385     
          17          18   1.7907633618691798     
          18          19  0.83411121191077531     
          17          20  0.10516885439610815     
          19          20   1.7425873759151858     
          17          21  0.15805449969751154     
          19          21   1.2234620378889027     
          20          21  0.14982543164234763     
          21          22   1.2666540521638305     
          22          23   1.2610357382690116     
          23          24   1.5539884345155053     
          24          25   1.6774689661020861     
          25          26   1.1620386958610436     
          24          27  0.18546302948262883     
          26          27   1.2871139329003525     
          27          28   1.2414538437602034     
          28          29   1.2079598875118738     
          29          30   1.7168511590069382     
          30          31   1.3591069199005266     
          31          32   1.0097803155678962     
          31          33   1.2442467669847788     
          33          34   1.0123677886665117     
          28          35   1.2834267653004656     
          29          35  0.34963234343576682     
          30          35  0.15743586362383402     
          33          35   1.4665985818816540     
          18          36   1.0680210380814865     
          22          36   1.1894349729995453     
          26          36   1.2928596606103822     
