           1           2   2.5934173700388405     
           2           3  0.90217941681671288     
           1           4  0.15632193916732465     
           3           4   1.7476046584092590     
           1           5  0.17212636012689736     
           3           5   1.1546411536390830     
           4           5  0.11247570315681220     
           5           6   1.4867691109794949     
           6           7   1.0759511991599227     
           7           8   1.7101037812039555     
           8           9  0.96487748929545492     
           9          10   1.6809502530396228     
          10          11   1.0852121441986318     
          11          12   1.3054675767015234     
          12          13   1.6873200116493456     
          13          14   1.3876599589480181     
          14          15  0.99650608032640486     
          12          16  0.10671565214464529     
          14          16   1.2645619873668354     
          16          17   1.0056530637771315     
          11          18   1.3405120215536106     
          12          18  0.31793453730798987     
          13          18  0.21696704093544061     
          16          18   1.4326576574449601     
           9          19   1.0943956779799482     
          10          20  0.12627416010853079     
          19          20   1.7887247017567505     
          20          21   1.5595707938136545     
           8          22   1.0051019581323390     
          21          22   1.2295819254227638     
           7          23  0.35696233721550441     
          22          23   1.3909012580864053     
           6          24   1.1871096821545515     
           7          24  0.10279283611610884     
          23          24   1.6699449670896480     
