           1           2   1.5405371272394783     
           2           3   1.0191550531416169     
           1           4  0.12014453693882775     
           3           4   1.4536110777514100     
           4           5   1.3868519579958525     
           5           6   1.1681785575304671     
           6           7   1.6426811761011444     
           7           8   1.5576136360321504     
           8           9   1.1043952552962342     
           9          10   2.7755528431785557     
           8          11  0.98688214179597689     
           7          12  0.16468090367797361     
          11          12   1.6487930758968841     
          12          13   1.1221190149283731     
          13          14   1.2937759274593041     
          14          15   1.6459360578354791     
          15          16   1.3556639659140290     
          16          17   1.1085401461351980     
          15          18  0.21957546676008810     
          17          18   1.2442500873756508     
          18          19   1.6084517482676541     
          16          20   1.1329290371411482     
          19          20   1.1171053356886029     
          18          21  0.12451203182717659     
          20          21   1.1465006145684427     
          21          22   1.1244711582048874     
          22          23   1.2840005103230543     
          23          24   1.5901991527911927     
          23          25  0.18169879464629335     
          24          25   1.5781057048054292     
          23          26  0.23677848631673493     
          25          26   1.6115501639070886     
          22          27   1.2828506730173690     
          24          27  0.22722807149793381     
          25          27  0.19998870130083168     
          26          27   1.5930992072959278     
          13          28   1.3261174130635422     
          14          28  0.30229073543031831     
          15          28  0.21007076489811174     
          17          28   1.3615732945773049     
           5          29   1.1378313472925285     
          11          29   1.0529153130133631     
           1          30  0.12359110163009143     
           4          30  0.40380533121022333     
          29          30   1.4836569675215108     
           3          31   1.1130730567344813     
          30          31   1.4159758780585339     
          31          32   1.1728791553250988     
          32          33   1.4929304720647942     
          32          34  0.18523418949898579     
          33          34   1.3890004234699060     
          33          35  0.96728687292148929     
          34          35  0.12767852015202572     
          35          36   2.2296070571398632     
          35          37  0.15503376863198950     
          36          37   1.3713995608792946     
          37          38   1.0348012611797397     
          38          39   1.2995875655492550     
          37          40  0.40968081219689040     
          38          40   1.2989974291072865     
          39          40  0.44602080071529648     
