   -0.09981272
    0.10104272
   -0.11702119
    0.16146910
   -0.08370271
    0.11935511
   -0.11292711
    0.06163452
    0.03262720
    0.12257528
   -0.18277642
    0.12991416
   -0.15571965
    0.14119581
   -0.02337748
   -0.07339337
    0.17628630
   -0.14892765
    0.02469233
    0.04607715
   -0.00039460
    0.00518570
   -0.02673212
    0.14434665
    0.08945157
   -0.07324169
   -0.10112138
    0.02335066
   -0.06331674
    0.10067358
   -0.15292771
    0.29659287
   -0.36919713
   -0.02033526
    0.03996539
   -0.03055244
    0.18292896
   -0.09397339
   -0.06991435
