           1           2   2.1798950531357209     
           1           3  0.10689090700839032     
           2           3   1.1156673108466424     
           3           4   1.0936184330592509     
           4           5   1.4613053516202064     
           5           6   1.3951675833027912     
           6           7   1.2396981957508917     
           7           8   1.6686042143519015     
           8           9   1.3723971096000260     
           9          10   1.0826325834338071     
          10          11   2.8135124947203312     
           9          12   1.2368954148075257     
           8          13  0.17703205594826768     
          12          13   1.2335282006759813     
          13          14   1.2852478851279285     
          14          15   1.2034616857487075     
          15          16   1.8478552215082267     
          16          17   1.3043174651942921     
          17          18   1.0712120311641873     
          18          19   1.0967437915508242     
          19          20   1.1861724220019036     
          20          21   1.4105822350314949     
          21          22   1.4109730984939870     
          19          23  0.10518304729509603     
          21          23  0.46905465044325478     
          22          23   1.6472444092885559     
          20          24   1.1092262394071100     
          21          24  0.13077364786197174     
          23          24   1.1784501284349165     
          17          25   1.1843821008623678     
          25          26   1.0067738161940074     
          14          27   1.2496980400205930     
          15          27  0.25227148310490061     
          16          27  0.17517171659308406     
          25          27   1.5025996180215706     
           6          28   1.0653604713624967     
          12          28   1.1913066006599540     
           5          29  0.50614303479734557     
          28          29   1.4301575128791830     
           4          30   1.0839408547468823     
          29          30   1.4413215039463432     
          30          31   1.1769892517104461     
          31          32   1.4970773210686117     
          31          33  0.19444068819646015     
          32          33   1.3891748597999263     
          32          34  0.96396805166010879     
          33          34  0.12637014422154186     
          34          35   2.2297121259699200     
          34          36  0.15364582370884017     
          35          36   1.3698564934364348     
          36          37   1.0343916989916235     
          36          38  0.41616976483962725     
          37          38   1.3030835492202628     
          37          39   1.2957645509416782     
          38          39  0.44389778479242153     
