   -0.08795215
    0.07482533
   -0.02606571
    0.17062852
   -0.08749429
   -0.06505218
    0.32661450
   -0.32714337
   -0.24217651
    0.11986701
   -0.05030607
    0.02278117
    0.13128517
   -0.13713748
    0.14500156
   -0.06562829
   -0.07207490
    0.17776090
   -0.12344691
    0.05553725
    0.07533907
   -0.02156263
   -0.00652337
    0.03796058
   -0.00783844
   -0.03304389
    0.09161001
   -0.05660733
   -0.06252513
    0.03370873
    0.12256480
   -0.18059485
    0.06540073
   -0.10964280
    0.12049289
   -0.08751437
    0.16444334
   -0.09309530
    0.10188418
   -0.09427976
