           1           2   1.8622682924603140     
           1           3  0.26559704476106311     
           2           3   1.1243500496517913     
           3           4   1.0697864677966107     
           1           5  0.10456401426042884     
           3           5  0.39602043147311483     
           4           5   1.2937963922737354     
           4           6   1.2747135874453255     
           5           6  0.45869983182175406     
           2           7  0.85348157546849746     
           1           8  0.16309266134300990     
           7           8   1.6968604555161513     
           7           9   1.2192213470317936     
           8           9  0.10060610499714591     
           9          10   1.2709102859539680     
          10          11   1.3939068664742704     
          11          12   1.4448261633826576     
          12          13   1.1870552387897015     
          13          14   1.2395021666832793     
          14          15   1.2984208710610745     
          15          16   1.1805657397812650     
          16          17   1.8133853635727890     
          17          18   1.2903798455944380     
          18          19   1.0904597009724895     
          19          20   1.1154392924494130     
          20          21   1.2167019735525859     
          21          22   1.2470501492951462     
          22          23   1.6218408167753076     
          22          24  0.19858661177677273     
          23          24   1.6013357405476056     
          22          25  0.23342564082081291     
          24          25   1.5803697466859505     
          21          26   1.2462726501202797     
          23          26  0.26140827040529241     
          24          26  0.19159676036080581     
          25          26   1.6038909385115383     
          18          27   1.1752006438983791     
          27          28   1.0135176334868021     
          15          29   1.2529947852549501     
          16          29  0.31372221013717921     
          17          29  0.16389198373253330     
          27          29   1.5156158364152450     
          13          30   1.2360736221488935     
          30          31   1.0812357191639868     
          31          32   2.8144569263892785     
          14          33  0.17896212938167411     
          30          33   1.3730860937847769     
          33          34   1.6735238721857253     
          12          35   1.0601009861730006     
          34          35   1.2405336219242480     
          11          36  0.52678962183158884     
          35          36   1.3967090134409825     
          10          37   1.0597400093609630     
          36          37   1.4639859220223015     
          37          38   1.1069759275957554     
          38          39   1.1271438098844797     
          38          40  0.11415419609459135     
          39          40   2.1682076656298599     
