   -0.12183443
    0.14594946
    0.04202339
    0.04305825
    0.08455168
   -0.04439574
    0.18434465
   -0.27305050
    0.25617406
   -0.21969556
   -0.03140405
   -0.00556036
    0.32202999
   -0.33161871
   -0.17976516
    0.15300861
   -0.01608093
    0.03328194
    0.04271043
   -0.04929062
    0.12598390
   -0.16857212
    0.32001344
   -0.33800414
    0.03899754
    0.14255256
   -0.13942097
    0.04737771
    0.09042782
    0.00055613
   -0.01543623
    0.22979378
   -0.26897150
    0.22310549
   -0.25467328
   -0.06816653
