           1           2   1.6492568650284132     
           2           3   1.0207242577407438     
           3           4   2.5252277070068434     
           4           5   1.2590559604316665     
           5           6   1.0963744992222344     
           6           7   1.1468023496857440     
           5           8  0.21118948078323521     
           7           8   1.5730278578487971     
           5           9  0.10648398929990731     
           7           9  0.16484927213052944     
           8           9   1.1707561798643109     
           7          10  0.19232924388749650     
           9          10   1.2459430404033274     
           5          11  0.33514834387334536     
           6          11   1.1640356271256971     
          10          11   1.5286703157126069     
           1          12  0.11550313135680423     
           2          12   1.1898127938642902     
          12          13   1.2597721560132995     
          13          14   1.2078801447772245     
          12          15  0.11112261086620641     
          14          15   1.7655780662742828     
          15          16   1.2694857078255311     
          16          17   1.2314904322319138     
          14          18  0.15309816280000965     
          17          18   1.5914568183107758     
          18          19   1.5884706323754849     
          19          20   1.2173336876377745     
          18          21  0.14867017957473358     
          20          21   1.3411745578728822     
          21          22   1.1867835047311810     
          22          23   1.2790189434195829     
          23          24   1.6290683840587425     
          23          25  0.39682301472444081     
          24          25   1.6208272344356371     
          25          26   1.3591122892109941     
          26          27  0.99224080115285462     
          22          28   1.3111397020394648     
          23          28  0.15724407226669163     
          24          28  0.39764752830271061     
          25          28  0.14635159800360420     
          26          28   1.4281597384734994     
          16          29   1.1319662866123008     
          20          29   1.1641486959675751     
          13          30   1.2826045633056231     
          14          30  0.20975013447171484     
          15          30  0.15547735151313133     
          29          30   1.3945776505369614     
