   -0.10175465
    0.09647797
   -0.09690306
    0.16452344
   -0.08770522
    0.12068087
   -0.11045915
    0.07054223
    0.03292272
    0.12300526
   -0.18271165
    0.13347185
   -0.15259753
    0.15047391
   -0.02926307
   -0.04297962
    0.11530012
   -0.08156463
    0.03612867
    0.08026807
   -0.03309384
   -0.00918776
    0.03455801
   -0.00655711
   -0.02775201
    0.10270237
   -0.06390809
   -0.11128749
    0.02161192
   -0.04722706
    0.11481611
   -0.22296756
    0.32297900
   -0.34002130
   -0.00506953
    0.02771893
   -0.00569063
    0.19118142
   -0.08815348
   -0.09250844
