           1           2   2.1773375886471174     
           1           3  0.11269916616105274     
           2           3   1.1216591092637809     
           3           4   1.1076230121940907     
           4           5   1.4704284216741037     
           5           6   1.3929006954469769     
           6           7   1.2366387569940929     
           7           8   1.6820864378923852     
           8           9   1.3892141172800510     
           9          10   1.0814503963438891     
          10          11   2.8134601947174924     
           9          12   1.2172805143587004     
           8          13  0.21378763695352429     
          12          13   1.2555045913253990     
          13          14   1.2796327045929974     
          14          15   1.2080145255017729     
          15          16   1.8437169111877083     
          16          17   1.2501316100191338     
          17          18   1.2657137281375135     
          18          19   1.6871404694945782     
          19          20   1.1344002075682893     
          20          21   1.2774073161063626     
          21          22   1.5656737372465972     
          21          23  0.18134306150508261     
          22          23   1.6055443065358947     
          21          24  0.25048964161432979     
          23          24   1.6205952770362440     
          20          25   1.2844445503418196     
          21          25  0.10605839803494188     
          22          25  0.24395265930088147     
          23          25  0.18651025046210579     
          24          25   1.5671157056338159     
          17          26   1.1515119669783564     
          26          27   1.0150369036905438     
          14          28   1.2453786855913431     
          15          28  0.29821625021235004     
          16          28  0.15475563819762353     
          26          28   1.5146499853592710     
           6          29   1.0629709721541010     
          12          29   1.1850670384341278     
           5          30  0.52935331979452249     
          29          30   1.4477487233600224     
           4          31   1.0561796120816584     
          30          31   1.3913324068266375     
          31          32   1.2844667519854225     
          32          33   1.2000078270454679     
          32          34  0.10978313249171007     
          33          34   1.6485456453205767     
          33          35  0.98022832693807449     
          35          36   2.2632523208677968     
          36          37   1.3596163697636316     
          37          38  0.96043632835104553     
          35          39  0.13971076237385471     
          37          39  0.45520808478831865     
          38          39   1.3572550669348205     
          35          40  0.15220538472126949     
          37          40  0.45791416590086975     
          38          40   1.3514943949820124     
          39          40  0.50566460834463300     
