   -0.09015790
    0.09270969
   -0.11518587
    0.16747388
   -0.07251780
    0.12151869
   -0.10735004
    0.07125301
    0.03676351
    0.12466662
   -0.17247602
    0.13026914
   -0.15057885
    0.13906158
   -0.02559588
   -0.06187180
    0.16896805
   -0.13364027
    0.04687215
    0.06923622
    0.02430915
   -0.01670719
    0.01502246
    0.06484662
    0.13573695
   -0.16172047
   -0.05678087
    0.08901992
   -0.06937025
   -0.10201788
    0.02345945
   -0.05876746
    0.12207649
   -0.17899154
    0.29378875
   -0.41947684
    0.01795345
    0.03516703
   -0.01952353
    0.17222230
   -0.08913376
   -0.06053089
