           1           2   1.9536628213595875     
           2           3   1.1287294824870908     
           3           4   1.0876922640983118     
           4           5   1.4696633341227510     
           5           6   1.3861154031736653     
           6           7   1.2422158518287922     
           7           8   1.6695307616014623     
           8           9   1.3924685722484822     
           9          10   1.0798762708392651     
          10          11   2.8161147172806213     
           9          12   1.2224185683092186     
           8          13  0.18734698202075775     
          12          13   1.2614825440005522     
          13          14   1.2547754612825313     
          14          15   1.2250720197809781     
          15          16   1.7628123824462436     
          16          17   1.3263459274245839     
          17          18   1.0547957173250520     
          18          19   1.1895622794959089     
          19          20   1.1009657954836307     
          20          21   1.3169892924641484     
          21          22   1.6617212802316994     
          19          23  0.10369277637384604     
          21          23  0.36322988511813864     
          22          23   1.6008114851369402     
          21          24  0.10612868511499607     
          23          24   1.3356213687793181     
          24          25   1.0553878228730786     
          25          26   2.8208181927870970     
          20          27   1.3455083052797387     
          21          27  0.15948016152499281     
          22          27  0.42399492395145688     
          23          27  0.14619526215238818     
          24          27   1.3829977671215707     
          17          28   1.1997628569568217     
          28          29   1.0067426003023432     
          14          30   1.2543292587162116     
          15          30  0.30156251588797339     
          16          30  0.17481646297601472     
          28          30   1.4853354891513915     
           6          31   1.0656991356853120     
          12          31   1.1816351639646836     
           5          32  0.40291487789780556     
          31          32   1.4297273266355881     
           4          33   1.0878780336553149     
          32          33   1.4263037545849859     
          33          34   1.1861146460392846     
          34          35   1.4423033744462923     
          34          36  0.19621134398030060     
          35          36   1.3795885725549937     
          35          37   1.0186695543630770     
          37          38   2.3841554184885925     
          38          39   1.2322572909076503     
          39          40   1.0683208400807787     
          39          41  0.50848154504277476     
          40          41   1.2938255928512790     
          39          42  0.16762569607770991     
          40          42   1.2650129672989878     
          41          42  0.51233723568481482     
