   -0.30284438
    0.30707423
   -0.01089841
    0.01941767
    0.17190603
   -0.02633705
   -0.02885753
    0.16930070
    0.05860399
   -0.01478925
   -0.03443599
    0.13594766
   -0.14072704
    0.15204709
   -0.16542744
    0.19469664
   -0.15931353
    0.14547405
   -0.03218815
   -0.08282919
    0.17451544
   -0.13587080
    0.04734486
    0.07349965
    0.02657044
   -0.02308561
    0.00622295
    0.20735250
   -0.15656997
   -0.07312303
    0.08687122
   -0.07706855
   -0.08593686
    0.01159055
   -0.06511665
   -0.18198564
    0.02988045
   -0.22091103
