           1           2   1.6780843739364752     
           2           3   1.0371713133693032     
           1           4  0.10326897871010488     
           3           4   2.4101237439606136     
           4           5   1.2047659887168305     
           5           6   1.3747618335968921     
           6           7   2.1202175707598077     
           7           8   1.4160197481760082     
           8           9   1.0910932248005083     
           9          10   1.2667240105366917     
          10          11   1.7522854286540070     
          11          12   1.3021509841457886     
          12          13   1.2093519073894363     
          10          14  0.14633198733452235     
          13          14   1.6205571345523193     
          14          15   1.5857852587615471     
          15          16   1.2368467008566704     
          14          17  0.12649159288925538     
          16          17   1.2945339796042414     
          17          18   1.2699662985779090     
          18          19   1.2059376224749088     
          19          20   1.8508768391819188     
          20          21   1.2968942388052793     
          21          22   1.0717454183142661     
          22          23   1.1298051532015365     
          23          24   1.1306295040102254     
          24          25   1.2938233806066968     
          25          26   1.6738173928768632     
          23          27  0.10536386352098603     
          25          27  0.36627481513028853     
          26          27   1.5860030440540789     
          27          28   1.3445478894758245     
          28          29  0.99965779656997644     
          24          30   1.3408259556485533     
          25          30  0.17649505699895460     
          26          30  0.43068553608116350     
          27          30  0.13410311200137395     
          28          30   1.3922315575105917     
          21          31   1.1800160285372723     
          31          32   1.0040434007314902     
          18          33   1.2612567722479708     
          19          33  0.26158693112578740     
          20          33  0.17578547994419078     
          23          33  0.12658529900255563     
          31          33   1.5029779967803800     
          12          34   1.1359755546022694     
          16          34   1.1838197892481932     
           9          35   1.3891046702999037     
          10          35  0.20542580179109604     
          11          35  0.23034988425466052     
          34          35   1.3552002000978767     
           5          36   1.0610698941483154     
           8          36   1.0939045483109318     
           2          37   1.1175352167103076     
          37          38   1.5767186823701091     
