           1           2   1.5543061499525948     
           2           3   1.0162453202130872     
           1           4  0.11799147310302058     
           3           4   1.6342669774778906     
           4           5   1.1302480325347106     
           5           6   1.5475992263173235     
           6           7   1.5647155363901566     
           7           8   1.0668438019859399     
           6           9  0.13138695942890435     
           8           9   2.7847322247969455     
           7          10  0.88263270394116811     
           6          11  0.14275300713712594     
          10          11   1.4112180998503321     
          10          12   1.5446924525110570     
          11          12  0.25679192087365343     
           4          13  0.39365595992346825     
           5          13   1.1186274113631824     
          13          14   1.6371524074252106     
          14          15   1.1581274356027353     
          15          16   1.2383272361261670     
          15          17  0.27718573058169138     
          16          17   1.3699877112695891     
          17          18   1.1332610068110662     
          18          19   1.2793775322710508     
          17          20  0.10651054131382209     
          19          20   1.5671525067537468     
          20          21   1.3452740760921005     
          21          22   1.0104640867544299     
          17          23  0.10164503160446170     
          19          23  0.20881356253324559     
          21          23   1.3422283760315239     
          18          24   1.2709700388122946     
          19          24  0.20128992713918301     
          20          24  0.23928339312910152     
          23          24   1.5749672891111737     
           3          25  0.95586879901020194     
          14          25  0.94937190390662562     
           4          26  0.12191911933056951     
          13          26  0.14405991534255982     
          25          26   1.7848478226922693     
