           1           2   1.8446494635812343     
           2           3  0.97638399041177648     
           3           4   1.1970671415589538     
           4           5   1.9394575945082175     
           5           6  0.86307047362801181     
           4           7  0.14938878165536010     
           5           7  0.10548204501335985     
           6           7   1.6691362646994443     
           6           8   1.3454009470638735     
           7           8  0.21701914744479400     
           3           9   1.4054000553468842     
           1          10  0.15090839878107676     
           9          10   1.4831089611790225     
           2          11  0.97324323765322840     
          10          11   1.2175431882916234     
           9          12  0.19989314321585838     
          11          12   1.4811289732970847     
          12          13   1.5533926582004944     
          13          14  0.80246965135909176     
          14          15   1.7502685403137286     
          14          16   1.2255426547146722     
          15          16  0.12361813672400671     
          16          17   1.2419196627454332     
          17          18   1.3615463597278867     
          18          19   1.4190224998593481     
          19          20  0.99962777093444344     
          20          21   1.4115681534814910     
          21          22   1.6517806703075346     
          20          23  0.13038922003328782     
          21          23  0.14987844287140101     
          22          23   1.7645999020127479     
          21          24  0.36373034691461031     
          22          24  0.14696291164023562     
          23          24   1.6500621836404821     
          20          25   1.2241887925077928     
          22          25  0.10085407923648831     
          24          25   1.3450781446076703     
          25          26   1.0230342866524846     
          24          27  0.13914635266238135     
          26          27   1.5374945036921623     
          18          28  0.23634169246992634     
          19          28   1.2906704624256367     
          16          29  0.10299006251853124     
          18          29  0.23316706948236229     
          28          29   1.5999753111459909     
          13          30   1.0516350988123748     
          17          30   1.1013134980624371     
          29          30   1.4588058195623563     
