           1           2   1.4712866217132354     
           2           3  0.97419948500317111     
           3           4   1.2952901014139551     
           4           5   1.0142428055900232     
           4           6   1.4349359122865428     
           6           7   1.3134786528379319     
           7           8   1.1545721744649546     
           8           9   1.9308179946403787     
           9          10  0.81548279154672276     
           8          11  0.25392977594644500     
          10          11   1.5035336836245823     
           8          12  0.18754034797087762     
          10          12   1.4848215835165968     
          11          12  0.21849447805397196     
          12          13   1.1055623454083421     
          13          14   1.4060494844783049     
          14          15   1.6786723412472579     
          13          16  0.11660008720604748     
          14          16  0.13823572978109286     
          15          16   1.8458619788401827     
          14          17  0.35894247488517012     
          15          17  0.10865794960379760     
          16          17   1.6332279073439970     
           9          18   1.0346771622130069     
          13          18   1.1642350800942645     
          15          18  0.11869116578879133     
          17          18   1.4421020456829285     
           6          19  0.42907510880276867     
           7          19   1.3110182058786111     
           3          20   1.2936123302909182     
          19          20   1.4229912781051581     
          20          21  0.85562242712404635     
          21          22   1.0432125358149313     
          21          23  0.98524321739599863     
          22          23  0.58129799694923734     
           1          24  0.11087118314150153     
          21          24   1.0333692347104479     
          22          24  0.56403046710028437     
          23          24  0.56945063803931817     
