   -0.13572424
    0.14189031
    0.03887474
    0.03782333
    0.08810724
   -0.01019027
   -0.01407578
    0.22675477
   -0.27102747
    0.21963216
   -0.26419526
   -0.06390295
    0.32317720
   -0.34200290
   -0.12979498
    0.09432831
    0.00039735
    0.05289842
    0.01778671
    0.01543672
   -0.00197418
    0.02910486
    0.03381617
    0.03081559
    0.08044238
   -0.15420529
    0.32201274
   -0.30839913
    0.02377091
    0.13913882
   -0.13304449
    0.03984910
    0.08192487
   -0.01854272
   -0.04218240
    0.24922005
   -0.24916797
    0.20203671
   -0.28904273
   -0.06176667
