           1           2   2.7954135758701524     
           2           3   1.0471898561876938     
           1           4  0.15444198911922935     
           3           4   1.7810990434337723     
           4           5   1.1937275592801582     
           4           6  0.13519240187959475     
           5           6   1.1398081495284622     
           4           7  0.25655428958685933     
           6           7   1.7292961918669860     
           7           8   1.2265629856459859     
           6           9  0.19351562523563759     
           8           9   1.5959796216714774     
           8          10  0.96886065082678263     
           7          11  0.10188601232049825     
           9          11  0.15263073642420941     
          10          11   1.5735692391096525     
           5          12   1.4178891069752326     
           6          12  0.37047585413152445     
           7          12  0.28046260441069931     
          10          12   1.2599358062269663     
           3          13  0.92350086119386621     
          13          14   1.7005635559650947     
          13          15   1.1711664687523533     
          14          15  0.12200956995695277     
          15          16   1.6369687505820800     
          15          17  0.12520232014399651     
          16          17   1.5769644443472937     
          15          18  0.12805660329382221     
          17          18   1.5598810881534471     
          17          19  0.11763881282270726     
          18          19   1.5649874337873659     
          19          20   1.6293877211359142     
          19          21  0.10493250108618293     
          20          21   1.6205376585416305     
          21          22   1.4751589652963411     
          21          23  0.11435554541536605     
          22          23   1.6070985471365598     
          22          24  0.12091994642875069     
          23          24   1.5530942908538683     
          22          25  0.10352790940597952     
          23          25  0.11333126591007263     
          24          25   1.5192753221657844     
          24          26  0.13116889544513552     
          25          26   1.6053560209032982     
          26          27   1.1354095780403077     
          27          28   1.7366262780631645     
          27          29  0.92259617445745179     
          29          30   1.0616730112975521     
          30          31   2.7978031944422135     
          28          32  0.10259757402930129     
          29          32   1.5828986651675625     
          31          32  0.13190667452974777     
          32          33   1.5881545760626725     
          33          34   1.0237381937902312     
          34          35   1.9438230320864891     
          35          36   1.0677673029287709     
          34          37  0.13584348298921059     
          36          37   1.8141956017656922     
          36          38  0.85707286863913912     
          38          39   1.4769705808901097     
          33          40   1.1628543694666191     
          34          40  0.18198241641937271     
          35          40  0.15487641386646733     
          38          40   1.4106222331461171     
