           1           2   1.4048049861061283     
           1           3  0.37543413369915035     
           2           3   1.1046891755628567     
           3           4   1.3342406089610750     
           1           5  0.10409018621944523     
           3           5  0.13976555422913470     
           4           5   2.2810545320482034     
           5           6  0.96852594614649068     
           5           7  0.11988931589207621     
           6           7   1.3931597941987020     
           6           8   1.4898471374523632     
           7           8  0.19464648010844687     
           8           9   1.1804518108354336     
           9          10   1.2350208892814796     
          10          11   1.7351968772398161     
          11          12   1.2928108284483257     
          12          13   1.1669533632199138     
          10          14  0.11413136719223987     
          13          14   1.5812290184252580     
          14          15   1.7312285421764162     
          15          16   1.0893489838558583     
          14          17  0.13236249229269606     
          16          17   1.5929521183869877     
          17          18   1.0882768538400032     
          18          19   1.3229805367953313     
          19          20   1.6199617438455445     
          18          21  0.10084479484510118     
          19          21  0.38941593554233711     
          20          21   1.6352899006770485     
          19          22  0.10117099973396571     
          21          22   1.3653114047407626     
          22          23  0.99663966525183589     
          18          24   1.3556398420965150     
          19          24  0.15786298258021386     
          20          24  0.37774785438051400     
          21          24  0.15280741515614310     
          22          24   1.4141706844591833     
          12          25   1.1715906959354003     
          16          25   1.0555745743026541     
           9          26   1.3006506865652383     
          10          26  0.23985931165307220     
          11          26  0.16378729835278508     
          25          26   1.4386020997641793     
           1          27  0.34953093479698816     
           2          27   1.0279130436614641     
          27          28   1.4855645809121534     
          27          29  0.14932961391201305     
          28          29   1.8922785548351655     
