   -0.08999689
    0.08440565
   -0.12957970
    0.15495776
   -0.06504074
    0.11684528
   -0.12936626
    0.08917775
    0.01158832
    0.11927725
   -0.20268854
    0.12985310
   -0.11065968
    0.12448695
   -0.03182662
   -0.04357359
    0.06884783
    0.03888968
   -0.00522832
   -0.01969644
    0.08682061
   -0.00729061
    0.07506414
   -0.02581365
   -0.00562871
    0.03462536
   -0.00316209
   -0.03276698
   -0.07944870
    0.01081815
   -0.05588236
    0.10290951
   -0.15771453
    0.29903549
   -0.36909735
   -0.01952428
    0.04108764
   -0.03022932
    0.18408719
   -0.06835971
   -0.09020258
