           1           2   2.0831134709856838     
           1           3  0.11304736397413008     
           2           3   1.1176794867189694     
           3           4   1.0176225134266246     
           4           5   1.5223308596832823     
           5           6   1.3584584567841136     
           6           7   1.1869875376015018     
           7           8   1.6443778601991115     
           8           9   1.5647870618992257     
           9          10   1.1025923783437326     
          10          11   2.7771940794640702     
           9          12  0.97856925772484926     
           8          13  0.17640509080966826     
          12          13   1.6485610955953247     
          13          14   1.1241134044242196     
          14          15   1.3063931392609049     
          15          16   1.5980834957739913     
          16          17   1.3861570823631240     
          17          18   1.1246539565300058     
          16          19  0.20795175007743563     
          18          19   1.1690201212006177     
          15          20  0.14918029319307849     
          19          20   1.7605303723921295     
          17          21   1.0725410528004309     
          20          21   1.1660942031835184     
          19          22  0.20428937594659327     
          21          22   1.1802592558429106     
          22          23   1.1415518750088727     
          23          24   1.2797908853706690     
          24          25   1.5950607572165707     
          24          26  0.19509473004068401     
          25          26   1.6199389093027845     
          24          27  0.23062300835207009     
          26          27   1.5883543075291351     
          23          28   1.2775000618265615     
          25          28  0.23849567654090525     
          26          28  0.17518201739676814     
          27          28   1.6014821960555814     
          14          29   1.2965080946260430     
          15          29  0.30248771094074961     
          16          29  0.19751987837463986     
          18          29   1.3867511674584592     
           6          30   1.1330947578879642     
          12          30   1.0599633959274444     
           5          31  0.45360796432349559     
          30          31   1.4864946811958675     
           4          32   1.1259907083071488     
          31          32   1.3934500287755052     
          32          33   1.1778297777974180     
          33          34   1.4916231815167058     
          33          35  0.19864595976727750     
          34          35   1.3954606946488277     
          34          36  0.96200851053828007     
          35          36  0.12757134558328501     
          36          37   2.2277276518925566     
          36          38  0.15689581134256173     
          37          38   1.3722833244708554     
          38          39   1.0285204531718701     
          39          40   1.2959668095259340     
          38          41  0.40898405675569788     
          39          41   1.3085244696481004     
          40          41  0.42853567745407861     
