           1           2   1.6824144456315053     
           1           3  0.27593787450614077     
           2           3   2.0823585815695589     
           3           4  0.97828623730930053     
           1           5  0.16389403506078798     
           3           5  0.15323894464598445     
           4           5   1.6182305071789871     
           1           6  0.12764304753971462     
           4           6   1.2373720416264347     
           5           6  0.13993586277634210     
           6           7   1.2468507244111888     
           7           8   1.2256752479541511     
           6           9  0.11762716236735173     
           8           9   1.7498515586416103     
           9          10   1.3071251822556660     
          10          11   1.1438171722916077     
           8          12  0.12010514563342836     
          11          12   1.5881725067604124     
          12          13   1.7716563947252995     
          13          14   1.1033981496031500     
          14          15   1.6210972973096283     
          15          16   1.1097202019725978     
          16          17   1.3141417790079108     
          17          18   1.6278158343705589     
          17          19  0.39099551368005170     
          18          19   1.6323126657639326     
          19          20   1.3621187002839952     
          20          21  0.99387754377822535     
          16          22   1.3399956354260041     
          17          22  0.15518925884327436     
          18          22  0.38391788528299525     
          19          22  0.15638682757009262     
          20          22   1.4188361845951296     
          10          23   1.1680265918481787     
          14          23   1.0147216165998136     
           7          24   1.2610229982718939     
           8          24  0.17592036610822334     
           9          24  0.20068358816628865     
          23          24   1.4799745259062662     
