   -0.06755497
    0.07978376
   -0.03050141
    0.09581965
    0.29697650
   -0.31838558
    0.02760900
    0.01421649
   -0.04068641
    0.10413544
    0.03036153
   -0.08897633
   -0.00741108
   -0.06610049
   -0.15321492
    0.13507928
    0.01744439
    0.04605065
    0.28412655
   -0.32371672
   -0.20868660
    0.19742630
   -0.14313118
    0.17634194
   -0.15341832
    0.18444249
   -0.14586013
    0.13842345
   -0.03313480
   -0.02810721
    0.19220018
   -0.15098510
    0.08852395
   -0.06231390
   -0.07680879
   -0.00996758
