           1           2   1.8450087404178721     
           1           3  0.15903058120898564     
           2           3   1.0677388275380335     
           3           4   1.4602869506461982     
           4           5  0.97107527662372117     
           5           6   1.7656348295931996     
           5           7   1.0968650492546210     
           6           7  0.10445253218760954     
           7           8   1.0851702605364211     
           8           9   1.6502771925384128     
           9          10   1.0744061804651175     
           8          11  0.12758918204259553     
          10          11   1.1599766125634039     
           8          12  0.16920097662953754     
          10          12  0.10419590625502281     
          11          12   2.0793984122634463     
           9          13  0.15045082377274577     
          10          13   1.0988628993903049     
          11          13  0.14838022353154731     
          12          13  0.12416516589681097     
           7          14   1.1675572464139705     
           8          14  0.14440225529694917     
           9          14  0.14643207998924496     
          13          14   1.3975784500925130     
           1          15  0.17198384081642862     
           4          15   1.2486925128814312     
           1          16  0.10370424405126377     
           2          16  0.94371692362751325     
          15          16   1.2661218664172709     
          16          17   1.4995805234225197     
          17          18   1.5100789086478368     
          18          19   1.0291160219829094     
          17          20  0.11612061183544281     
          19          20   1.5765795640578379     
          17          21  0.11692546224160780     
          19          21   1.2158526192687056     
          21          22   1.3003742674623562     
          22          23   1.2348041593999823     
          23          24   1.5597246345192117     
          24          25   1.7085819206162358     
          25          26   1.1578985230480427     
          24          27  0.19131388482743872     
          26          27   1.3391748239106804     
          27          28   1.2278520136288948     
          28          29   1.2265038877452752     
          29          30   1.7039761473536399     
          30          31   1.3608233791623177     
          31          32   1.0062038034449208     
          31          33   1.2501024085268646     
          33          34   1.0083469409354475     
          28          35   1.2716341416245716     
          29          35  0.35917110598461155     
          30          35  0.15234631375249447     
          33          35   1.4631767504750026     
          18          36   1.1645973285307698     
          22          36   1.1652350914163965     
          26          36   1.2294290157585588     
