           1           2   2.7776301439338700     
           2           3   1.1063720969624686     
           3           4   1.5644881152051471     
           4           5   1.6374553875617448     
           5           6   1.1897758373326575     
           6           7   1.2804975954666831     
           4           8  0.13866132335171266     
           7           8   1.7992050088753733     
           8           9   1.2417048517824014     
           9          10   1.2022426443870717     
          10          11   1.4544501181597553     
          10          12  0.24990449138288384     
          11          12   1.4221210282068024     
          11          13  0.99703381794609569     
          13          14   2.5718523772954267     
          14          15   1.2104320951984020     
          15          16   1.2222845917496621     
          15          17  0.11322900684471848     
          16          17   1.1281944181559231     
          15          18  0.13321875565970714     
          17          18   1.6564630925752866     
          17          19  0.16028326852979094     
          18          19   1.1840687918382706     
          19          20   1.1419820979212374     
          16          21   1.0493429960877025     
          19          21  0.17706320233872822     
          20          21   1.8866757305395656     
           7          22  0.20166421431691500     
           8          22  0.19688166065744517     
           9          22   1.2749198449848782     
           6          23   1.1591437236000863     
          22          23   1.4507069312434104     
           3          24  0.97829681929004753     
          23          24   1.0722373641655554     
           4          25  0.13020331628885737     
          24          25   1.6480546672328682     
          25          26   1.1023733728577372     
          26          27   1.3157561357098022     
          27          28   1.6244202392876117     
          27          29  0.38866773436662760     
          28          29   1.6463449818211973     
          27          30  0.10134760753328030     
          29          30   1.3681288983467741     
          30          31  0.99447587811581895     
          26          32   1.3467887742740769     
          27          32  0.15898359703377402     
          28          32  0.42202444113607757     
          29          32  0.14626826554675840     
          30          32   1.4122595831155069     
