           1           2   1.9500658335224310     
           2           3   1.1343614547548495     
           3           4   1.1000069296951087     
           4           5   1.4738036754321828     
           5           6   1.3863697285332119     
           6           7   1.2418837078109064     
           7           8   1.6610522914854011     
           8           9   1.3878747762178378     
           9          10   1.0805303010133556     
          10          11   2.8151101786057291     
           9          12   1.2233875202075832     
           8          13  0.29087439730761833     
          12          13   1.2633338268645173     
          13          14   1.2095635299229279     
          14          15   1.2615590939828869     
          15          16   1.6283635651598554     
          15          17  0.40871569820711490     
          16          17   1.6199857283200361     
          17          18   1.3582337263478546     
          18          19  0.99664233434624527     
          14          20   1.2967093974343786     
          15          20  0.16830431589040418     
          16          20  0.41779981834915475     
          17          20  0.13825081326377409     
          18          20   1.4298900687851492     
           6          21   1.0640779077532401     
          12          21   1.1837538590052332     
           5          22  0.43704574726217676     
          21          22   1.4425548606187575     
           4          23   1.0623192781842750     
          22          23   1.3732194867495398     
          23          24   1.2871482589679097     
          24          25   1.1727609164387862     
          25          26   1.6729810714378437     
          25          27   1.0030717287205280     
          27          28   2.2875594493076110     
          27          29  0.17566421592835516     
          28          29   1.3416563032127609     
          29          30   1.1740198278534149     
          30          31   1.0489886505659618     
          31          32   1.6766222550541905     
          32          33   1.1255205939758615     
          33          34   1.2065121583643847     
          29          35  0.22604682111921570     
          30          35   1.0965687032225189     
          31          35  0.16009492369074768     
          34          35   1.2867777045057405     
