           1           2   2.0510473545789663     
           2           3   1.1606206156272403     
           1           4  0.13187852028283700     
           3           4   1.1413660650030280     
           1           5  0.17509188524367605     
           2           5  0.10498871454627898     
           3           5  0.15380738050977993     
           4           5   2.1623180234981021     
           1           6  0.14525645816484095     
           2           6  0.12525768651887756     
           3           6   1.1146449403696594     
           4           6  0.10714834113917465     
           5           6  0.16246703562749490     
           6           7   1.2585526885157061     
           6           8  0.10981665082735204     
           7           8   2.5311511759079623     
           8           9   1.0173449160764287     
           9          10   1.6634922223756325     
           9          11   1.1825081648948719     
          11          12   1.2822811120895068     
          12          13   1.2012892875596632     
          11          14  0.12377338080320137     
          13          14   1.7561792099090405     
          14          15   1.2788930608611528     
          15          16   1.1798007076133068     
          13          17  0.12611101801642555     
          16          17   1.5672756889418862     
          17          18   1.7282615333674558     
          18          19   1.0893570918384148     
          17          20  0.13546359240091599     
          19          20   1.5986625865594613     
          20          21   1.0872626359726441     
          21          22   1.3221219673736999     
          22          23   1.6222904640292404     
          21          24  0.10063384823275366     
          22          24  0.38989284144556519     
          23          24   1.6326924557868820     
          22          25  0.10147270341711771     
          24          25   1.3657495981589236     
          25          26  0.99507541142266065     
          21          27   1.3565674893433959     
          22          27  0.15741636438628970     
          23          27  0.39119532841022947     
          24          27  0.15458551959722891     
          25          27   1.4150220735052990     
          15          28   1.1657807079872906     
          19          28   1.0529850576493023     
          12          29   1.2497790050427298     
          13          29  0.23077834243314471     
          14          29  0.13851596832351967     
          28          29   1.4600520390914684     
