           1           2   1.3600372530488991     
           1           3  0.51592376212037228     
           2           3   1.3609743908858922     
           1           4  0.51833086026422392     
           2           4  0.94973234420557495     
           3           4  0.51945886094338201     
           4           5   1.2793921097835430     
           1           6  0.11103015459210201     
           3           6  0.11204788195116153     
           5           6   2.5066160683247012     
           6           7   1.0266564793532369     
           7           8   1.6493592247185689     
           7           9   1.1848766516240929     
           8           9  0.10560015367637747     
           9          10   1.2682831200594478     
          10          11   1.2036095662312403     
           9          12  0.12002669388335278     
          11          12   1.7690119057378251     
          12          13   1.2661121752018849     
          13          14   1.2381387224391815     
          11          15  0.15453360458415874     
          14          15   1.5843445328808401     
          15          16   1.6018865349022235     
          16          17   1.2185943799024106     
          15          18  0.14354008815539931     
          17          18   1.3402866860679172     
          18          19   1.1871557279862635     
          19          20   1.2826405307737878     
          20          21   1.6464873913920473     
          20          22  0.37733098835527346     
          21          22   1.6221831551731296     
          22          23   1.3636320323941662     
          23          24  0.99276889890561915     
          19          25   1.3061678206485836     
          20          25  0.15401532445157917     
          21          25  0.41574484675181944     
          22          25  0.15848656455536084     
          23          25   1.4201963551637711     
          13          26   1.1293061224359071     
          17          26   1.1652314588281680     
          10          27   1.2783236500020376     
          11          27  0.21112838836545114     
          12          27  0.15227823925113940     
          26          27   1.3980551654368323     
