           1           2   2.7943062554372746     
           2           3   1.0450393644451896     
           1           4  0.15631111699729622     
           3           4   1.7780279541680644     
           4           5   1.2008407392389930     
           5           6   1.5593850006749479     
           6           7   1.1057293334825324     
           7           8   1.8182413890958991     
           7           9  0.86529713168159283     
           6          10  0.11645040811266884     
           9          10   1.6191885206752952     
           4          11  0.27899634335424833     
           6          11  0.22463944811483247     
           9          11   1.0687569437314766     
           5          12   1.0159312780176810     
           6          12  0.25999395495134864     
           9          12  0.10399738039168602     
          10          12  0.19300864025917566     
          11          12   2.0080200224364750     
           3          13  0.92610830073677386     
          13          14   1.7351461595936519     
          13          15   1.1455393901560496     
          15          16   1.5835420929735666     
          15          17  0.10471008014214052     
          16          17   1.4347128874539079     
          16          18  0.15186359724645848     
          17          18   1.7741652577607221     
          18          19   1.0653311949163240     
          19          20   1.3031456999408608     
          20          21   1.5513330498354179     
          20          22  0.17924847861209428     
          21          22   1.6512343738955466     
          20          23  0.21822447053048336     
          22          23   1.6127127877980862     
          19          24   1.3113918652262857     
          20          24  0.11894925446049075     
          21          24  0.23103407759280370     
          22          24  0.16427027787332993     
          23          24   1.5592949285633682     
