           1           2   2.6115671279768713     
           2           3  0.88574982162122462     
           1           4  0.13922159714142682     
           3           4   1.6768509684285862     
           3           5   1.2286112161390936     
           4           5  0.10923156880862765     
           5           6   1.1649405464660145     
           6           7   1.2645425018357404     
           7           8   1.6716118327052651     
           8           9   1.3901723459762760     
           9          10  0.98651434878849364     
          10          11   1.5477380946817196     
          11          12   1.1334363997637760     
          12          13   1.3036730201132605     
          13          14   1.5894860757240501     
          13          15  0.34983058850707349     
          14          15   1.6751362919790334     
          15          16   1.2135602816235282     
          13          17  0.12808296399238600     
          16          17   1.3839775860180719     
          12          18   1.3357686998491654     
          13          18  0.16072900130820911     
          14          18  0.37752275388490758     
          15          18  0.17430853253306197     
          16          18   1.2575250655733534     
          17          18  0.14401474630704830     
          10          19   1.2062318003049135     
          11          19  0.12156193017217641     
          19          20   1.6524716343421555     
          20          21   1.6900400721006288     
           9          22   1.1854931866161822     
          21          22   1.0737587900253485     
           6          23   1.3324354732876809     
           7          23  0.17573698396693016     
           8          23  0.23742114705115902     
          22          23   1.3832349689688808     
