           1           2   1.5429454750146250     
           1           3  0.31302770115059658     
           2           3   1.0231903238266979     
           1           4  0.12633801447273985     
           3           4   1.6030072709268963     
           4           5   1.2640034946736454     
           4           6  0.14951238458871335     
           5           6   1.1066416584259837     
           6           7   1.2851509946285857     
           6           8  0.14858070311682672     
           7           8   2.5095662257474820     
           8           9   1.0205361494363780     
           9          10   1.6543235991999072     
           9          11   1.1880210457699825     
          10          11  0.10358198656508044     
          11          12   1.2797743534325441     
          12          13   1.2010685814791393     
          13          14   1.8256223037609769     
          14          15   1.3115274602826070     
          15          16   1.0985769362175777     
          13          17  0.10751659395401766     
          16          17   1.6847054948966125     
          17          18   1.6263247189925825     
          18          19   1.1529199779138515     
          17          20  0.11541089933414692     
          18          20  0.10523527481614239     
          19          20   1.5807781177406834     
          20          21   1.0890886978108931     
          21          22   1.3215633794895756     
          22          23   1.6219200726705436     
          21          24  0.10158184132189232     
          22          24  0.38619593737298630     
          23          24   1.6304171864447055     
          22          25  0.10129739791248017     
          24          25   1.3658304737076241     
          25          26  0.99301763501335960     
          21          27   1.3566976070336345     
          22          27  0.15712776496214856     
          23          27  0.38395578545622616     
          24          27  0.15587307012730733     
          25          27   1.4154097119680975     
          15          28   1.1863543008376500     
          19          28   1.0277531401315889     
          12          29   1.2619593185266660     
          13          29  0.17575709608017398     
          14          29  0.16009226623230863     
          28          29   1.4550122449071587     
