   -0.00125218
    0.00123972
   -0.02350636
    0.08510768
   -0.00095353
   -0.03994669
   -0.02722877
    0.03770153
   -0.02333509
    0.03558008
    0.01721220
    0.32399918
   -0.35352574
   -0.22000167
    0.15031957
   -0.01776990
   -0.02663814
    0.12753635
   -0.11606936
    0.06307979
    0.03430085
    0.12397865
   -0.18113369
    0.13338114
   -0.16929703
    0.13350365
    0.02751745
   -0.01718486
    0.01754908
    0.11302852
   -0.06805861
   -0.10840565
    0.01659930
   -0.04732743
