           1           2   2.0511758109935352     
           2           3   1.1149931287969490     
           3           4   1.0389113254843354     
           4           5   1.4966542220653378     
           5           6   1.3586426004544674     
           6           7   1.1828839170758418     
           7           8   1.6557280406098878     
           8           9   1.5803004202809630     
           9          10   1.0998655172164571     
          10          11   2.7930488070393049     
           9          12  0.98553146487377297     
           8          13  0.11785569080524039     
          12          13   1.6663037669049579     
          13          14   1.0940604467666801     
          14          15   1.2919101150501635     
          15          16   1.6961956988219775     
          16          17   1.3631768668745503     
          17          18  0.95624055252176177     
          18          19   1.1609380703003991     
          19          20   1.0262859935830129     
          19          21  0.11199048191839567     
          20          21   1.3799376226281583     
          21          22   1.3568040991004708     
          22          23   1.0059056403128073     
          19          24  0.15911558480093271     
          20          24  0.12672492408826774     
          21          24  0.21378551574753948     
          22          24   1.3857075225157711     
          24          25   1.3898515378913068     
          25          26   1.0064252908446227     
          20          27   1.3642590618464885     
          21          27  0.12988201188883272     
          24          27  0.22730640398099558     
          25          27   1.3544758718225778     
          15          28  0.10396089718695366     
          17          28   1.2563633496175144     
          28          29  0.99704943727874817     
          14          30   1.3382860958238707     
          15          30  0.24792620512181407     
          16          30  0.18492563618046684     
          28          30   1.4382193837938226     
           6          31   1.1169567109923202     
          12          31   1.0328245126216733     
           5          32  0.41974710921205294     
          31          32   1.5190011083334198     
           4          33   1.1179347459279589     
          32          33   1.3488823110983696     
          33          34   1.2156200105639463     
          34          35   1.4218074732839292     
          34          36  0.16100677709774383     
          35          36   1.3972187571644321     
          35          37   1.0099223255785503     
          37          38   2.3309000453019584     
          37          39  0.12214969303899136     
          38          39   1.2706289715918779     
          39          40   1.0784588842632015     
          39          41  0.14621566925703433     
          40          41   1.2723297187708880     
          37          42  0.16129371316541330     
          39          42  0.46512686041529644     
          40          42   1.2812855867556416     
          41          42  0.54886923914649322     
