           1           2   1.5631128984041847     
           2           3   1.0179165127427219     
           1           4  0.12518014721618698     
           3           4   1.6084876565198629     
           4           5   1.1400433206591980     
           5           6   1.5585253651649504     
           6           7   1.6026086111249216     
           7           8   1.0667695218570030     
           6           9  0.13598016217107242     
           8           9   2.7837342018077087     
           7          10  0.87773277027651475     
           6          11  0.13026883706051204     
          10          11   1.6875827516144859     
          10          12   1.2918657758473764     
          11          12  0.41259155773062534     
           4          13  0.40430793901025153     
           5          13   1.0986337605011303     
          13          14   1.6955881642177972     
          13          15  0.10854234276831898     
          14          15   1.1058392704199604     
          15          16   1.2592594547772733     
          16          17   1.0668210145495391     
          17          18   1.5483210095144231     
          18          19   1.1927265638496369     
          19          20   1.3165890473181052     
          20          21   1.7109053497682283     
          20          22  0.14469012146849100     
          21          22   1.8247723452895837     
          20          23  0.42560687285658078     
          21          23  0.12808280817532947     
          22          23   1.6833637567737265     
          19          24   1.2005216345969711     
          21          24  0.10187132209375416     
          23          24   1.3730235573032212     
          17          25   1.1530770966687538     
          18          25  0.16013649475573888     
          24          25   1.1050669328281215     
           3          26  0.96671749796469053     
          14          26  0.95056615845432224     
           4          27  0.10046685968694632     
          13          27  0.15033255834857159     
          26          27   1.7658869973584794     
