   -0.07462925
    0.07714584
   -0.02893522
    0.09450241
    0.25983031
   -0.37961860
    0.04200486
   -0.04088090
    0.04754618
   -0.12102079
    0.04519800
   -0.05343488
   -0.13570665
    0.14396287
    0.00104313
    0.02835224
    0.30656820
   -0.29252816
   -0.22576388
    0.19629240
   -0.15141083
    0.16582114
   -0.16968735
    0.19169435
   -0.15756170
    0.14808242
   -0.02031338
   -0.04580991
    0.06856883
    0.04178132
   -0.00272661
   -0.02042273
    0.08854043
   -0.00710970
    0.07353836
   -0.02371446
   -0.00441935
    0.03465522
   -0.00436486
   -0.03566626
   -0.05435031
   -0.00505274
