   -0.06220750
    0.07978760
   -0.01539509
    0.09790166
    0.30710011
   -0.34234050
   -0.13008851
    0.07892382
   -0.01161296
    0.12305089
    0.02738128
   -0.09917876
    0.01541471
   -0.10123150
   -0.14667730
    0.13556790
    0.02556158
    0.04742032
    0.28270644
   -0.32852413
   -0.21051215
    0.19791095
   -0.14350490
    0.17555701
   -0.15678732
    0.18866041
   -0.15442962
    0.11417893
   -0.00864126
   -0.03599516
    0.14125047
   -0.00508281
   -0.09182415
    0.18159333
   -0.16600704
   -0.00992677
