           1           2   1.5272729065728279     
           1           3  0.26573306997024504     
           2           3   1.1009509223840077     
           1           4  0.13038408324993850     
           3           4   1.3857700504336892     
           4           5   1.1372829280290100     
           3           6  0.10327655655720083     
           5           6   1.5092626289678999     
           3           7  0.13425232565155604     
           5           7  0.43604162390322609     
           6           7   1.4024362691747723     
           4           8  0.94566974412289972     
           7           8   1.0908134814404569     
           8           9   1.1048349236123487     
           9          10   1.4558681276213155     
           9          11  0.28193327629076581     
          10          11   2.1177659597884579     
          11          12  0.94879495281345116     
          12          13   1.6686008960299052     
          12          14   1.2113653985338868     
          13          14  0.10435801677038938     
          14          15   1.2635872337684555     
          15          16   1.2088386774459758     
          14          17  0.11706410173899993     
          16          17   1.7457240689769047     
          17          18   1.2807334167090267     
          18          19   1.1750478942347407     
          16          20  0.12212818129312482     
          19          20   1.5690282771322348     
          20          21   1.7277425292941386     
          21          22   1.0893467446954344     
          20          23  0.13487323917000713     
          22          23   1.5983974923455082     
          23          24   1.0867255809973819     
          24          25   1.3226294625765580     
          25          26   1.6219173669995905     
          24          27  0.10083615706134164     
          25          27  0.39167863238607825     
          26          27   1.6327229114339856     
          25          28  0.10140301284293841     
          27          28   1.3651633335046867     
          28          29  0.99380651119034036     
          24          30   1.3567637728829962     
          25          30  0.15675982375318950     
          26          30  0.39941448565116522     
          27          30  0.15423564490478900     
          28          30   1.4162268257010924     
          18          31   1.1685247460116990     
          22          31   1.0530621219751228     
          15          32   1.2563949357771458     
          16          32  0.22996839433040508     
          17          32  0.14364087033035816     
          31          32   1.4555907074870664     
