           1           2   1.8234979085262790     
           2           3  0.99110505185424114     
           3           4   1.1613033969301640     
           4           5   2.1344783963523000     
           5           6   1.1657565129971179     
           4           7  0.11912966124145259     
           6           7   1.3803148576904929     
           4           8  0.13072223648164105     
           6           8   1.3501515269237898     
           7           8  0.22963521278388743     
           1           9  0.12994528994472795     
           3           9   1.3988679010999794     
           1          10  0.13870637265756411     
           9          10   1.4980765688368349     
           2          11  0.93308128785840583     
          10          11   1.2267820486347132     
          11          12   1.5502064747051241     
          12          13   1.5861070445015915     
          13          14   1.0385005445693518     
          12          15  0.11121831852065063     
          14          15   1.5535380816968207     
          14          16   1.2220302764388002     
          16          17   1.2668003922947160     
          17          18   1.3333910997828700     
          18          19   1.4038199254997379     
          19          20  0.98966850443304244     
          20          21   1.3597846079241882     
          21          22   1.6389970123653692     
          20          23  0.11717070566954259     
          21          23  0.32035329669885448     
          22          23   1.6332377646694931     
          23          24   1.3037426744127294     
          24          25   1.0188665239014503     
          23          26  0.10458324031959416     
          25          26   1.5564027042542485     
          20          27   1.4046036813105558     
          21          27  0.14324959316883268     
          22          27  0.36397365609692672     
          23          27  0.15174209091758922     
          24          27   1.3484080062464618     
          26          27  0.16249480433334559     
          18          28  0.23502388287066531     
          19          28   1.3186998699211785     
          16          29  0.10911555209848900     
          18          29  0.19887193780261669     
          28          29   1.6147474749918755     
          13          30   1.1071158879480760     
          17          30   1.0835853927769179     
          29          30   1.4064144481185668     
