           1           2   2.6019393685905441     
           2           3  0.89568099138653634     
           1           4  0.14812362835460599     
           3           4   1.6990734330183137     
           3           5   1.2046946827494218     
           5           6   1.2281610122130409     
           6           7   1.2318791730720231     
           5           8  0.11959559948601703     
           7           8   1.7080417875594680     
           8           9   1.3029181880210832     
           9          10   1.1017308764001115     
          10          11   1.6857170549885621     
          11          12   1.6325176924929978     
          12          13   1.1551926672156765     
          11          14  0.12717191740476561     
          12          14  0.10924238486860484     
          13          14   1.5799738892606572     
          14          15   1.1103581585234845     
          15          16   1.2782697499620317     
          16          17   1.7497558624017457     
          17          18   1.3227924271198968     
          18          19   1.0654077748063040     
          19          20   1.1646633791835066     
          19          21  0.10197781776219716     
          20          21   1.7792024768904264     
          21          22   1.0212031348788346     
          21          23  0.29028698085368199     
          22          23   1.2791194632036946     
          20          24  0.18491173697230165     
          21          24  0.12006460341740731     
          22          24   1.3420208441841015     
          23          24  0.44754518072185623     
          18          25   1.2109558573906876     
          25          26   1.0109693598579033     
          15          27   1.3293586498290779     
          16          27  0.28844330189618728     
          17          27  0.16578734806300013     
          25          27   1.4669682914834143     
           9          28   1.1881271753174170     
          13          28   1.0253420185977649     
           6          29   1.2593073643069155     
           7          29  0.21087004882790453     
           8          29  0.16880317360134695     
          28          29   1.4562525068593919     
