           1           2   2.6290071282579643     
           2           3  0.88555936404752011     
           1           4  0.15486643700284178     
           3           4   1.6706073618947084     
           3           5   1.2345391052974839     
           4           5  0.11740179084389060     
           5           6   1.1637416692359781     
           6           7   1.2730866415929316     
           5           8  0.12216462571232133     
           7           8   1.6177124653575079     
           8           9   1.3991839249759326     
           9          10  0.97135799435820847     
          10          11   1.5827681411253418     
          11          12   1.1221434695919064     
          12          13   1.3020865080945676     
          13          14   1.6268877364731544     
          13          15  0.39183954711752711     
          14          15   1.6334400295698386     
          13          16  0.10060945980748809     
          15          16   1.3649854851324517     
          16          17  0.99649805030247307     
          12          18   1.3346701479480396     
          13          18  0.15282124363379346     
          14          18  0.39597620754273499     
          15          18  0.15234158112789459     
          16          18   1.4158197926229421     
          10          19   1.1939363921962185     
          11          19  0.14341112084690993     
          11          20  0.10060939701255639     
          19          20   1.6619931004785859     
          20          21   1.6974145722583898     
           9          22   1.1903784319437480     
          21          22   1.0680391156912328     
           6          23   1.3235020879829893     
           7          23  0.21902504382676868     
           8          23  0.22614760744082388     
          22          23   1.3925222357706402     
