           1           2   2.5544589258919004     
           2           3  0.91834722937952118     
           1           4  0.12532152757721424     
           3           4   1.7007580242450828     
           3           5   1.1694154096190290     
           5           6   1.2954471170178390     
           6           7   1.3469749058258536     
           7           8   1.3729396258312430     
           8           9   1.1541240403909081     
           9          10   1.3354692327610009     
          10          11   1.2134761714385183     
          11          12   1.2422803200663726     
          12          13   1.7638413506189985     
          13          14   1.3653239228457812     
          14          15  0.99825281726455806     
          14          16   1.2543396470355448     
          16          17   1.0035080008542829     
          11          18   1.2848829390410725     
          12          18  0.29946070307386763     
          13          18  0.14361570872372875     
          16          18   1.4451946956208961     
           9          19   1.2026366038736889     
          10          19  0.10976612023801144     
          10          20  0.21967820793184170     
          19          20   1.6101045163160310     
          20          21   1.5756762263369541     
           8          22   1.1279340845207941     
          21          22   1.2118884850522369     
           7          23  0.24006757700126150     
          22          23   1.3564159837787197     
           6          24   1.0838410398165570     
          23          24   1.4810691555754596     
          24          25   1.1444692834067867     
          25          26   2.2093835833094255     
          26          27   1.3535140440937907     
          27          28   1.6411452453144053     
          28          29   1.1057974738812670     
          28          30  0.20707028245094194     
          29          30   1.1011557630102402     
          28          31  0.12086186632088353     
          30          31   1.2853278960113408     
          31          32   1.1987734569120390     
          28          33  0.11511014494210110     
          30          33  0.10980127974633651     
          32          33   1.1362233630714074     
          29          34   1.0642706419321524     
          30          34  0.17340767038810795     
          33          34   1.5676386266614686     
