   -0.11396573
    0.14375788
    0.03720511
    0.02061189
    0.09107752
   -0.00159517
   -0.01808037
    0.23093712
   -0.26461057
    0.22234737
   -0.24905156
   -0.06957473
    0.31995936
   -0.29997283
   -0.13055575
    0.07821521
    0.00878390
    0.03315979
    0.02704864
    0.00364366
    0.03343123
    0.02526306
    0.03173425
   -0.07796300
    0.29627579
   -0.35948972
    0.04911026
    0.13979644
   -0.13329449
    0.01539140
    0.09002825
   -0.00202039
   -0.01037750
    0.22683115
   -0.26360293
    0.21681357
   -0.26974154
   -0.07752660
