           1           2   1.6898243445099959     
           2           3   1.0076306175327454     
           3           4   2.5403483637639757     
           4           5  0.98915031554449895     
           5           6   1.6813875085119683     
           5           7   1.1794010799804477     
           7           8   1.2934245496915286     
           8           9   1.2944127252183013     
           9          10   1.4943915064881070     
          10          11   1.0257337251457044     
          11          12   1.6319421533661800     
          12          13   1.0912269997265436     
          13          14   1.2990595891788863     
          14          15   1.6848815798439380     
          15          16   1.3780231521577568     
          16          17  0.99232573686195147     
          14          18  0.11069001277593732     
          16          18   1.2738193856380746     
          18          19   1.0034307915485183     
          13          20   1.3398922683167807     
          14          20  0.35675109596104748     
          15          20  0.14346883020960702     
          18          20   1.4295195848433986     
          11          21   1.0831194619461577     
          12          22  0.19442526400777921     
          21          22   1.7539760174493961     
          22          23   1.5298569174240406     
          10          24   1.1620248158742548     
          23          24   1.1998154294901793     
           9          25  0.40991441273240969     
          24          25   1.2891549089035181     
           8          26   1.1778201082192210     
           9          26  0.10463492716416550     
          25          26   1.7435915873812646     
           1          27  0.11937471270252843     
           2          27   1.1351567277982548     
          27          28   1.5885341217637023     
          27          29  0.15351251990057854     
          28          29   1.6523672516657830     
          27          30  0.10362752871618254     
          29          30   1.4327628327595592     
          30          31   1.3041371828136115     
          30          32  0.18466967743514240     
          31          32   1.0434095115558815     
          32          33   1.5353472536376318     
          33          34   1.1284754666029120     
          30          35  0.17873070366521387     
          34          35   1.1541221542342905     
          30          36  0.11863363312492996     
          31          36   1.0811706288811342     
          32          36  0.19184399264550483     
          35          36   1.4100369750718811     
