           1           2   1.5161035293665643     
           1           3  0.28530755561735466     
           2           3   1.0384708636622149     
           3           4   1.2816505083005350     
           4           5   1.1129581185158957     
           3           6  0.12137208828335902     
           5           6   2.6293503548521815     
           6           7   1.0164572191583461     
           7           8   1.4242843773426661     
           7           9   1.4464086917332575     
           8           9  0.20645354097521279     
           9          10   1.1747341215138307     
          10          11   1.2460042799667668     
          11          12   1.7443180649185956     
          12          13   1.2938518059001991     
          13          14   1.2431287689235000     
          11          15  0.13976092323936692     
          14          15   1.6580975596289524     
          15          16   1.4034418938031881     
          16          17   1.0842758389129357     
          17          18   2.8114489456800542     
          16          19   1.2010645336780255     
          15          20  0.17192693614646973     
          19          20   1.2754949813580716     
          20          21   1.2131029648054268     
          21          22   1.2583959474053155     
          22          23   1.6293806551677865     
          22          24  0.40690352479199171     
          23          24   1.6209150200305629     
          24          25   1.3580559668474912     
          25          26  0.99671323432941816     
          21          27   1.3029842751902672     
          22          27  0.16785216381415663     
          23          27  0.41574054832762741     
          24          27  0.13807187783023334     
          25          27   1.4286458639769104     
          13          28   1.1145158439572094     
          19          28   1.2044388063266667     
          10          29   1.3293909609044328     
          11          29  0.24963912385775386     
          12          29  0.20302298952243283     
          28          29   1.3680960278414256     
