           1           2   2.6167322744290566     
           2           3  0.88387853258284454     
           1           4  0.13850234213311785     
           3           4   1.6802747745918620     
           1           5  0.12363042792272949     
           3           5   1.2302399343212731     
           4           5  0.11457992680837170     
           5           6   1.1708472569397002     
           6           7   1.2408338738477163     
           7           8   1.7380892938464645     
           8           9   1.3105499629011121     
           9          10   1.1693869604360250     
          10          11   1.3310769800221973     
          11          12   1.1885579069432990     
          12          13   1.2708805223093647     
          13          14   1.6259769889870399     
          13          15  0.39833245700827380     
          14          15   1.6191411953917285     
          15          16   1.3497666313005816     
          16          17   1.0002439878575391     
          12          18   1.3144079920899456     
          13          18  0.16216532072923376     
          14          18  0.37592050336856581     
          15          18  0.14571059679528264     
          16          18   1.4180489022110321     
          10          19   1.2084941794052289     
          11          19  0.10662118568091215     
          11          20  0.20531275694108359     
          19          20   1.5918879452556238     
          20          21   1.6199028997628258     
           9          22   1.1358421329707460     
          21          22   1.1981007201715956     
           6          23   1.3444073818176223     
           7          23  0.17752404960025600     
           8          23  0.22705639221190155     
          22          23   1.3454059351149279     
