           1           2   1.6286380454898421     
           2           3  0.97825007736588165     
           3           4   1.3812397467194693     
           1           5  0.14809647424963229     
           2           5   1.2198521100105637     
           5           6   1.2121488713391615     
           6           7   1.2364351783480485     
           5           8  0.10812611271005783     
           7           8   1.7031520663496567     
           8           9   1.3248594860376894     
           9          10   1.0836446540310611     
          10          11   1.7018584804619690     
          11          12   1.6162790118255517     
          12          13   1.1682769622007831     
          11          14  0.11798564997429103     
          12          14  0.11475120798121416     
          13          14   1.5595798121680835     
          14          15   1.1264330264770237     
          15          16   1.4310996089509602     
          16          17   1.4918710892147080     
          17          18   1.0077802154739519     
          17          19   1.2245441424177952     
          19          20   1.0165692837384708     
          16          21  0.57675193006393566     
          19          21   1.4575398790046787     
          15          22   1.1604021097877244     
          21          22   1.4949952836701919     
          22          23  0.99696019015393578     
           9          24   1.1940364060078463     
          13          24   1.0268496446757347     
           6          25   1.2918215681642664     
           7          25  0.19516288317680797     
           8          25  0.16022049225587667     
          24          25   1.4456194166015439     
