           1           2   1.6953177399740931     
           2           3   1.0149816700453476     
           3           4   2.5312578454678318     
           4           5   1.2562409210299146     
           5           6   1.1045496522155527     
           5           7  0.17243606254164745     
           6           7   1.1189471610365742     
           5           8  0.18897346114717828     
           6           8  0.10223249235607511     
           7           8   1.3503289711053166     
           8           9   1.1491078265920187     
           5          10  0.17326443155309182     
           7          10  0.12172425145299755     
           9          10   1.1664823363402408     
           6          11   1.0720635066315998     
           7          11  0.15274374071624117     
          10          11   1.4432293407459766     
           1          12  0.12168089869173518     
           2          12   1.1564427872359853     
          12          13   1.4978542520542635     
          13          14   1.0851319403976203     
          14          15   1.6797526682567512     
          15          16   1.0039315205465669     
          16          17   1.4097579071094108     
          17          18   1.1923549885057152     
          18          19   1.2427468284949055     
          19          20   1.7266445837195321     
          20          21   1.3663511574073057     
          21          22  0.99686221722019064     
          19          23  0.10055844718668921     
          21          23   1.2595710153133350     
          23          24   1.0053238760030319     
          18          25   1.2964201586705408     
          19          25  0.34362051306855274     
          20          25  0.13292900112165182     
          23          25   1.4527442340564432     
          16          26   1.3135827897609353     
          17          27  0.21283984013437640     
          26          27   1.5180328657829194     
          27          28   1.6966562831260907     
          15          29   1.0301046813368830     
          28          29   1.1919869929330253     
          14          30  0.39532831772544663     
          29          30   1.3749880441556539     
          13          31   1.1804263637529286     
          14          31  0.11084005594528708     
          30          31   1.6716358845435690     
