   -0.09445850
    0.08705811
   -0.13294049
    0.15976702
   -0.07798502
    0.11987531
   -0.11227818
    0.06671646
    0.03532934
    0.12328489
   -0.17556526
    0.13181094
   -0.14948335
    0.13535753
   -0.01967524
   -0.04779308
    0.16279928
   -0.14151642
    0.07527444
    0.07887181
   -0.02854889
   -0.02983187
    0.21265348
   -0.14950179
   -0.02931329
   -0.01935219
    0.08913277
   -0.07656837
   -0.09977405
    0.02146494
   -0.05220100
    0.09847453
   -0.14400243
    0.29560459
   -0.36834878
   -0.01107849
    0.06168733
   -0.01705167
    0.17459731
   -0.06002922
   -0.09246249
