           1           2   2.0155231527576403     
           2           3   1.1173536968312443     
           3           4   1.0773764786131872     
           4           5   1.4727050794409360     
           5           6   1.3832371991852574     
           6           7   1.2436840703750078     
           7           8   1.6572075544829896     
           8           9   1.3894941572420556     
           9          10   1.0799434394312606     
          10          11   2.8166128101187153     
           9          12   1.2227519746858264     
           8          13  0.26677990815565161     
          12          13   1.2551564169618679     
          13          14   1.2381284603187499     
          14          15   1.2347442976557326     
          15          16   1.7846738002348375     
          16          17   1.3545866742421371     
          17          18  0.95765904902169530     
          18          19   1.1545590200977942     
          19          20   1.0744662222349513     
          19          21  0.10600111469278943     
          20          21   1.3020430013311914     
          19          22  0.11087747131205705     
          21          22   1.6274436770083727     
          22          23   1.3409692857291813     
          23          24   1.0018607170093781     
          19          25  0.19466668969193651     
          21          25  0.22275329758753049     
          23          25   1.3251480644647025     
          19          26  0.11240785446238884     
          20          26   1.2852154401573370     
          21          26  0.12440869880545499     
          22          26  0.24289667054824468     
          25          26   1.5924729111066520     
          17          27   1.2394620799236331     
          27          28   1.0053949279433105     
          14          29   1.2660755395126484     
          15          29  0.24336779277030371     
          16          29  0.17661677915284604     
          27          29   1.4600034192997846     
           6          30   1.0706380506370095     
          12          30   1.1892519953866192     
           5          31  0.41292821587077189     
          30          31   1.4215753881025124     
           4          32   1.0934889150738973     
          31          32   1.4334879189450447     
          32          33   1.1783053040763600     
          33          34   1.4873779097494264     
          33          35  0.21325728189043971     
          34          35   1.3968065090418189     
          34          36  0.96672351175034810     
          36          37   2.3223376635718438     
          36          38  0.11009552666317224     
          37          38   1.2643820783774626     
          38          39   1.0369928209120125     
          39          40   1.2891771149974873     
          38          41  0.48435227247666812     
          39          41   1.3006407112914451     
          40          41  0.44635051244223339     
