           1           2   1.9618276506172376     
           1           3  0.24035056566157967     
           2           3   1.5040359588909435     
           1           4  0.21438537739930585     
           2           4  0.10176688605205721     
           3           4   1.5906280319858330     
           4           5   1.2513120551863066     
           5           6   2.5142807083206975     
           6           7   1.0052647360593119     
           7           8   1.6513426601192898     
           7           9   1.2070173599421437     
           8           9  0.13016311952626181     
           9          10   1.2594173304949010     
          10          11   1.3192019204813963     
          11          12   1.4430000388369044     
          12          13   1.1334609146776768     
          13          14   1.3629453711129222     
          14          15   1.2074830463436863     
          15          16   1.2470898596713744     
          16          17   1.7708832076532302     
          17          18   1.3632745800928456     
          18          19  0.99768208608514430     
          16          20  0.10051237417517979     
          18          20   1.2579781908310916     
          20          21   1.0014186986907807     
          15          22   1.2834460102524126     
          16          22  0.32404767816322311     
          17          22  0.14955386264124707     
          20          22   1.4496336007492465     
          13          23   1.2254180876130902     
          14          24  0.20859516582078635     
          23          24   1.5983092205235290     
          24          25   1.5904110255671953     
          12          26   1.1242737376067304     
          25          26   1.2314753312938551     
          11          27  0.37124339588824140     
          26          27   1.2929541310153261     
          10          28   1.1940653828745864     
          11          28  0.10157259314734238     
          27          28   1.7360232612332633     
