           1           2   2.5713479352545079     
           2           3  0.91497151298232504     
           1           4  0.12011898813648902     
           3           4   1.6938668155817991     
           3           5   1.1914424154133672     
           5           6   1.2603016641891061     
           6           7   1.3467184994369605     
           7           8   1.5190418219923170     
           8           9  0.99617466688066914     
           9          10   1.6067444342482315     
          10          11   1.0907716906466203     
          11          12   1.2948319219841113     
          12          13   1.6754819613481906     
          13          14   1.3764568330246205     
          14          15  0.99255785879870917     
          12          16  0.10972670390143353     
          14          16   1.2731380134848016     
          16          17   1.0044350157116524     
          11          18   1.3432292237885890     
          12          18  0.36130322974274559     
          13          18  0.14759275330853910     
          16          18   1.4291404681619679     
           9          19   1.1550374507161587     
          10          19  0.13659701960876278     
          10          20  0.18296072379689793     
          19          20   1.6493473489744979     
          20          21   1.6636805577920404     
           8          22   1.1496465963227906     
          21          22   1.1139041983010376     
           7          23  0.45810114360325610     
          22          23   1.3689222677318453     
           6          24   1.0962139293316191     
          23          24   1.5066324741088026     
          24          25   1.0410935803573464     
          25          26   1.2061313676175871     
          26          27   1.4923220900972642     
          26          28  0.30359709793198142     
          27          28   1.7671855468527748     
          28          29   1.1430985563824496     
          29          30   1.1478958929466136     
          30          31   1.4302458723318003     
          31          32   1.1622250829688805     
          30          33  0.21291818829300299     
          31          33  0.27230797167403098     
          32          33   1.1587311282813524     
          29          34   1.1427293482706369     
          30          34  0.12777526197381733     
          31          34  0.22302973392885830     
          33          34   1.4241348203408677     
