           1           2   2.5544589258915993     
           2           3  0.91834722937925373     
           1           4  0.12532152757727885     
           3           4   1.7007580242451084     
           3           5   1.1694154096190785     
           5           6   1.2954471170178714     
           6           7   1.3469749058258129     
           7           8   1.3729396258312945     
           8           9   1.1541240403908952     
           9          10   1.3354692327610234     
          10          11   1.2134761714385824     
          11          12   1.2422803200661228     
          12          13   1.7638413506209867     
          13          14   1.3653239228458733     
          14          15  0.99825281726454818     
          14          16   1.2543396470354391     
          16          17   1.0035080008542614     
          11          18   1.2848829390414989     
          12          18  0.29946070307282874     
          13          18  0.14361570872522328     
          16          18   1.4451946956211839     
           9          19   1.2026366038736798     
          10          19  0.10976612023800489     
          10          20  0.21967820793192544     
          19          20   1.6101045163159382     
          20          21   1.5756762263369590     
           8          22   1.1279340845207466     
          21          22   1.2118884850522624     
           7          23  0.24006757700132542     
          22          23   1.3564159837787555     
           6          24   1.0838410398165370     
          23          24   1.4810691555754738     
          24          25   1.1444692834067967     
          25          26   2.2093835833093975     
          26          27   1.3535140440938009     
          27          28   1.6411452453143376     
          28          29   1.1057974738813183     
          28          30  0.20707028245089137     
          29          30   1.1011557630102020     
          28          31  0.12086186632086576     
          30          31   1.2853278960111860     
          31          32   1.1987734569119888     
          28          33  0.11511014494217597     
          30          33  0.10980127974615890     
          32          33   1.1362233630714575     
          29          34   1.0642706419321739     
          30          34  0.17340767038823648     
          33          34   1.5676386266609099     
