           1           2   2.5525370783350940     
           2           3  0.93506743181198670     
           1           4  0.17252992062072400     
           3           4   1.6927381233917127     
           3           5   1.1645285271971415     
           4           5  0.10902000288054234     
           5           6   1.5244258783996225     
           6           7   1.0387951363279693     
           7           8   2.0934850018487503     
           8           9   1.2061996777840835     
           9          10   1.3066100045760931     
          10          11   1.2800457813371364     
          11          12   1.1914905167705587     
          12          13   1.2696769367907710     
          13          14   1.6512816311091500     
          13          15  0.38681144797384631     
          14          15   1.6272577947524847     
          15          16   1.3498259206715939     
          16          17  0.99811662037059856     
          12          18   1.3034456119179283     
          13          18  0.15739716910346246     
          14          18  0.41473367411204159     
          15          18  0.14943908246644605     
          16          18   1.4159986204603476     
          10          19   1.1222706992450475     
          11          19  0.10607593282827678     
          11          20  0.20936364648245920     
          19          20   1.6628759374077846     
          20          21   1.5676725001980047     
           9          22   1.0040342913527260     
          21          22   1.1884102655667779     
           6          23   1.1733661897218020     
           8          23  0.20946087284314235     
          21          23  0.10795729738411614     
          22          23   1.5375446709211660     
