           1           2   2.1655779268002027     
           1           3  0.11124996851887205     
           2           3   1.1233998250095909     
           3           4   1.0798877343442137     
           4           5   1.4760006243643293     
           5           6   1.3921971818807266     
           6           7   1.1771113215755276     
           7           8   1.6497093389903794     
           8           9   1.5713491609337273     
           9          10   1.1034184742829662     
          10          11   2.7781624994949090     
           9          12  0.97377295168968081     
           8          13  0.20247155133039155     
          12          13   1.6564897038330675     
          13          14   1.1046171555569282     
          14          15   1.2865425688305283     
          15          16   1.6669135343792241     
          16          17   1.3764701503953822     
          17          18  0.99884343150464483     
          18          19   1.2939726005054475     
          19          20   1.1532196412847302     
          20          21   1.1840715436486753     
          21          22   1.4446854016470192     
          21          23  0.18740920675352496     
          22          23   1.4669139061130752     
          21          24  0.16140904300134462     
          22          24  0.14113329774709799     
          23          24   1.6144761150030871     
          20          25   1.2603155113197433     
          21          25  0.12901130047536044     
          22          25  0.34938094614087584     
          23          25  0.23276322576998132     
          24          25   1.4897251049551212     
          15          26  0.10857783621741797     
          17          26   1.2665747586009541     
          26          27   1.0023098354152253     
          14          28   1.3398504898229109     
          15          28  0.32943576472814434     
          16          28  0.16664136264974286     
          26          28   1.4331418180192022     
           6          29   1.1221291757112994     
          12          29   1.0553024727128639     
           5          30  0.51799776267100073     
          29          30   1.4945414243343265     
           4          31   1.0927025766785792     
          30          31   1.4100116151647768     
          31          32   1.1767205646403633     
          32          33   1.4980280955205294     
          32          34  0.19261461546478409     
          33          34   1.3968811911164094     
          33          35  0.94353822630883200     
          35          36   2.2600888068144966     
          34          37  0.10579895210970769     
          35          37  0.12919137092562791     
          36          37   1.3224807118601747     
          37          38   1.0562338627519654     
          38          39   1.2920572462407276     
          35          40  0.15037369621628113     
          37          40  0.44675274526820852     
          38          40   1.2777490751347929     
          39          40  0.49743904092548502     
