           1           2   1.7129174076990610     
           2           3  0.98443924979346820     
           3           4   2.4858545709332351     
           3           5  0.19433155079408687     
           4           5   1.1234726975324565     
           1           6  0.12441617295526611     
           2           6   1.1451853182069360     
           6           7   1.5472367175103239     
           7           8   1.0553183641144628     
           8           9   1.7240103487499649     
           9          10  0.96782612213831021     
          10          11   1.6718834461887708     
          11          12   1.0897868580670245     
          12          13   1.3236432113230108     
          13          14   1.6313649695642640     
          13          15  0.39597521124807067     
          14          15   1.6362252722794377     
          13          16  0.10068605784874046     
          15          16   1.3634393094744299     
          16          17  0.99221790370383700     
          12          18   1.3496199575661150     
          13          18  0.15186994137343074     
          14          18  0.41939632012562539     
          15          18  0.15330393946550389     
          16          18   1.4173834405348840     
          10          19   1.1031762476662113     
          19          20   1.7991555600531455     
          20          21   1.5567841923727659     
           9          22  0.99625163068282951     
          21          22   1.2534077117436160     
           8          23  0.35360614374370397     
          22          23   1.3856950479269441     
           7          24   1.1675075627724438     
           8          24  0.10782205841215600     
          23          24   1.6886115133275021     
