           1           2   2.4197432161133312     
           2           3  0.99792442083335386     
           3           4   1.3593137077629542     
           1           5  0.10222517540878935     
           3           5   1.4610167002968415     
           4           5  0.22242554716550408     
           5           6   1.1711542011720337     
           6           7   1.2418378806415029     
           7           8   1.7213632038425399     
           8           9   1.2937374309650809     
           9          10   1.1715974073875812     
           7          11  0.11068713811310602     
          10          11   1.5710343666920548     
          11          12   1.7236225069560080     
          12          13   1.0996150759744858     
          11          14  0.12330758057864163     
          13          14   1.5762498308956743     
          14          15   1.1326075726599951     
          15          16   1.2713954876088842     
          16          17   1.5419225139932449     
          17          18   1.2720286542775914     
          18          19   1.0608451001902908     
          19          20   1.1489514882795824     
          20          21   1.2180167160774531     
          21          22   1.2417633161234707     
          22          23   1.6079012334833398     
          22          24  0.19386147549829216     
          23          24   1.5665099660855439     
          22          25  0.26154117391907183     
          24          25   1.5941325048833368     
          21          26   1.2428748321077963     
          23          26  0.23273227271469601     
          24          26  0.21174611492004819     
          25          26   1.6278576064429693     
          16          27  0.10941637186661049     
          17          27  0.31757370002759694     
          18          27   1.2435319602144377     
          15          28   1.2791104534465794     
          16          28  0.34054134177219125     
          17          28  0.11966380514523706     
          27          28   1.5492383607137061     
           9          29   1.1619294789547470     
          13          29   1.0582656359356901     
           6          30   1.3014797002416942     
           7          30  0.20286317674686144     
           8          30  0.19690165555253292     
          29          30   1.4440385417673298     
