           1           2   1.5345400568729619     
           2           3  0.98668373267327136     
           1           4  0.13239933092536776     
           3           4   1.3742550532356872     
           4           5   1.3509800307683386     
           5           6   1.0452422019321541     
           6           7   1.6424674220612281     
           7           8   1.1469236854615965     
           8           9   1.0725859612304740     
           9          10   1.8961422206123639     
          10          11   1.0123206015347972     
           9          12  0.10222724607257921     
          11          12   1.4100077443418813     
           9          13  0.30535077078556949     
          12          13   1.6304390902505315     
          13          14   1.3591936544888470     
          14          15  0.98836631722812673     
          12          16  0.32437416547213610     
          13          16  0.12273745983520147     
          14          16   1.4101964378106877     
           8          17   1.0572453078205779     
          11          17   1.1562113296323122     
          13          17  0.10233911487236473     
          16          17   1.4639285835187992     
           7          18  0.89610059559722799     
          18          19   1.5134436851257878     
           8          20  0.11004479281768126     
          18          20   1.4115951540054603     
          19          20  0.16183507180225823     
           6          21  0.91224975045256573     
          20          21   1.1632622037538005     
          20          22  0.11209763490111892     
          21          22   1.7409380408680792     
           1          23  0.10489560433148307     
           4          23  0.34977908096728588     
           5          23   1.3661729716631670     
          23          24   1.3561389338555119     
          24          25   1.0319093997494844     
          23          26  0.22532346675391265     
          25          26   1.5063202064209196     
           3          27   1.3034564668087940     
          24          27   1.2649815065124999     
          27          28  0.96789482713676755     
           1          29  0.12812048361482115     
          26          29  0.16187975620804917     
          28          29   1.4748641450976749     
