           1           2   2.6011988891746900     
           2           3  0.91177789689681499     
           1           4  0.21821933104557617     
           3           4   1.6431911569056421     
           1           5  0.13773202930846737     
           3           5   1.2381434603319326     
           4           5  0.14834927827874039     
           5           6   1.2114665738268207     
           6           7   1.2209153291797246     
           5           8  0.12538425996120531     
           7           8   1.7020235340435321     
           8           9   1.2824881914304596     
           9          10   1.2244102662205825     
           7          11  0.11316335422580198     
          10          11   1.6109226606881317     
          11          12   1.5690993452848736     
          12          13   1.2755630322997566     
          11          14  0.16408090697031186     
          13          14   1.2514361320207483     
          14          15   1.2071260591148147     
          15          16   1.2757445506686451     
          16          17   1.6144134355440438     
          16          18  0.33843213060544619     
          17          18   1.6692010056417441     
          18          19   1.2073421186893989     
          16          20  0.12891955506493125     
          19          20   1.3875132683607576     
          15          21   1.2970528419847216     
          16          21  0.16992940975741441     
          17          21  0.36442155298774392     
          18          21  0.19275163566405284     
          19          21   1.2627302910976321     
          20          21  0.15886837330051051     
           9          22   1.1346768339458690     
          13          22   1.1905842706361727     
           6          23   1.3173311506622216     
           7          23  0.24639895691665203     
           8          23  0.16326939146452593     
          22          23   1.3464976556844219     
