           1           2   1.8142515488297664     
           1           3  0.20848924493905099     
           2           3   1.1569483488674153     
           3           4   1.1950727204998195     
           3           5  0.23879779691227446     
           4           5   1.1054578126724823     
           5           6   1.2619682908301026     
           6           7   1.2067906272505877     
           7           8   1.1217119007241070     
           4           9   1.0445221618838660     
           5           9  0.16508644840761394     
           8           9   1.6676227378513366     
           2          10  0.82248917156045576     
          10          11   1.4172488387482154     
           1          12  0.10431150934041671     
          10          12   1.5535550087561911     
          11          12  0.17847044745507118     
          12          13   1.1381621597475691     
          13          14   1.2583991656695059     
          14          15   1.7406673307181082     
          15          16   1.3130457495479670     
          16          17   1.1379434595098898     
          14          18  0.11576563465484786     
          17          18   1.5943266262719942     
          18          19   1.7681305563727359     
          19          20   1.1076619785290536     
          20          21   1.6090331253182086     
          21          22   1.1137312842698266     
          22          23   1.3104547213507063     
          23          24   1.6285353639624469     
          23          25  0.38765207111006494     
          24          25   1.6296521942921940     
          25          26   1.3633583706743577     
          26          27  0.99888481667108586     
          22          28   1.3371920026162973     
          23          28  0.15762952643002670     
          24          28  0.35911835229494327     
          25          28  0.15643627614481445     
          26          28   1.4158625109757659     
          16          29   1.1728763252949330     
          20          29   1.0200348141166489     
          13          30   1.3128344893470962     
          14          30  0.18617181028141006     
          15          30  0.15526840587952401     
          29          30   1.4540163190760667     
