    0.00520727
   -0.03042157
    0.14944088
   -0.06761362
    0.11585243
   -0.12302790
    0.09413978
    0.02770389
    0.12613412
   -0.16818908
    0.13300367
   -0.10346249
    0.12532650
   -0.03504030
   -0.01878540
    0.18587552
   -0.15519952
    0.09128559
   -0.05484835
   -0.08451739
    0.01617329
   -0.04999225
    0.09529618
   -0.16033096
    0.29211556
   -0.36783731
   -0.00923153
   -0.00881192
    0.11727201
   -0.09006359
    0.04252449
   -0.02995984
    0.05503501
   -0.11547860
    0.04747597
   -0.04705053
