           1           2   1.4731769170476194     
           1           3  0.64068983114167877     
           2           3   1.4318836361420242     
           2           4  0.89821930562799868     
           3           4  0.16187223823629163     
           1           5  0.17227367155531931     
           3           5  0.23313603039437275     
           4           5   1.2640437209970972     
           5           6   1.2562625146826294     
           6           7   2.5107860407616722     
           7           8   1.0059737993140692     
           8           9   1.7266499197922551     
           8          10   1.1358917540879623     
           9          10  0.12916217039640021     
          10          11   1.5202692217228893     
          11          12   1.0739291802116309     
          12          13   1.6867026281844311     
          13          14   1.0028708613669277     
          14          15   1.4077435611402327     
          15          16   1.2010492459802837     
          16          17   1.2376287146698517     
          17          18   1.7328038736804905     
          18          19   1.3643601554920000     
          19          20  0.99951416801583881     
          19          21   1.2569412975013505     
          21          22   1.0063670312522348     
          16          23   1.2903608613642907     
          17          23  0.34157959032989377     
          18          23  0.13300504991440731     
          21          23   1.4555851295392510     
          14          24   1.3170263361375210     
          15          25  0.21870803396566857     
          24          25   1.5152141045911545     
          25          26   1.6932654769620601     
          13          27   1.0252842396853317     
          26          27   1.1988540697755334     
          12          28  0.38996175803295807     
          27          28   1.3751255881815874     
          11          29   1.1718119025117515     
          12          29  0.11199379730373071     
          28          29   1.6891449472248727     
           4          30  0.89610764165254297     
           5          31  0.12244284743026858     
          30          31   1.4453629017630456     
           5          32  0.10153801625592290     
          30          32   1.4653902480421563     
          31          32  0.73602316959825120     
