   -0.08804271
    0.09150601
   -0.11791508
    0.16250466
   -0.07555453
    0.11981295
   -0.11207361
    0.06500317
    0.03624687
    0.12379340
   -0.17251818
    0.12995778
   -0.14528111
    0.13660994
   -0.06847162
   -0.03784694
    0.16614155
   -0.21461139
    0.15814754
   -0.08610395
    0.06431812
   -0.00932931
    0.01057118
    0.03659367
    0.00683932
   -0.02960281
    0.09085370
   -0.06080293
   -0.05598939
    0.02274794
   -0.05749658
    0.10232249
   -0.15053674
    0.29725315
   -0.36293192
   -0.02890943
    0.04058002
   -0.03320251
    0.18162290
   -0.07097544
   -0.06523014
