           1           2   1.9493428565701723     
           2           3   1.1238961777408787     
           3           4   1.0827339995315131     
           4           5   1.4653785164105952     
           5           6   1.3844918281030385     
           6           7   1.2434382940152724     
           7           8   1.6575603069988771     
           8           9   1.3905942796126152     
           9          10   1.0808480896878803     
          10          11   2.8160128937406066     
           9          12   1.2260665927099279     
           8          13  0.24186211631324495     
          12          13   1.2580353522026082     
          13          14   1.2381790593177289     
          14          15   1.2140943312686392     
          15          16   1.6794262752650311     
          16          17   1.3467062587508813     
          17          18   1.0277103612154934     
          18          19  0.94068224187109684     
          18          20  0.10786749806881835     
          19          20   1.8140946933751609     
          19          21  0.94071134936909917     
          21          22   1.3474451207140377     
          22          23   1.5656323733650639     
          21          24  0.11591655941555377     
          22          24  0.16899154542809697     
          23          24   1.6397172265428432     
          22          25  0.20477798478935472     
          24          25   1.6326246161927787     
          21          26   1.3571878369475761     
          23          26  0.21293915511440803     
          24          26  0.16996979229238951     
          25          26   1.5552114789364302     
          17          27   1.2373804679039899     
          27          28   1.0104209723803208     
          14          29   1.2769717373608291     
          15          29  0.35508838765274492     
          16          29  0.14491456551545878     
          27          29   1.4660344639656826     
           6          30   1.0704601782721923     
          12          30   1.1848169568693949     
           5          31  0.38640394036179104     
          30          31   1.4214981042692731     
           4          32   1.0960935876813760     
          31          32   1.4322652598250116     
          32          33   1.1750696191047643     
          33          34   1.4853789159914319     
          33          35  0.19322566768690652     
          34          35   1.4012561559899224     
          34          36  0.96282398758857657     
          35          36  0.11661882442623570     
          36          37   2.2746185190509802     
          36          38  0.13497440609070807     
          37          38   1.3261376510124079     
          38          39   1.0671370635670994     
          36          40  0.10869256766108484     
          38          40  0.39829558285542788     
          39          40   1.2878923564980358     
          39          41   1.2768496846483957     
          40          41  0.49114647545098372     
