           1           2   2.7988340891920216     
           2           3   1.0456999580459547     
           1           4  0.15157087926465190     
           3           4   1.7773184612633885     
           4           5   1.2901928687071604     
           5           6   1.2057884512150905     
           6           7   1.7065556882410382     
           7           8   1.1473992872904490     
           6           9  0.11198204704483103     
           8           9   1.4931488080841411     
           4          10  0.13385648151683852     
           8          10   1.1420712709538747     
           5          11   1.1965329704543546     
           6          11  0.11745823226418421     
           9          11  0.10632016007236700     
          10          11   1.7234088082020242     
           3          12  0.91933666896378874     
           4          13  0.12282151690635780     
          12          13   1.7057391286987751     
          12          14   1.2431365905912479     
          13          14  0.53423445421644955     
