           1           2   1.5591232551112821     
           2           3   1.0154926057060483     
           1           4  0.15125520235250212     
           3           4   1.4583105961091785     
           4           5   1.3657222873827048     
           5           6   1.2485044901396043     
           6           7   1.6499006565791352     
           7           8   1.3778115727519009     
           8           9   1.0804712143442123     
           9          10   2.8167759869533775     
           8          11   1.2308445050476808     
           7          12  0.25383729956811640     
          11          12   1.2559227398120667     
          12          13   1.2581530047050993     
          13          14   1.2045850216028202     
          14          15   1.7420669651399989     
          15          16   1.3583226547973450     
          16          17   1.0063565705930384     
          16          18   1.2466465821889274     
          18          19   1.0085319323333353     
          13          20   1.2670035684360752     
          14          20  0.36304538043698670     
          15          20  0.16446990443559420     
          18          20   1.4688157126378278     
           5          21   1.0832874555259908     
          11          21   1.1862673158268286     
           1          22  0.18820000511362375     
           4          22  0.34358503793522038     
          21          22   1.4130172380937502     
           3          23   1.1098937129424613     
          22          23   1.4276780966671916     
          23          24   1.1828489403996774     
          24          25   1.4357376045172352     
          24          26  0.17906175594610768     
          25          26   1.3912985450820277     
          25          27   1.0124668238197447     
          27          28   2.4809468394502563     
          28          29   1.0621841297118566     
          27          30  0.18928727143044713     
          28          30  0.10194811019444174     
          29          30   1.7632440234875424     
          29          31  0.95653464777209407     
          31          32   1.2257997291564329     
          32          33   1.4009022479503128     
          33          34   1.1829830988148662     
          32          35  0.19286800099601190     
          33          35  0.25699929167730318     
          34          35   1.1838677566025426     
          31          36   1.2248477706373431     
          32          36  0.14625359100423357     
          33          36  0.18787700011924291     
          35          36   1.4114289468643848     
