   -0.10121035
    0.09779836
   -0.09359621
    0.16346421
   -0.08062096
    0.11874652
   -0.13973300
    0.08864321
    0.00962794
    0.11829374
   -0.20136021
    0.13155261
   -0.09549744
    0.12546066
   -0.04581574
   -0.05126069
    0.16432991
   -0.14801784
    0.05340300
    0.07543934
   -0.01208143
   -0.00262126
    0.03412998
   -0.00503185
   -0.02433137
    0.09251033
   -0.06413778
   -0.09223994
    0.01991535
   -0.03897038
    0.11993961
   -0.21538238
    0.32555872
   -0.33024020
    0.00314798
    0.02880205
    0.02234837
    0.07752614
   -0.04799067
    0.04480764
   -0.11921617
    0.03894684
   -0.04503664
