           1           2   2.5934173700388286     
           2           3  0.90217941681670888     
           1           4  0.15632193916733028     
           3           4   1.7476046584092537     
           1           5  0.17212636012691968     
           3           5   1.1546411536390848     
           4           5  0.11247570315681192     
           5           6   1.4867691109794652     
           6           7   1.0759511991599346     
           7           8   1.7101037812039528     
           8           9  0.96487748929545436     
           9          10   1.6809502530396290     
          10          11   1.0852121441986236     
          11          12   1.3054675767015353     
          12          13   1.6873200116492701     
          13          14   1.3876599589480250     
          14          15  0.99650608032640475     
          12          16  0.10671565214464286     
          14          16   1.2645619873668390     
          16          17   1.0056530637771313     
          11          18   1.3405120215536037     
          12          18  0.31793453730803151     
          13          18  0.21696704093543479     
          16          18   1.4326576574449552     
           9          19   1.0943956779799484     
          10          20  0.12627416010853357     
          19          20   1.7887247017567034     
          20          21   1.5595707938136489     
           8          22   1.0051019581323433     
          21          22   1.2295819254227216     
           7          23  0.35696233721552167     
          22          23   1.3909012580864475     
           6          24   1.1871096821545681     
           7          24  0.10279283611610988     
          23          24   1.6699449670896018     
