           1           2   2.8038360530600661     
           2           3   1.0706179583432431     
           1           4  0.14578232053116727     
           3           4   1.8475888470553203     
           4           5   1.1977722455624120     
           5           6   1.5463019903692738     
           6           7   1.0845224579346455     
           7           8   1.8469105695560559     
           7           9  0.86378027234408683     
           6          10  0.10982510888111720     
           9          10   1.6014468656136831     
           4          11  0.17347663864897100     
           6          11  0.15579323348017560     
           9          11   1.0925152170365990     
           5          12   1.0349676427334251     
           6          12  0.18006083174996731     
           9          12  0.11752752039538245     
          10          12  0.20902880705581081     
          11          12   2.0541877981505450     
           3          13  0.84110077085704249     
           4          14  0.13883403911173897     
          13          14   1.6847713231651695     
          13          15   1.2597593365194752     
          14          15  0.14930133023909908     
          15          16   1.3349764744830070     
          16          17   1.0885370562208965     
          17          18   1.5848694297223431     
          17          19  0.26277806584352609     
          18          19   1.4636329906405829     
          15          20  0.13550459685268282     
          17          20  0.14613352787282508     
          19          20   1.4763942070218616     
          16          21   1.1696318914992347     
          18          21  0.29803047124437132     
          19          21  0.20491125871338015     
          20          21   1.6482187032452775     
