           1           2   2.1657595880046898     
           1           3  0.11453047479914318     
           2           3   1.1279910472405821     
           3           4   1.1064254121436756     
           4           5   1.4666797098102686     
           5           6   1.3937441673967932     
           6           7   1.2421569523380851     
           7           8   1.6726466691730748     
           8           9   1.3744789053631596     
           9          10   1.0813586479915502     
          10          11   2.8143522955368785     
           9          12   1.2327571145496674     
           8          13  0.17499562858356274     
          12          13   1.2459190789066488     
          13          14   1.3010024043805430     
          14          15   1.1803603227049400     
          15          16   1.8146603881314030     
          16          17   1.2900559874539259     
          17          18   1.0911900011937521     
          18          19   1.1148007187335205     
          19          20   1.2101042945528442     
          20          21   1.2494297912094887     
          21          22   1.6000372913876881     
          21          23  0.18942274287148891     
          22          23   1.5810610745210703     
          21          24  0.26035105556038157     
          23          24   1.6036891908092756     
          20          25   1.2508425236722212     
          22          25  0.23239703745904350     
          23          25  0.19796679337380196     
          24          25   1.6188791836992329     
          17          26   1.1749326819885824     
          26          27   1.0130124677024053     
          14          28   1.2514293080106651     
          15          28  0.31212361167029534     
          16          28  0.16383364920414553     
          26          28   1.5167542746483620     
           6          29   1.0603691342543409     
          12          29   1.1856301839824275     
           5          30  0.51622036010562689     
          29          30   1.4484556083502758     
           4          31   1.0561544634558580     
          30          31   1.3799653673957457     
          31          32   1.2889310793064581     
          32          33   1.1798010806506758     
          33          34   1.6754160434375853     
          33          35  0.99235335854808981     
          35          36   2.2898885405747120     
          35          37  0.18967244834727304     
          36          37   1.3634374193032988     
          37          38   1.2207127195301606     
          38          39   1.1049970497524937     
          37          40  0.11306151137779970     
          38          40  0.87713761780323607     
          39          40   1.2352663668855621     
          40          41   1.0395449938918369     
          41          42   1.7867020208787820     
          41          43  0.96661232658104079     
          38          44  0.12834608745556367     
          40          44  0.31679819102956208     
          43          44   1.4813155373396674     
