           1           2   1.5454401742606858     
           2           3   1.0218462583810415     
           1           4  0.11524964412403435     
           3           4   1.6058227734255035     
           4           5   1.1543636107322826     
           5           6   1.5333330748136431     
           6           7   1.6848803731597770     
           7           8   1.0591593807138435     
           6           9  0.12977404469747333     
           8           9   2.7976596708585646     
           7          10  0.82740927328723080     
           6          11  0.11817699616527846     
          10          11   1.7224907488811962     
          10          12   1.3008552613075082     
          11          12  0.32558009959823736     
           4          13  0.41620830500789618     
           5          13   1.1044393131607841     
          13          14   1.6943910399297697     
          14          15   1.0855905275220246     
          15          16   1.5586641906465442     
          16          17   1.0549461003334126     
          17          18   1.5703988984260828     
          18          19   1.2011695629453076     
          19          20   1.3370356498510578     
          20          21   1.4498890747629294     
          21          22  0.99186902980796054     
          20          23  0.21730544603170512     
          21          23   1.3150102585735313     
          20          24  0.19852025770138670     
          23          24   1.7061566061630868     
          19          25   1.1942561493613282     
          24          25   1.3767708228607676     
          17          26   1.1632288709643790     
          18          26  0.17142736363639671     
          25          26   1.0987285216429352     
           3          27  0.96116032171048471     
          14          27  0.95032232160665098     
           4          28  0.10813593733955079     
          13          28  0.15505704745544086     
          27          28   1.7696925622969206     
