           1           2   1.5048253790766735     
           1           3  0.10572689652368224     
           2           3   1.0567603803753323     
           1           4  0.44810788490602516     
           3           4   1.4493639953994484     
           4           5   1.1165376276478669     
           5           6   1.0860015058482486     
           6           7   1.8593203233401521     
           7           8   1.2317376950473153     
           6           9  0.13305427011565929     
           8           9   2.5326510841717891     
           9          10   1.0244437272292637     
          10          11   1.7058936209944533     
          10          12   1.1337324487539588     
          11          12  0.12049204383515046     
          12          13   1.5324572271629944     
          13          14   1.0741729419719521     
          14          15   1.6918038996357629     
          15          16   1.0107920690721761     
          16          17   1.6507812473364163     
          17          18   1.0895509080251886     
          18          19   1.2973037474742919     
          19          20   1.7016914394248754     
          20          21   1.3773118431271962     
          21          22  0.99133505832086422     
          19          23  0.11097536954396475     
          21          23   1.2733381514957558     
          23          24   1.0007082318863543     
          18          25   1.3379402508216098     
          19          25  0.35425743436592594     
          20          25  0.15912731963298349     
          23          25   1.4319644064245951     
          16          26   1.0785837221412899     
          17          27  0.20995680224605276     
          26          27   1.7576137507888865     
          27          28   1.5134784070214482     
          15          29   1.0111315392778113     
          28          29   1.2601825788841501     
          14          30  0.37442178474959803     
          29          30   1.3614897898354057     
          13          31   1.1619281791094718     
          14          31  0.11161657790566910     
          30          31   1.6994356841620184     
           1          32  0.32044332672137793     
           3          32  0.16708064482147569     
           5          32   1.1507355340899930     
           2          33   1.0228232512945667     
           3          33  0.28139075096585686     
           6          33  0.12313529929968257     
          32          33   1.4326309170340190     
