           1           2   2.5879341680936667     
           2           3  0.91799032359196120     
           3           4   1.4078520679549054     
           1           5  0.24223614907326368     
           3           5   1.4922582742397050     
           4           5  0.19281632850269459     
           5           6   1.1817250660012966     
           6           7   1.2363083014738869     
           7           8   1.7559453533858109     
           8           9   1.2962752065150360     
           9          10   1.1676342915675724     
           7          11  0.11108877468935596     
          10          11   1.5802273715779556     
          11          12   1.7367637244174221     
          12          13   1.0869280956924914     
          11          14  0.13826570769625449     
          13          14   1.5979900056336580     
          14          15   1.0900887452808543     
          15          16   1.3182510698228624     
          16          17   1.6209364098983319     
          16          18  0.39415837853621055     
          17          18   1.6333709760461628     
          16          19  0.10017871338249265     
          18          19   1.3557863161032691     
          19          20   1.0019241889282722     
          15          21   1.3587484382915773     
          16          21  0.16005806185006005     
          17          21  0.37708545565690266     
          18          21  0.15040365636372194     
          19          21   1.4055525305038741     
           9          22   1.1701707868330946     
          13          22   1.0544389912634764     
           6          23   1.3022270786110561     
           7          23  0.22194470038802136     
           8          23  0.19734730535423939     
          22          23   1.4445443471154802     
