           1           2   1.9212177863841222     
           2           3   1.1293211352468657     
           3           4   1.0219214652371440     
           4           5   1.5345928937991491     
           5           6   1.3392297449131330     
           6           7   1.1994973239183970     
           7           8   1.6246716130413688     
           8           9   1.5671589555762859     
           9          10   1.1054976805363061     
          10          11   2.7764294833219552     
           9          12  0.97733506770020573     
           8          13  0.16694020239486829     
          12          13   1.6524658226799231     
          13          14   1.1356938683300597     
          14          15   1.2452198462567492     
          15          16   1.7481821986396209     
          16          17   1.3141410985889126     
          17          18   1.0694048207559153     
          18          19   1.1412808425100447     
          19          20   1.2199012931791706     
          20          21   1.2415094373532651     
          21          22   1.6411517727494389     
          21          23  0.20749827119333547     
          22          23   1.5897504837489445     
          21          24  0.22878195119106218     
          23          24   1.5669912794183607     
          20          25   1.2415424028112889     
          22          25  0.26186986966203513     
          23          25  0.19802027173673969     
          24          25   1.6231265089727926     
          17          26   1.1910822899875375     
          26          27   1.0149135880811557     
          14          28   1.3236542619387937     
          15          28  0.33206874308204182     
          16          28  0.17842088943505527     
          26          28   1.4665728822430504     
           6          29   1.1300690614013083     
          12          29   1.0591822611234603     
           5          30  0.43541121034127356     
          29          30   1.4939856245064911     
           4          31   1.1163335739903746     
          30          31   1.3784295750505078     
          31          32   1.2015387440509382     
          32          33   1.4357811509551104     
          32          34  0.18288073260304039     
          33          34   1.3817291731767725     
          33          35   1.0239413885923208     
          35          36   2.2622294391127387     
          36          37   1.3522313633258118     
          37          38   1.3080890243139811     
          37          39  0.16513245796168668     
          38          39   1.1709843421813377     
          37          40  0.14832136005036173     
          39          40   1.4785984200636171     
          37          41  0.19899111998618682     
          39          41  0.48879768067967022     
          40          41   1.2814258486053995     
          38          42   1.1765021793803023     
          40          42  0.11020529552856811     
          41          42   1.5009588897624788     
