           1           2   1.8376439788181975     
           2           3  0.98381959084441284     
           3           4   1.1899524995953965     
           3           5  0.11717589263218436     
           4           5   1.9305768017837075     
           5           6  0.86361450598395195     
           4           7  0.12084521019987615     
           6           7   1.6496650041211922     
           4           8  0.14956438902108374     
           5           8  0.12173866386094256     
           6           8   1.3521605114118347     
           7           8  0.20864191731411186     
           3           9   1.3848818690600175     
           1          10  0.15386635934268719     
           9          10   1.5060732313606944     
           2          11  0.97539147279238525     
          10          11   1.2007290777998607     
           9          12  0.25594579989349298     
          11          12   1.4961377398676146     
          12          13   1.5197269287637236     
          13          14  0.80251329842627317     
          14          15   1.7522995414308802     
          14          16   1.2244251600790463     
          15          16  0.12744984348216049     
          16          17   1.2474911241662245     
          17          18   1.3737661814848596     
          18          19   1.4218070854616258     
          19          20  0.98800687263629916     
          20          21   1.3365243139189296     
          21          22   1.5806254198154204     
          22          23   1.2945950783929572     
          23          24   1.0026141413524361     
          22          25  0.20437831833001407     
          23          25  0.12284404359336083     
          24          25   1.5940696536739194     
          21          26  0.12134153176184237     
          22          26  0.15997999542437322     
          23          26   1.2804523106850616     
          25          26  0.11440054798451851     
          20          27   1.3476323391977529     
          21          27  0.14119284292151593     
          22          27  0.13868080896723586     
          25          27  0.40454522005725191     
          26          27   1.5895131543227288     
          18          28  0.18934355317352275     
          19          28   1.2981160151202138     
          16          29  0.10445510740668827     
          18          29  0.27503964748418730     
          28          29   1.5939509680751160     
          13          30   1.0632819185322397     
          17          30   1.0916901624311024     
          29          30   1.4480576567468206     
