           1           2   2.5947753607988115     
           2           3  0.90661447006418439     
           1           4  0.28662038597684691     
           2           4  0.10945783171652050     
           3           4   1.3582158067391477     
           3           5   1.5180618720733927     
           4           5  0.16615847425969604     
           5           6   1.1561402882733625     
           6           7   1.4355900526963936     
           7           8   1.4149603397226718     
           8           9   1.1937978146151731     
           9          10   1.2505959690961788     
          10          11   1.2552707717609928     
          11          12   1.2074396931673363     
          12          13   1.7213752478649946     
          13          14   1.3579211615718405     
          14          15   1.0063855178413432     
          14          16   1.2490745461257964     
          16          17   1.0088491518011333     
          11          18   1.2670644149342811     
          12          18  0.37261706529074423     
          13          18  0.15240912367596876     
          16          18   1.4660229317885927     
           9          19   1.2245176210520499     
          19          20   1.0815916805532535     
          20          21   2.8163166624749865     
          10          22  0.23289265085718325     
          19          22   1.3901172739538183     
          22          23   1.6526263078239705     
           8          24   1.0792613601936569     
          23          24   1.2572053756995687     
           7          25  0.39889880085049800     
          24          25   1.3496101611977249     
           6          26   1.1267333249983214     
          25          26   1.5265336017480735     
          26          27   1.0023062876605753     
          27          28   1.1116325023073677     
          28          29   1.5134679157845783     
          28          30  0.37317297939207983     
          29          30   1.7077004164089495     
          30          31   1.1501737989872240     
          31          32   1.0766105604740608     
          32          33   1.5119725634184400     
          32          34  0.10228665710050470     
          33          34   1.1134878771742145     
          32          35  0.35140912583381956     
          33          35  0.18142342078307769     
          34          35   1.1189128392280452     
          31          36   1.0713961762150266     
          32          36  0.19599681989392703     
          33          36  0.35531370715987159     
          34          36  0.10511369951274785     
          35          36   1.5288702690979192     
