           1           2   2.5496492348999280     
           2           3  0.93916040796975153     
           1           4  0.17962551171575172     
           3           4   1.7023062859457190     
           3           5   1.1605464208142235     
           4           5  0.10203958085815518     
           5           6   1.4975267542573014     
           6           7  0.99166668084231080     
           7           8   2.1341470160980847     
           8           9   1.1701293296274620     
           9          10   1.2135788347362193     
           7          11  0.12154965181875858     
           8          11  0.11646923732114051     
          10          11   1.5302095979112360     
          11          12   1.7573789745946584     
          12          13   1.1192719363397761     
          13          14   1.6204113919726364     
          14          15   1.1042790614111655     
          15          16   1.2851348507818912     
          16          17   1.6606161301838418     
          17          18   1.3799186790883546     
          18          19  0.99816170859854991     
          16          20  0.10474843036703667     
          18          20   1.2599706550980625     
          20          21   1.0084445692567205     
          15          22   1.3373807512163081     
          16          22  0.34436407959991339     
          17          22  0.17071186716608261     
          20          22   1.4375555229836314     
           9          23   1.2681312331627650     
          13          23  0.99075486249854772     
           6          24   1.2674889958746489     
           8          24  0.17909898599329743     
          23          24   1.3892491768085435     
