           1           2   1.6656756276089431     
           1           3  0.16190937129778382     
           2           3   1.1327651168589474     
           3           4   1.4758090848998329     
           4           5   1.0257810422805329     
           5           6   1.7764860486282847     
           5           7   1.0367186823427861     
           7           8   1.2057165055966785     
           8           9   1.1231817445968633     
           8          10  0.17694085017288469     
           9          10   1.5031942391748923     
           8          11  0.18132046383587111     
           9          11   1.1680533933194608     
          11          12   1.1669859411435335     
          11          13  0.20802282879460327     
          12          13   1.5600392236984093     
           7          14   1.2038204794299912     
          11          14  0.11808175020640907     
          12          14   1.0492879439163618     
          13          14  0.35602465276828127     
           1          15  0.16646516698500860     
           3          15  0.12595223020268112     
           4          15   1.1906051305125174     
           1          16  0.10877964264355335     
           2          16   1.0776215192320202     
          15          16   1.3537340130141760     
          16          17   1.2345137245470863     
          17          18   1.7944446512349701     
          18          19  0.78700062199974685     
          17          20  0.16908717171409757     
          19          20   1.7352951050291812     
          17          21  0.22463788290189987     
          19          21   1.2732817862140562     
          20          21  0.17428911544082229     
          21          22   1.2303990244730751     
          22          23   1.2696961005659093     
          23          24   1.5514650517487321     
          24          25   1.6575899306752302     
          25          26   1.1699753315937342     
          24          27  0.20365693595957007     
          26          27   1.2898512822144175     
          27          28   1.2364814353143645     
          28          29   1.2146982464648182     
          29          30   1.7225114445016469     
          30          31   1.3633527815322686     
          31          32   1.0023274119740480     
          31          33   1.2490823920943752     
          33          34   1.0067880096554176     
          28          35   1.2836564196968976     
          29          35  0.36134592458519027     
          30          35  0.15182733768374496     
          33          35   1.4639210985855238     
          18          36   1.0901669354974610     
          22          36   1.2188750011898584     
          26          36   1.2853047078286339     
