           1           2   1.6562629632019996     
           2           3   1.0124042859560920     
           3           4   2.5548529242202509     
           4           5   1.2168669222368276     
           3           6  0.13617799473264211     
           5           6   1.9554913935603724     
           6           7   1.0849858439338329     
           7           8   1.1732256364010338     
           8           9   1.4231836415199466     
           9          10   1.1669476624659760     
           8          11  0.19705348569730102     
           9          11  0.25849456697395434     
          10          11   1.1844375848344657     
           7          12   1.1812159415233725     
           8          12  0.12738297541160457     
           9          12  0.17624700779437891     
          11          12   1.4243623766739004     
           1          13  0.10082145582545203     
           2          13   1.1918380202498033     
          13          14   1.2476615778501960     
          14          15   1.2101387284500222     
          15          16   1.7645938382828856     
          16          17   1.2863719467547274     
          17          18   1.2283992222505955     
          15          19  0.13685792829681298     
          18          19   1.6055830573375687     
          19          20   1.5798353478698655     
          20          21   1.2610694242241212     
          21          22   1.2773093568722866     
          22          23   1.2797444818393957     
          23          24   1.2055038180043089     
          24          25   1.7831891256527095     
          25          26   1.3560220076901228     
          26          27   1.0096333762024938     
          26          28   1.2356472918346155     
          28          29   1.0044784505310673     
          23          30   1.2453938683572694     
          24          30  0.32795701178378212     
          25          30  0.16820166451677782     
          28          30   1.4743027541216087     
          17          31   1.1235902578367907     
          21          31   1.1786961810155621     
          14          32   1.3034029787988795     
          15          32  0.17929669503572135     
          16          32  0.18777640879414983     
          31          32   1.3587090020045007     
