   -0.08556923
    0.15436050
   -0.17233636
    0.19044265
   -0.16911318
    0.20383851
   -0.12601181
    0.13457500
   -0.02427781
   -0.02437990
    0.15960871
   -0.17133917
    0.04941792
    0.07364728
    0.03400889
   -0.00991181
    0.00510612
    0.20986193
   -0.15208830
   -0.07158398
    0.08841107
   -0.05967050
   -0.06353242
    0.03611414
   -0.00294750
    0.16907326
   -0.17383542
    0.29464353
   -0.34654040
   -0.11385205
    0.08538984
   -0.11237675
    1.13800852
   -0.15399825
   -0.49136376
   -0.50177925
