           1           2   1.7231156693233258     
           2           3   1.1084195411044131     
           1           4  0.10865671277305688     
           3           4   1.6068078298029504     
           3           5  0.11421854344378436     
           4           5   1.6905983009806640     
           5           6   1.1046548765518913     
           4           7  0.20126316764064214     
           5           7  0.10809421364801683     
           6           7   1.6455872829154510     
           7           8   1.0870041511392947     
           8           9   1.2971364182167742     
           9          10   1.7181467723317434     
          10          11   1.3680748848330739     
          11          12  0.95839144259295983     
          12          13   1.1287966805302507     
          13          14   1.0496588300912457     
          14          15   1.3322337490022886     
          15          16   1.6583621772174526     
          13          17  0.10215063590720899     
          14          17  0.11441298728610623     
          15          17  0.36470904079110072     
          16          17   1.5934840610243879     
          15          18  0.10111943339910337     
          17          18   1.3471336905401206     
          18          19   1.0021469747990683     
          14          20   1.3729272445855576     
          15          20  0.17091438176984305     
          16          20  0.37745686554975072     
          17          20  0.13952846984911901     
          18          20   1.3835994509428156     
           9          21  0.11084235655434674     
          11          21   1.2588344083694352     
          21          22   1.0104910878325228     
           8          23   1.3425677387141040     
           9          23  0.26353252355338180     
          10          23  0.15953458336685958     
          21          23   1.4372006676630646     
           1          24  0.12135427857072441     
           2          24  0.97149490413095396     
           6          24  0.97093759994447282     
           1          25  0.12850543347268290     
          24          25   1.5913762979586141     
          25          26   1.7370106579851938     
          26          27  0.96648138523899607     
          26          28  0.99094950054895503     
          28          29   1.6906051729665421     
          28          30   1.1556017761336805     
          30          31   1.5104802997409579     
          30          32  0.20295512736088203     
          31          32   1.7521172506593581     
          32          33  0.76033626533131937     
          30          34  0.19645003667746921     
          31          34  0.14527132930714479     
          32          34  0.29883887360916089     
          33          34  0.89640607897741376     
          33          35   1.5991475361521272     
          34          35  0.16065684065639305     
          33          36   1.5950497823090231     
          34          36  0.15013487349699828     
          35          36  0.11180213296256530     
