           1           2   1.7357736772744436     
           1           3  0.15767492269652519     
           2           3   1.2544505324324466     
           3           4   1.2452092233496681     
           4           5   1.2584008583837822     
           5           6   1.5737600773474156     
           6           7   1.6650917456716168     
           7           8   1.1666201602494026     
           6           9  0.19888790835575404     
           8           9   1.2870916055319508     
           9          10   1.2361868362099946     
          10          11   1.2124854841901058     
          11          12   1.7206957116976893     
          12          13   1.3619021818826673     
          13          14   1.0038655083651977     
          13          15   1.2484784212859932     
          15          16   1.0081070122835651     
          10          17   1.2848119397644100     
          11          17  0.36546552400089333     
          12          17  0.15160867733899763     
          15          17   1.4643456415677925     
           4          18   1.2166850833299550     
           8          18   1.2882220574202259     
           2          19  0.80561330260292630     
          18          19   1.0987241103334158     
           1          20  0.13713525089457848     
           3          20  0.18140186611794701     
          19          20   1.7922404756326240     
          20          21   1.3052847775678249     
          21          22   1.2367872790202774     
          20          23  0.11371143107222483     
          22          23   1.5898881441938026     
          23          24   1.3105054433179526     
          24          25   1.0334800723870061     
          25          26   1.6654377627241377     
          25          27   1.1474118239596711     
          26          27  0.10060719659522877     
          27          28   1.6518076972277078     
          27          29  0.14774658273115338     
          28          29   1.4790865388425460     
          29          30   1.1197692006750206     
          29          31  0.22295888647386305     
          30          31   1.0985001084283643     
          29          32  0.11938088590802241     
          31          32   1.2985720330899932     
          32          33   1.1844035434165898     
          29          34  0.15878213543778805     
          31          34  0.11164159902775894     
          33          34   1.1429699142490535     
          30          35   1.0632481887718490     
          31          35  0.17063875184657429     
          34          35   1.5213778528403779     
          21          36   1.1903374069002013     
          22          36  0.20983151982972092     
          23          36  0.15719502372537680     
          24          36   1.2776228418736748     
