           1           2   1.6084603025779332     
           1           3  0.38784078871279387     
           2           3   1.0525996124673564     
           1           4  0.26665018998397411     
           3           4   1.5292176049957087     
           4           5   1.1189815376777472     
           4           6  0.22642581949788962     
           5           6   1.4727988211879410     
           5           7  0.99137244480525011     
           6           7  0.29388099864859207     
           7           8   1.3788072715441071     
           7           9  0.16749559688853841     
           8           9   2.2525350203942218     
           9          10  0.97966080646186060     
          10          11   1.6541040037930554     
          10          12   1.2026539078593670     
          11          12  0.10535195876755722     
          12          13   1.2553095645417875     
          13          14   1.2175051250471998     
          14          15   1.8614353744150158     
          15          16   1.3197221658593259     
          16          17   1.0910628310882771     
          14          18  0.11114509636606185     
          15          18  0.10071982537414936     
          17          18   1.6788375909428872     
          18          19   1.6571679804102832     
          19          20   1.1787008732127739     
          20          21   1.5730204763074525     
          21          22   1.1206916215571820     
          22          23   1.3068894068854693     
          23          24   1.6286919918183225     
          23          25  0.38551587964801903     
          24          25   1.6313987054148613     
          25          26   1.3662026721265075     
          26          27  0.99227215653515233     
          22          28   1.3331193807547146     
          23          28  0.15724622406571534     
          24          28  0.36500191174652169     
          25          28  0.15552275752440498     
          26          28   1.4170482589313205     
          16          29   1.1748273261765505     
          20          29   1.0070178420130136     
          13          30   1.2598146894823368     
          14          30  0.11509152332879377     
          15          30  0.16703642163589752     
          29          30   1.4739766207091773     
