           1           2   2.4458552226485488     
           2           3   1.0029140301224881     
           3           4   1.3644552126687444     
           3           5   1.4532149568693484     
           4           5  0.22977396530899580     
           5           6   1.1918219283944191     
           6           7   1.2486496837207379     
           7           8   1.7782972488721245     
           8           9   1.2772242066133139     
           9          10   1.1922334981461447     
           7          11  0.12372256308563895     
          10          11   1.6364648800843575     
          11          12   1.5670068366791547     
          12          13   1.1062390260444346     
          13          14   2.7783460977403838     
          12          15  0.97663053969270686     
          11          16  0.13384456389718946     
          15          16   1.6535569690213876     
          16          17   1.1029278061938479     
          17          18   1.3129205157016630     
          18          19   1.6212663993886935     
          18          20  0.38871656729542947     
          19          20   1.6435906462631491     
          18          21  0.10140928488363020     
          20          21   1.3682742364022915     
          21          22  0.99792138515691031     
          17          23   1.3495946286979581     
          18          23  0.16171997233759708     
          19          23  0.40489856454720774     
          20          23  0.14661700012180434     
          21          23   1.4110871684930968     
           9          24   1.1581673997754800     
          15          24   1.0698610006756064     
           6          25   1.2801394542570930     
           7          25  0.20070912956165776     
           8          25  0.20044992681536600     
          24          25   1.4544190956703051     
