           1           2   2.1077787685803933     
           1           3  0.11826085495379268     
           2           3   1.0847613142662047     
           1           4  0.13042214788895939     
           3           4   1.1690207143328777     
           1           5  0.16141551471382989     
           2           5  0.10508742081381488     
           4           5   2.1053078769249183     
           1           6  0.10442753902248585     
           2           6  0.18235124725368848     
           3           6   1.1461970589904260     
           6           7   1.3303808777168078     
           6           8  0.17804205213863517     
           7           8   2.3023871741110713     
           8           9  0.97702925229024007     
           9          10   1.6805953796882134     
           9          11   1.1851822161119363     
          11          12   1.2787728967688035     
          12          13   1.2012396865253208     
          13          14   1.8307131961740817     
          14          15   1.3082185406294726     
          15          16   1.1030256750702210     
          13          17  0.10237353733015106     
          16          17   1.6830449351778889     
          17          18   1.6300906802913395     
          18          19   1.1525860382242916     
          17          20  0.11725907533899989     
          18          20  0.10288279915411125     
          19          20   1.5819772942119377     
          20          21   1.0895853563169358     
          21          22   1.3211958801098764     
          22          23   1.6222629935054578     
          21          24  0.10111213629950462     
          22          24  0.38552867159263837     
          23          24   1.6306911225119380     
          22          25  0.10121711817913535     
          24          25   1.3660350069756135     
          25          26  0.99604040075647815     
          21          27   1.3561222520303580     
          22          27  0.15801974403965727     
          23          27  0.36917167631699332     
          24          27  0.15568862202955056     
          25          27   1.4137832026972854     
          15          28   1.1839072380855145     
          19          28   1.0274435840142824     
          12          29   1.2573678337443990     
          13          29  0.17374759614817273     
          14          29  0.14240264938755579     
          28          29   1.4583085983888122     
