   -0.09947722
    0.01753248
    0.12518185
    0.02689811
   -0.09812103
   -0.00998899
    0.08501199
   -0.13298152
    0.30709694
   -0.34892645
    0.03597218
    0.07348765
   -0.08978781
    0.13033697
    0.01604514
    0.00621528
    0.31005144
   -0.27653588
   -0.21950597
    0.19933206
   -0.14153242
    0.17094004
   -0.15935317
    0.18666785
   -0.16008955
    0.14247902
   -0.03306631
   -0.02803826
    0.19735863
   -0.14756205
    0.09089787
   -0.05441679
   -0.06800162
   -0.00438367
   -0.15278787
    0.15554568
   -0.05249462
