           1           2   2.0799440167063343     
           2           3   1.1259543295380467     
           3           4   1.1417874521826046     
           2           5  0.12414249949785379     
           4           5   2.0589314596247719     
           1           6  0.13649175800937452     
           3           6   1.1579801386715465     
           5           6  0.12879910535181074     
           6           7   1.4245124037424444     
           7           8   1.6786854706017285     
           8           9   1.1692513701743015     
           8          10  0.12779953378760237     
           9          10   1.6635979768596787     
           9          11   1.0189323629254599     
          11          12   1.3716788127539012     
          12          13   1.4875305731531139     
          12          14  0.95679121664512834     
          14          15   1.5213800326934517     
          15          16   1.6345314442307912     
          16          17  0.81509916927187920     
          17          18   1.7661151895325244     
          15          19  0.11354838785522145     
          17          19   1.2229230938410010     
          18          19  0.13726459789495632     
          19          20   1.2642238697277981     
          20          21   1.2519923474578860     
          21          22   1.5749368901485508     
          22          23   1.6725414022415257     
          23          24   1.1670367812329765     
          22          25  0.18391311223049359     
          24          25   1.2835140213036456     
          25          26   1.2510576519073133     
          26          27   1.2152947551775153     
          27          28   1.7795661126406566     
          28          29   1.3580136120401674     
          29          30   1.0102310486250508     
          29          31   1.2431689500428165     
          31          32   1.0110159801845406     
          26          33   1.2706807427627969     
          27          33  0.31830741375613719     
          28          33  0.16600500203743174     
          31          33   1.4615322120181176     
          16          34   1.0773559902599474     
          20          34   1.2121493150401725     
          24          34   1.2957233295092745     
          13          35  0.14653323076440972     
          14          35   1.2540551263627275     
          11          36   1.0442190080348361     
          35          36   1.3729612047603894     
          11          37  0.10064353207246096     
          36          37   1.4193715186067579     
