    0.00049682
   -0.01771244
    0.15764087
   -0.07316870
    0.11781610
   -0.11324643
    0.05992408
    0.03344316
    0.12308953
   -0.18156550
    0.12935227
   -0.16385401
    0.13780512
   -0.04773307
   -0.05836036
    0.06981925
    0.03015773
    0.04914354
   -0.14388778
    0.13309050
   -0.01672914
    0.07436812
   -0.03395374
   -0.00648501
    0.03313247
   -0.00479375
   -0.02538996
   -0.05395928
    0.02340087
   -0.04820470
    0.11667087
   -0.19713468
    0.29774485
   -0.43954348
    0.00746588
    0.04487512
   -0.02794406
    0.17530595
   -0.06678375
   -0.09429326
