           1           2   2.5865033497300458     
           2           3  0.92479779710485877     
           1           4  0.21681566760390711     
           3           4   1.6630713358744189     
           1           5  0.12161288307001440     
           3           5   1.2059223502614569     
           4           5  0.11840806823117886     
           5           6   1.2722977372246114     
           6           7   1.2048591502541750     
           5           8  0.13458040770493582     
           7           8   1.7580194603555763     
           8           9   1.2811537645933020     
           9          10   1.1802948669902775     
           7          11  0.11600714882574861     
          10          11   1.5712522919578678     
          11          12   1.7351631386758610     
          12          13   1.0892971762355064     
          11          14  0.13758565715362459     
          13          14   1.5988523592712935     
          14          15   1.0919572995054811     
          15          16   1.3302051542015800     
          16          17   1.6303282298886173     
          15          18  0.10270019055633448     
          16          18  0.39731440636908277     
          17          18   1.6334387356936906     
          16          19  0.11017788149020344     
          18          19   1.3700995875403821     
          19          20  0.94367882930369806     
          20          21  0.95301148487366560     
          20          22  0.94863945452200527     
          20          23  0.95601749143973991     
          15          24   1.3524392673166088     
          16          24  0.15979493902196806     
          17          24  0.41743848456797045     
          18          24  0.16228567742934513     
          19          24   1.4279110033659246     
           9          25   1.1656478760615065     
          13          25   1.0524003909345108     
           6          26   1.2559687819467962     
           7          26  0.22467944274672791     
           8          26  0.18335454561326828     
          25          26   1.4620574156510246     
