   -0.04339807
   -0.00361812
    0.31775392
   -0.31301229
    0.02710671
   -0.01857850
   -0.01145486
   -0.04813040
    0.08053467
    0.26670418
   -0.41410330
   -0.16527165
    0.10783470
   -0.06147029
    0.01398223
    0.20298854
   -0.16126508
    0.10171620
    0.00314331
   -0.02054131
    0.18895201
   -0.14657010
    0.06028620
   -0.04309621
    0.14811108
   -0.16887866
   -0.13633055
    0.15530961
   -0.12903463
    0.13339615
   -0.08829081
    0.16473215
   -0.11903329
    0.07164832
    0.05203030
    0.00353317
   -0.00768536
