           1           2   2.4890989356935047     
           2           3  0.98112556699684961     
           1           4  0.13582943078174739     
           3           4   1.7532396954804115     
           3           5   1.0577115274463871     
           5           6   1.1318141202699903     
           2           7  0.14367121363429766     
           6           7   1.3073173611358799     
           6           8  0.48338837669346857     
           7           8   1.4027866658634791     
           5           9   1.1400336103638418     
           8           9   1.2403532096488814     
           9          10   1.2347559600188647     
          10          11   1.4172629490671977     
          10          12   1.1898720025583471     
          11          12  0.14611051303356201     
          12          13   1.2506989084992490     
          13          14   1.3828668046307671     
          14          15   1.4349379275363754     
          15          16   1.1509125522786920     
          16          17   1.3129929819422299     
          17          18   1.1945267217002731     
          18          19   1.3031058041497268     
          19          20   2.1921383891998758     
          20          21   1.3625375412157084     
          21          22   1.0071277545833166     
          19          23  0.11073733262336516     
          21          23   1.2953689295736865     
          23          24   1.0229374820003592     
          18          25   1.2393485928695198     
          20          25  0.11427470945603378     
          23          25   1.3777501124130442     
          25          26  0.98953626143047890     
          16          27   1.2617916663379440     
          17          27  0.11607679411763679     
          17          28  0.25086949436102424     
          27          28   1.5894365350569735     
          28          29   1.5933058991727087     
          15          30   1.0873604637791134     
          29          30   1.2358822466120187     
          14          31  0.42058633376778526     
          30          31   1.3502340988324482     
          13          32   1.0942599838666618     
          31          32   1.4917341125535160     
          32          33   1.0646271526737365     
          33          34   1.1477558939252053     
          34          35   1.8631900582280512     
          35          36   1.0944887719661538     
          34          37  0.20422882935532813     
          35          37  0.22287135529472649     
          36          37   1.5674794703627639     
