           1           2   2.1780384125523580     
           1           3  0.10937234394549852     
           2           3   1.1217534075102369     
           3           4   1.0925392031854126     
           4           5   1.4639277651538452     
           5           6   1.3941258320148424     
           6           7   1.2366708214464488     
           7           8   1.6834398847384182     
           8           9   1.3714905930110393     
           9          10   1.0819314756000959     
          10          11   2.8149493906687089     
           9          12   1.2399223868826397     
           8          13  0.14644514727843072     
          12          13   1.2263560362832810     
          13          14   1.3116397654839218     
          14          15   1.1897846825587746     
          15          16   1.8559735365869103     
          16          17   1.2888745036014329     
          17          18   1.1028426776602467     
          18          19   1.1278296915842769     
          19          20   1.2241046951311310     
          20          21   1.2413927196324781     
          21          22   1.6047189517408538     
          21          23  0.19215413203592552     
          22          23   1.5815171002645310     
          21          24  0.26199710559889267     
          23          24   1.6002814078646963     
          20          25   1.2427166582331801     
          22          25  0.23191195914123144     
          23          25  0.19858290904331238     
          24          25   1.6263073945603359     
          17          26   1.1675849444398310     
          26          27   1.0113793028810103     
          14          28   1.2374548462772674     
          15          28  0.30006354408391323     
          16          28  0.16536175997959615     
          26          28   1.5126890752413269     
           6          29   1.0666055378813100     
          12          29   1.1926333756954997     
           5          30  0.49813800090625587     
          29          30   1.4266051974612683     
           4          31   1.0817857328981866     
          30          31   1.4467035591493047     
          31          32   1.1753490477097213     
          32          33   1.4818249036903488     
          32          34  0.16966067341716895     
          33          34   1.4009775615466264     
          33          35  0.96763464298179347     
          34          35  0.12561121164653397     
          35          36   2.2632726774159568     
          34          37  0.11095279268386166     
          35          37  0.14626402833385971     
          36          37   1.3627676946993850     
          37          38   1.0936355584004636     
          35          39  0.10875245944490132     
          37          39  0.38146351382532773     
          38          39   1.3940766717000468     
          38          40   1.0679581829724449     
          39          40  0.42200888482393861     
          40          41   1.4458404319225968     
          40          42  0.13326016626827830     
          41          42   1.8888537648671402     
