           1           2   1.5551926549729842     
           2           3   1.0225957323274466     
           1           4  0.10741553732949100     
           3           4   1.6651657462802703     
           4           5   1.1374592318740460     
           5           6   1.6084171592350085     
           6           7   1.5244567206998203     
           7           8   1.0783202019314668     
           6           9  0.12458305825838795     
           8           9   2.7976339962398660     
           7          10   1.1656628466205083     
          10          11   1.4271894005366210     
          10          12   1.2217523995260517     
          11          12  0.11718468464834374     
          12          13   1.6163293932545875     
          13          14   1.4403893926578479     
          14          15   1.6091122070220731     
          14          16  0.14166260426272262     
          15          16   1.6626901762237229     
          15          17  0.10918530454762072     
          16          17   1.4252056566001232     
          17          18   1.4368742992660286     
          17          19  0.11033756737914188     
          18          19   1.4947200262946705     
          18          20  0.85335687154859130     
          20          21   1.0741158727033131     
          21          22   2.8162830553847358     
          19          23  0.20981292339947846     
          20          23   1.8576362258635775     
          22          23  0.14090004478023088     
          23          24   1.2568780387785445     
          24          25   1.2836716328333784     
          25          26   1.4622222634967927     
          26          27   1.0353266607899390     
          25          28  0.10056588020580312     
          27          28   1.5529598907718907     
          26          29   1.1084351084402544     
          25          30  0.16844363288069761     
          29          30   1.4946511217398202     
          29          31   1.1567344255756140     
          31          32  0.93740083499801341     
          32          33   1.4605450110684266     
          32          34   1.4714725875755350     
          33          34  0.39162681897587881     
          24          35   1.2414545572954498     
          25          35  0.42619632419063519     
          30          35  0.20179718308919570     
          31          35   1.5431504758395760     
           4          36  0.40757435968574485     
           5          36   1.0692644369941211     
          36          37   1.7312511434879765     
          37          38  0.92588968285371287     
          38          39   1.4673340020074983     
          38          40   1.4743412920115717     
          39          40  0.40005564979991914     
           3          41  0.93686568535030756     
          37          41   1.0055940405457287     
           4          42  0.13561140403534508     
          36          42  0.15546811728053225     
          41          42   1.7833454227103778     
