   -0.00512179
   -0.03336326
    0.14948832
   -0.07208524
    0.11211446
   -0.14143459
    0.08902319
    0.01938229
    0.12491353
   -0.18347569
    0.13552978
   -0.12877432
    0.13543158
   -0.03000929
   -0.02853856
    0.05412535
   -0.02040814
    0.12891599
   -0.20674893
    0.12264941
    0.05749328
   -0.01767343
   -0.00147961
    0.03348323
    0.00648798
   -0.01933765
   -0.04875966
    0.11561711
    0.10278267
   -0.08418796
   -0.10076067
    0.01312870
   -0.06389181
    0.09950215
   -0.17702388
    0.29044966
   -0.40467419
   -0.03049637
    0.02674798
   -0.01710370
    0.18646356
   -0.09485621
   -0.09352527
