           1           2   1.5492301434000759     
           2           3   1.0174853317311583     
           1           4  0.10561489951164210     
           3           4   1.3038509111433501     
           4           5   1.6338838414201862     
           4           6  0.31643169067745869     
           5           6   1.6388723989409697     
           4           7  0.11619316290716294     
           6           7   1.3574685578953862     
           7           8  0.99032339189236507     
           8           9   1.3140967528655827     
           9          10   1.6014354665033930     
          10          11   1.4662973283947647     
          11          12   1.1043212388217016     
           8          13   1.4164044564996559     
           9          13  0.16940865261747165     
          10          13  0.26524872312574099     
          12          13   1.3765158197286926     
          12          14   1.2246417086892936     
          14          15   1.2454708279277782     
          14          16  0.15214653455267599     
          15          16   1.7311632501168357     
          11          17   1.0438007056003147     
          15          17  0.80984664863479616     
          14          18  0.13796784748399607     
          16          18  0.12770848184175607     
          17          18   1.8505727319619942     
          18          19   1.3175838600258862     
          19          20   1.2356662931992812     
          20          21   1.5227901163741977     
          21          22   1.3068912062703344     
          22          23   1.1923238819339617     
          23          24   2.2255228260348545     
          24          25  0.84476109228775187     
          25          26   1.6636530286919773     
          25          27   1.3733131646049774     
          26          27  0.27157785420104980     
          19          28   1.1095954341729326     
          22          28   1.0628197429191062     
          20          29  0.17610481281469070     
          21          29  0.18305400114075807     
          28          29   1.6314671099060434     
           1          30  0.15110128945880383     
           3          30   1.3500500441632353     
           4          30  0.15417126493747674     
           5          30  0.37090754363817191     
           6          30  0.13999148870988221     
           7          30   1.4043385312001815     
