           1           2   2.0060067659733911     
           1           3  0.41167845260368446     
           2           3   1.5487034596396441     
           3           4   1.0495471247186245     
           1           5  0.12018262348936656     
           3           5  0.19159203517187376     
           4           5   1.2485584612892204     
           5           6   1.2377076121845019     
           6           7   2.5441989277879822     
           7           8   1.0131277077694343     
           8           9   1.4151462411429496     
           8          10   1.4455955182214064     
           9          10  0.24101034689487189     
          10          11   1.2051801998564331     
          11          12   1.2501318337451095     
          12          13   1.7973024999793648     
          13          14   1.2873444707490040     
          14          15   1.1812687411320830     
          12          16  0.17566382787080118     
          15          16   1.6508345073187765     
          16          17   1.5674188966771403     
          17          18   1.0991837366106685     
          18          19   2.7955116838421157     
          17          20  0.99390643124242195     
          20          21   1.6495880084180290     
          21          22   1.1029587203677378     
          22          23   1.3093080864974105     
          23          24   1.6149883313743236     
          23          25  0.38796382162910409     
          24          25   1.6436730046434374     
          25          26   1.3641211343437785     
          26          27  0.99938637997046054     
          22          28   1.3528839850933794     
          23          28  0.16620251898068358     
          24          28  0.37024852164732897     
          25          28  0.14736626094660377     
          26          28   1.4138439483213390     
          14          29   1.1409846226869700     
          20          29   1.0534829674539450     
          11          30   1.2612559144319986     
          12          30  0.16078082704432126     
          13          30  0.19914099105311761     
          29          30   1.4742631811370381     
           4          31   1.1046066296184589     
           5          31  0.11237655958640598     
          31          32   1.5374939141128596     
          31          33  0.38998433024107809     
          32          33   1.9666258695936316     
