           1           2   2.1275698548707260     
           1           3  0.10131219500850798     
           2           3   1.0549518295875113     
           3           4   1.0604191917046129     
           3           5  0.14692317744930999     
           4           5   1.7511510424607919     
           4           6   1.0119564711148306     
           6           7   2.5640731937991617     
           7           8  0.98264427692244838     
           8           9   1.7060615286908469     
           8          10   1.1611936206120008     
           9          10  0.11159752203490303     
          10          11   1.4963994783770134     
          11          12   1.0821636601013374     
          12          13   1.6674492948458761     
          13          14   1.0055667341341519     
          14          15   1.4202988576132132     
          15          16   1.1650988944544665     
          16          17   1.2874184651817331     
          17          18   1.6394665207677308     
          17          19  0.38506329045883231     
          18          19   1.6340167654697202     
          19          20   1.3657200275891757     
          20          21  0.99632714813337997     
          16          22   1.3213783191015671     
          17          22  0.15677194903200942     
          18          22  0.39396491644964798     
          19          22  0.15337121829750172     
          20          22   1.4146078671960660     
          14          23   1.3021701634110014     
          15          23  0.10775924724355559     
          15          24  0.20526584140236451     
          23          24   1.5309565545316770     
          24          25   1.7266382386404111     
          13          26   1.0352625721802688     
          25          26   1.1738915171150757     
          12          27  0.39562099030587372     
          26          27   1.3816300664689887     
          11          28   1.1840298250586427     
          12          28  0.10578785460615893     
          27          28   1.6713110965958422     
