           1           2   2.1788781290843611     
           1           3  0.10737005368249251     
           2           3   1.1152794017322416     
           3           4   1.0977377432433209     
           4           5   1.4628270912600203     
           5           6   1.4088614253256200     
           6           7   1.1706997419186171     
           7           8   1.6532199572967330     
           8           9   1.5640307261767135     
           9          10   1.1063560501542435     
          10          11   2.7715320610961984     
           9          12  0.98055603663400326     
           8          13  0.18517543418065863     
          12          13   1.6526319932487510     
          13          14   1.1170630716780812     
          14          15   1.2623147515783151     
          15          16   1.6841769338115320     
          16          17   1.3517207299851211     
          17          18   1.0524663333853614     
          15          19  0.11309410039240821     
          16          19  0.12591668378251686     
          18          19   1.6984582404426198     
          19          20   1.0585978370815892     
          20          21   1.4071184043961584     
          21          22   1.6594005663333888     
          20          23  0.12805225184979846     
          21          23  0.16632605325820290     
          22          23   1.7656030783655454     
          23          24   1.2803159035308485     
          24          25   1.2875312778425676     
          25          26   1.7347213045307681     
          25          27  0.14842783113486763     
          26          27   1.7032425968539198     
          25          28  0.41610563666184996     
          26          28  0.12082620450885426     
          27          28   1.7140839594036228     
          20          29   1.1820712650259106     
          24          29   1.1070793881413203     
          28          29   1.3386857810628912     
          15          30  0.10095407222613197     
          17          30   1.2200181278882596     
          30          31   1.0005584284295157     
          14          32   1.3346256844776385     
          15          32  0.25911741462007348     
          16          32  0.21260506714869523     
          30          32   1.4651869291759974     
           6          33   1.1138232166003752     
          12          33   1.0533541619353715     
           5          34  0.53535890768495487     
          33          34   1.5080832815748602     
           4          35   1.0852220886702526     
          34          35   1.4000998859471956     
          35          36   1.1960545359073051     
          36          37   1.4693980823324191     
          36          38  0.18984371659663263     
          37          38   1.4122199078394349     
          37          39  0.96866297864674533     
          39          40   2.3174179809940254     
          40          41   1.2525233427121369     
          41          42   1.0611827215670544     
          41          43  0.42508931413967521     
          42          43   1.2876864643024344     
          42          44   1.2792955168742961     
          43          44  0.52795589882276250     
