           1           2   2.0107643981573067     
           2           3   1.1733403182733653     
           3           4   1.0813311596282225     
           1           5  0.15087850641894268     
           2           5  0.11668204166433130     
           3           5  0.10851940566073276     
           4           5   2.0802590837251107     
           3           6   1.1614046278274228     
           4           6  0.21157039606801864     
           5           6  0.11539164212893598     
           6           7   1.2693377172409042     
           6           8  0.10032651056033116     
           7           8   2.5341570772518587     
           8           9   1.0262610564360277     
           9          10   1.6490551751526932     
           9          11   1.1842287994048681     
          11          12   1.2809030444036664     
          12          13   1.2081398168593156     
          13          14   1.8780001811673537     
          14          15   1.3166769345700855     
          15          16   1.0957033047977520     
          13          17  0.11864816282815685     
          14          17  0.10306152022803951     
          16          17   1.6746496897451892     
          17          18   1.6571736780590343     
          18          19   1.1789514538872103     
          19          20   1.5743554877460062     
          20          21   1.1198066367843089     
          21          22   1.3080452556067663     
          22          23   1.6288968406951854     
          22          24  0.38482393071000298     
          23          24   1.6344229252016265     
          24          25   1.3663317529197001     
          25          26  0.99430615558887658     
          21          27   1.3330332501873425     
          22          27  0.15767179054461733     
          23          27  0.35716415184796280     
          24          27  0.15369298123284203     
          25          27   1.4151560394672988     
          15          28   1.1720416863341201     
          19          28   1.0057008743474203     
          12          29   1.2481681555453217     
          13          29  0.10623945588091022     
          14          29  0.16395085918279331     
          28          29   1.4799044335347107     
