           1           2   2.5530221117461354     
           2           3  0.93268163612392840     
           3           4   1.4138931399765888     
           1           5  0.17748491314106818     
           3           5   1.4665124672013707     
           4           5  0.15200787607462943     
           5           6   1.1607548305665059     
           6           7   1.3952549655203177     
           7           8   1.4807539215799339     
           8           9  0.98615394381801802     
           9          10   1.5684681110072716     
          10          11   1.1233872771836075     
          11          12   1.3121748392954227     
          12          13   1.5917593687662055     
          12          14  0.34716001465615531     
          13          14   1.6769226226676879     
          14          15   1.2157608988498660     
          12          16  0.13378460251722094     
          15          16   1.3792161295439276     
          11          17   1.3379962839754640     
          12          17  0.16665448088047663     
          13          17  0.38088105540387174     
          14          17  0.16845677794062797     
          15          17   1.2588283451648141     
          16          17  0.14221510673078014     
           9          18   1.1968548453100265     
          10          18  0.11839185613921745     
          18          19   1.6864922723352815     
          19          20   1.7073418103440205     
           8          21   1.1651220598798386     
          20          21   1.0741096883137515     
           7          22  0.44638086503005708     
          21          22   1.3936368825349719     
           6          23   1.1360799302299618     
          22          23   1.4708450617144899     
          23          24   1.0278862881759450     
          24          25   1.1682533925553775     
          25          26   1.2951187295963607     
          25          27  0.20962030157381487     
          26          27   1.8901139921784438     
          27          28   1.1332033639343779     
          28          29   1.0226791186230786     
          29          30   1.4887996304410369     
          30          31   1.0494749995096906     
          29          32  0.28313232063215238     
          30          32  0.22434465813304194     
          31          32   1.4608858015609305     
          29          33  0.15140663553781997     
          30          33  0.24327908634910622     
          31          33   1.0439955491195778     
          32          33  0.22848672979396942     
          28          34   1.0627196173457771     
          29          34  0.16479021124504054     
          30          34  0.13764369278127775     
          32          34  0.27789353943469591     
          33          34   1.5378823849935124     
