           1           2   2.6166517478884614     
           2           3  0.88672911898618190     
           1           4  0.13470272279302625     
           3           4   1.6785123417922452     
           1           5  0.11542182761012650     
           3           5   1.2331243475256719     
           4           5  0.11398638616992807     
           5           6   1.1843062826222450     
           6           7   1.2269743905715285     
           5           8  0.13629711197571664     
           7           8   1.7506552727063456     
           8           9   1.2789506486168256     
           9          10   1.2363348966472052     
           7          11  0.14087335171158971     
          10          11   1.6328157767042679     
          11          12   1.5002618451637060     
          12          13   1.3439683525989308     
          13          14   1.0445449459812324     
          14          15   1.1035650512996877     
          15          16   1.4103226830967022     
          16          17   1.1779278095192240     
          17          18   1.3336613847048480     
          16          19  0.11229462925398068     
          18          19   1.8659113557921063     
          19          20   1.3282536887689058     
          20          21   1.0174777219085362     
          16          22  0.17906293558768593     
          18          22  0.29566819663663241     
          20          22   1.3825229746123184     
          14          23   1.0431848883887833     
          17          23   1.1157727257321826     
          22          23   1.4837885884411481     
           9          24   1.1133605978982959     
          13          24   1.2539436587344495     
           6          25   1.3358203130863924     
           7          25  0.18714709846113631     
           8          25  0.19773503596874231     
          11          25  0.10333833653496559     
          24          25   1.3312700419605017     
