   -0.10699415
    0.14264971
    0.04675253
    0.05716472
    0.08854905
   -0.02013128
    0.21241875
   -0.27208222
    0.21934839
   -0.23313526
    0.01452427
    0.55490462
   -0.30740684
   -0.34689562
   -0.00368106
    0.31833274
   -0.34730129
   -0.11642069
    0.11718645
    0.02063931
    0.10833663
   -0.10935925
    0.32416100
   -0.30686059
    0.03457242
    0.14425575
   -0.12040954
    0.05190389
    0.08332714
   -0.04160699
    0.19668217
   -0.34638830
    0.25132572
   -0.19584654
    0.00800381
    0.56447620
   -0.32931772
   -0.32799824
   -0.02767970
