           1           2   1.5453769635473535     
           2           3   1.0224097414555755     
           1           4  0.13281572519447010     
           3           4   1.6034773929339012     
           4           5   1.1583530349864033     
           5           6   1.5317520623167584     
           6           7   1.6565881297717659     
           7           8   1.0600898206577316     
           6           9  0.12873294187826154     
           8           9   2.7956160790690374     
           7          10  0.83648021662653171     
          10          11   1.7355131202389096     
           6          12  0.10001550899812227     
          10          12   1.2756942132714477     
          11          12  0.37524467984813081     
           4          13  0.40472599345466775     
           5          13   1.0997253830076636     
          13          14   1.6753105494799312     
          14          15   1.0987053431202294     
          15          16   1.2729946666595264     
          16          17  0.89559920980753305     
          17          18   1.3459874143749386     
          15          19  0.10385641589978056     
          18          19   1.6234179354478222     
          19          20   1.1858202399774633     
          18          21  0.16079858493637614     
          19          21  0.21782663652994211     
          20          21   1.4415907187738712     
          18          22  0.20008599844040922     
          19          22  0.17671861837214578     
          20          22   1.1855417041698215     
          21          22  0.23075527515385708     
          17          23   1.3515040413407078     
          19          23  0.18694358454975812     
          21          23  0.16482997739373262     
          22          23   1.6451688852833175     
           3          24  0.96319179441692693     
          14          24  0.94600724612443310     
           4          25  0.10607476411525248     
          13          25  0.14726144347827663     
          24          25   1.7718676217815581     
