           1           2   2.5572016304263010     
           2           3  0.92901389170164506     
           1           4  0.21393209423435250     
           3           4   1.6406484701838244     
           1           5  0.15534308592382187     
           3           5   1.2319950245379654     
           4           5  0.16618315340467649     
           5           6   1.2615687080344697     
           6           7   1.3372035293596525     
           7           8   1.5156097748229287     
           8           9  0.97622767978507752     
           9          10   1.6008817032422995     
          10          11   1.1145671435359976     
          11          12   1.3021221705163009     
          12          13   1.6272345005180759     
          12          14  0.39586649151661391     
          13          14   1.6295459574654736     
          12          15  0.10102813231457769     
          14          15   1.3652328862135013     
          15          16  0.99513736647675777     
          11          17   1.3421181578199184     
          12          17  0.15407739511783272     
          13          17  0.41396346385630728     
          14          17  0.15439051445137866     
          15          17   1.4173721505034778     
           9          18   1.1837487717033401     
          10          18  0.13068406259530968     
          10          19  0.12668858641138123     
          18          19   1.7067491228875720     
          19          20   1.7039310074854492     
           8          21   1.1483950983700817     
          20          21   1.0739391255357666     
           7          22  0.43553821761094763     
          21          22   1.4037295735447572     
           6          23   1.1091788847990789     
          22          23   1.4627604235650637     
          23          24   1.0470988444481610     
          24          25   1.0992557850374083     
          25          26   1.4417118572332606     
          25          27  0.14119022429037087     
          26          27   1.6828953394568975     
          25          28  0.15157838347387451     
          26          28  0.16727101444578268     
          27          28   1.6444468418845057     
          28          29   1.0675540061027360     
          28          30  0.23034470077493652     
          29          30   1.2746826174515067     
          29          31   1.2864043433955672     
          30          31  0.53218679394774959     
