           1           2   2.7810812858905463     
           2           3   1.0496058391174017     
           1           4  0.16857793581789707     
           3           4   1.8555069200423135     
           4           5   1.1841681582218846     
           5           6   1.5319535672046387     
           6           7   1.1914204110125683     
           7           8   1.5697998900605052     
           7           9  0.90483447600347944     
           9          10   1.8517995608748410     
           9          11  0.93605472926655886     
          11          12   1.1299992189467953     
          12          13   1.1962321137330394     
          12          14  0.12534729504264819     
          13          14   1.2538444876110841     
          14          15   1.1829431722859753     
          14          16  0.10090467730805895     
          15          16   1.2715072933236320     
          16          17   1.5953812540221752     
          16          18  0.18474345516862237     
          17          18   1.6026436566299451     
          14          19  0.10226183416430550     
          16          19  0.22970885820694933     
          18          19   1.6023896246166469     
          15          20   1.2606351497819721     
          16          20  0.11116736124599177     
          17          20  0.23330313652022408     
          18          20  0.19111557826783987     
          19          20   1.5804117953065078     
           5          21   1.0656374808618718     
           6          21  0.43982860236285692     
          10          21  0.12775717877791792     
          11          21   1.6677962873670811     
           3          22  0.82229210900326744     
           4          23  0.20790014654667804     
          22          23   1.4484258979236280     
           4          24  0.12633275873709962     
          22          24   1.5770736460352834     
          23          24  0.20451504582493363     
