           1           2   1.6726509899596547     
           2           3   1.0181935918975951     
           3           4   2.5674720748649147     
           3           5  0.12273070962873422     
           4           5   1.2496112595786768     
           5           6   1.1243081864787086     
           6           7   1.1090622735453943     
           7           8   1.4485612272234556     
           7           9  0.25554820081892465     
           8           9   1.4342560230245223     
           7          10  0.22773555249912414     
           8          10  0.21901473946193334     
           9          10   1.4779622968651474     
           5          11  0.18283137449663847     
           6          11   1.0768195478445455     
           7          11  0.12909216776630408     
           8          11  0.20506862644755072     
           9          11  0.24214052047642878     
          10          11   1.3504299433195996     
           2          12   1.1789437073139282     
          12          13   1.2894806960902887     
          13          14   1.2092163987913480     
          12          15  0.11734860215834003     
          14          15   1.7553879962341337     
          15          16   1.2890947918469422     
          16          17   1.1677481317712339     
          14          18  0.13993764387246038     
          17          18   1.5594233270169231     
          18          19   1.7713220168793495     
          19          20   1.1045670272140171     
          20          21   1.6217412238509572     
          21          22   1.1055796938201736     
          22          23   1.3092903738165498     
          23          24   1.6189505869369740     
          23          25  0.38972938046505412     
          24          25   1.6324662459448160     
          25          26   1.3631453899265467     
          26          27  0.99414793893649644     
          22          28   1.3516623694631362     
          23          28  0.16092638531113865     
          24          28  0.38203032712304069     
          25          28  0.15518865730077061     
          26          28   1.4187826691560086     
          16          29   1.1552760503265167     
          20          29   1.0160183040768471     
          13          30   1.2320299598746682     
          14          30  0.17402590435344917     
          15          30  0.16494559752747492     
          29          30   1.4938173788240836     
