           1           2   1.4500204132579952     
           1           3  0.35744258026938452     
           2           3   1.2567850912598284     
           1           4  0.22346010709660044     
           2           4   1.1874945764510094     
           3           4  0.24376837513665883     
           4           5   1.2588893508567969     
           5           6   1.2874990109146272     
           6           7   1.6539570532090950     
           6           8  0.15290512900805575     
           7           8   1.7727843942240786     
           6           9  0.37424187606946197     
           7           9  0.12373233866445513     
           8           9   1.6351503734465316     
           5          10   1.1631755527392966     
           7          10  0.10788013306041302     
           9          10   1.4400961170423803     
          10          11   1.0124688177421945     
          11          12   1.3367237355114583     
          12          13   1.1888394140436269     
          13          14   1.6241642206911018     
          14          15   1.1107894448397144     
          15          16   1.5669122314795592     
          16          17   1.5591854974624872     
          17          18   1.0775062733027529     
          16          19  0.13492529547257961     
          18          19   2.7924449692169229     
          17          20   1.1290490807343267     
          16          21  0.19171176113695132     
          20          21   1.5030545677365974     
          20          22   1.2469027245580229     
          21          22  0.58366633844086990     
          14          23  0.38689759298356347     
          15          23   1.1299605020868559     
          23          24   1.6587794367801907     
          24          25   1.0151345551031346     
          23          26  0.11082193066253131     
          25          26   1.5569721681803881     
          13          27  0.93845387042712913     
          24          27  0.95076175974866051     
          14          28  0.14009566509382784     
          23          28  0.14133585211537725     
          27          28   1.8136355470443819     
