           1           2   1.5343086965800414     
           1           3  0.13377845689546314     
           2           3   1.0773685435464775     
           3           4   1.3327837961616602     
           3           5  0.20644935686478316     
           4           5   2.2985633252903899     
           5           6  0.97908049694649846     
           6           7   1.6834076859746687     
           6           8   1.1802214567652032     
           8           9   1.2812621433190345     
           9          10   1.2006679679204779     
          10          11   1.8412031046788435     
          11          12   1.3080139866107823     
          12          13   1.1043137557693594     
          10          14  0.10123413425606241     
          13          14   1.6810828300241216     
          14          15   1.6301666714052456     
          15          16   1.1528429240385958     
          14          17  0.11713571064902668     
          15          17  0.10252720479370402     
          16          17   1.5822589796885973     
          17          18   1.0895439545714740     
          18          19   1.3209882947094311     
          19          20   1.6211109601475664     
          18          21  0.10110099200556724     
          19          21  0.38547826334490776     
          20          21   1.6313768926781020     
          19          22  0.10117364842731072     
          21          22   1.3659094248793426     
          22          23  0.99666264420557937     
          18          24   1.3565427411372948     
          19          24  0.15875095396900676     
          20          24  0.36702935695999911     
          21          24  0.15498178323317513     
          22          24   1.4136038168389278     
          12          25   1.1833612974756602     
          16          25   1.0270078870516275     
           9          26   1.2556030188481326     
          10          26  0.16318950771204463     
          11          26  0.14185849634081887     
          25          26   1.4597527642974346     
           1          27  0.40379736566461572     
           2          27  0.95756507256304002     
           3          27  0.17942462777659257     
           1          28  0.14406822775958741     
          27          28   1.6067590766506910     
           1          29  0.19459701227648482     
          27          29  0.19577749254218574     
          28          29   1.8195198442148957     
