           1           2   1.8450087404178941     
           1           3  0.15903058120897523     
           2           3   1.0677388275380033     
           3           4   1.4602869506461866     
           4           5  0.97107527662372140     
           5           6   1.7656348295931990     
           5           7   1.0968650492546221     
           6           7  0.10445253218760886     
           7           8   1.0851702605364417     
           8           9   1.6502771925385056     
           9          10   1.0744061804650977     
           8          11  0.12758918204259481     
          10          11   1.1599766125633910     
           8          12  0.16920097662954853     
          10          12  0.10419590625501841     
          11          12   2.0793984122634965     
           9          13  0.15045082377270513     
          10          13   1.0988628993902945     
          11          13  0.14838022353151054     
          12          13  0.12416516589676448     
           7          14   1.1675572464139552     
           8          14  0.14440225529690107     
           9          14  0.14643207998924504     
          13          14   1.3975784500926218     
           1          15  0.17198384081643764     
           4          15   1.2486925128814221     
           1          16  0.10370424405125730     
           2          16  0.94371692362751847     
          15          16   1.2661218664172411     
          16          17   1.4995805234225392     
          17          18   1.5100789086477857     
          18          19   1.0291160219829316     
          17          20  0.11612061183543124     
          19          20   1.5765795640578046     
          17          21  0.11692546224154338     
          19          21   1.2158526192687213     
          21          22   1.3003742674623502     
          22          23   1.2348041593999859     
          23          24   1.5597246345192184     
          24          25   1.7085819206162258     
          25          26   1.1578985230480465     
          24          27  0.19131388482741921     
          26          27   1.3391748239106802     
          27          28   1.2278520136288602     
          28          29   1.2265038877453098     
          29          30   1.7039761473535571     
          30          31   1.3608233791623108     
          31          32   1.0062038034449048     
          31          33   1.2501024085268913     
          33          34   1.0083469409354413     
          28          35   1.2716341416245525     
          29          35  0.35917110598465585     
          30          35  0.15234631375236934     
          33          35   1.4631767504749589     
          18          36   1.1645973285307827     
          22          36   1.1652350914164058     
          26          36   1.2294290157585561     
