           1           2   1.6517743314222664     
           2           3   1.0055649193091436     
           3           4   2.5778574754083996     
           4           5   1.1916987898443503     
           3           6  0.14983928682033928     
           5           6   1.8781822439407052     
           1           7  0.11207264394577364     
           2           7   1.2012844555104920     
           7           8   1.2565172283522796     
           8           9   1.2164083142138691     
           7          10  0.13670852550762674     
           9          10   1.7316716688646208     
          10          11   1.3091905087080853     
          11          12   1.0932132023443684     
           9          13  0.10412957043794106     
          12          13   1.6953727142721604     
          13          14   1.6272603522046163     
          14          15   1.1547772922553585     
          13          16  0.11984253254378142     
          14          16  0.11100476313053556     
          15          16   1.5797272325351110     
          16          17   1.0887853097355453     
          17          18   1.3209773813962904     
          18          19   1.6226153100064733     
          17          20  0.10089263089850647     
          18          20  0.38566025109019780     
          19          20   1.6304899129831922     
          18          21  0.10146308095686049     
          20          21   1.3663544412292195     
          21          22  0.99473709817288680     
          17          23   1.3560748121256068     
          18          23  0.15644083466183964     
          19          23  0.38165096837579426     
          20          23  0.15554503499778707     
          21          23   1.4142130507729336     
          11          24   1.1923706251861523     
          15          24   1.0269391864385289     
           8          25   1.2635284786940550     
           9          25  0.23429866494774171     
          10          25  0.16431761394017677     
          24          25   1.4543621044730690     
