           1           2   2.1742724920028755     
           1           3  0.11553357028487347     
           2           3   1.1252610149994766     
           3           4   1.1079410556743556     
           4           5   1.4653698506425938     
           5           6   1.3929400933714273     
           6           7   1.2483349125819418     
           7           8   1.6489123267060057     
           8           9   1.3784904038716248     
           9          10   1.0827179185604578     
          10          11   2.8126677115739520     
           9          12   1.2290077061496876     
           8          13  0.26846384624323616     
          12          13   1.2600724001917838     
          13          14   1.2317438487590819     
          14          15   1.2190393202961203     
          15          16   1.7186061149989169     
          16          17   1.3475996742690211     
          17          18  0.98096612251050952     
          18          19   1.1422563321120760     
          19          20   1.0362895958738114     
          20          21   1.3741403602314612     
          21          22   1.6862019116644458     
          20          23  0.13534357741650735     
          21          23  0.13985657814911406     
          22          23   1.7716568303822624     
          21          24  0.35390422652639553     
          22          24  0.14853658877519157     
          23          24   1.6262770844481091     
          20          25   1.2595469634642245     
          22          25  0.11458699983817154     
          24          25   1.3987212343917250     
          25          26   1.0043205064047200     
          17          27   1.2413712998953574     
          27          28   1.0005632300637453     
          14          29   1.2830271171057854     
          15          29  0.30860827362032955     
          16          29  0.17556960322499618     
          27          29   1.4685663496306747     
           6          30   1.0586839965178816     
          12          30   1.1816216821124819     
           5          31  0.49168644733862893     
          30          31   1.4541066027325504     
           4          32   1.0547669174594263     
          31          32   1.3769491486563639     
          32          33   1.2927890353786098     
          33          34   1.1830676778212292     
          34          35   1.6745668539049969     
          34          36  0.98279761269985988     
          36          37   2.2794636078474388     
          37          38   1.3472964185939647     
          38          39  0.95940657345731106     
          36          40  0.15716421405429970     
          38          40  0.46687903661803687     
          39          40   1.3556153960925608     
          36          41  0.14946232743359300     
          38          41  0.47171021032079696     
          39          41   1.3588551887300473     
          40          41  0.50939265921588195     
