   -0.10266509
    0.10881198
   -0.10213201
    0.16785423
   -0.08068837
    0.12005637
   -0.10924768
    0.06392560
    0.03340198
    0.12219742
   -0.18148089
    0.13062844
   -0.14094750
    0.14134656
   -0.06253378
   -0.07298335
    0.17656193
   -0.12356245
    0.05155475
    0.12563160
   -0.04907269
    0.02277166
    0.03097434
    0.03173406
   -0.10449566
    0.08855387
   -0.06512271
   -0.06542115
    0.02459368
   -0.06057657
    0.11816704
   -0.17080205
    0.30197087
   -0.41068506
    0.00765932
    0.03506447
   -0.02418975
    0.18224535
   -0.09145063
   -0.06764815
