           1           2   2.1848837541425556     
           1           3  0.11260111461621547     
           2           3   1.1258496982278909     
           3           4   1.1002703512983223     
           4           5   1.4618148536458360     
           5           6   1.3982767817957991     
           6           7   1.2414692431325483     
           7           8   1.6740603773102505     
           8           9   1.3718670533214241     
           9          10   1.0815752447093014     
          10          11   2.8144865101660232     
           9          12   1.2357518872856363     
           8          13  0.19636683934224242     
          12          13   1.2403162905544471     
          13          14   1.2951808414043826     
          14          15   1.1841922151644453     
          15          16   1.8290516140586865     
          16          17   1.2974924244005184     
          17          18   1.0790032115689827     
          18          19   1.1470270632928643     
          19          20   1.0800096408725506     
          20          21   1.3417624274901963     
          21          22   1.5726869171567950     
          20          23  0.11123613264411236     
          21          23  0.18258723956080780     
          22          23   1.7742287423186307     
          21          24  0.38993037671542796     
          22          24  0.13644620567408489     
          23          24   1.5821121204268258     
          20          25   1.2858224534586558     
          22          25  0.27610347445093414     
          24          25   1.5435705170499803     
          17          26   1.1786501126894411     
          26          27   1.0087265508873839     
          14          28   1.2550764252250626     
          15          28  0.28943126681679837     
          16          28  0.16735174834430463     
          19          28  0.12012832900979396     
          26          28   1.5137668747385387     
           6          29   1.0606052090530116     
          12          29   1.1913898156864242     
           5          30  0.51038943560706129     
          29          30   1.4357571154394504     
           4          31   1.0767342251495582     
          30          31   1.4316046919986130     
          31          32   1.1978019119321179     
          32          33   1.4635902107472900     
          32          34  0.17622549154243239     
          33          34   1.3752671650420683     
          33          35   1.0093947774144585     
          34          35  0.12628976778464601     
          35          36   2.2560189304350247     
          35          37  0.16004597746532578     
          36          37   1.3537351375711471     
          37          38   1.0447626114399067     
          37          39  0.39563484365523066     
          38          39   1.2991009355668852     
          38          40   1.2884158584883745     
          39          40  0.47420045964410379     
