           1           2   1.5556153590674018     
           2           3   1.0342674944132404     
           1           4  0.11029773422040356     
           3           4   1.4403418409783253     
           4           5   1.2793996646230625     
           5           6   1.2207197254371192     
           6           7   1.8455215519812167     
           7           8   1.0461394474337482     
           6           9  0.16246054038467223     
           8           9   2.7857026712799673     
           7          10  0.85403090903407897     
           6          11  0.12136453892034516     
          10          11   1.4124300833243277     
           6          12  0.13535896782339990     
          10          12   1.5795555773715815     
          11          12  0.19888728498043332     
           4          13  0.42383786182372452     
           5          13   1.2766176380356780     
          13          14   1.4812021085051255     
          14          15   1.1244225143279603     
          15          16   1.4614106300973313     
          16          17  0.97920166959187616     
          17          18   1.4428933985040109     
          18          19   1.5867788023874325     
          17          20  0.11115675964048349     
          18          20  0.13589755980172502     
          19          20   1.7497488379482080     
          18          21  0.36067386526861817     
          19          21  0.16465262289048913     
          20          21   1.6497099196809546     
          17          22   1.1695997958851001     
          21          22   1.2809651419377557     
          22          23   1.2571073425986190     
          23          24   1.1833836475216186     
          23          25  0.28135500312766709     
          24          25   1.1503602833024811     
          23          26  0.18899536477896892     
          24          26   1.5708008105609779     
          25          26  0.36494779022612994     
           3          27   1.1179349113658796     
          14          27   1.1156648213423781     
           4          28  0.12878967548268022     
          13          28  0.16986291129433004     
          27          28   1.4894254514687353     
