           1           2   1.8272239941454476     
           1           3  0.16283713748827042     
           2           3   1.1069431529873872     
           3           4   1.4380887358074508     
           4           5  0.97603869366640339     
           5           6   1.7690650453898120     
           5           7   1.1014932475694383     
           6           7  0.10709150480061448     
           7           8   1.1323271927073051     
           8           9   1.3769340213078358     
           9          10   1.1347038201580546     
           9          11  0.11979682346115980     
          10          11   1.1696452594265465     
           7          12   1.1186308757284944     
           8          12  0.15259399622670961     
          11          12   1.3736951284992196     
           1          13  0.21056574475270826     
           4          13   1.2715567406851034     
           2          14  0.89906462358198136     
          13          14   1.2806990966903029     
           3          15  0.20117846737687861     
          14          15   1.5559223521106382     
          15          16   1.4887961394910014     
          16          17   1.0249184866664431     
          15          18  0.10238341822188832     
          17          18   1.5791742697939530     
          15          19  0.11743292681090296     
          17          19   1.2123456704691320     
          19          20   1.3070398890608237     
          20          21   1.2353508456659028     
          21          22   1.5648637277781365     
          22          23   1.7245043485460785     
          23          24   1.1533851171984291     
          22          25  0.20441765402524489     
          24          25   1.3470634463923328     
          25          26   1.2337693838915247     
          26          27   1.2180180271300505     
          27          28   1.7756536812617945     
          28          29   1.3637996137709072     
          29          30   1.0065104421325877     
          29          31   1.2451776576383531     
          31          32   1.0096822444881597     
          26          33   1.2796500070472216     
          27          33  0.32230184382838784     
          28          33  0.13972400999645307     
          31          33   1.4540128888693982     
          16          34   1.1940991049431713     
          20          34   1.1584613269969448     
          24          34   1.2234420861302844     
