           1           2   1.5694180803319921     
           2           3  0.98965712254893246     
           1           4  0.10476448850011968     
           3           4   1.6772882678162078     
           4           5   1.1024457507548588     
           5           6   1.5817505945749903     
           6           7   1.5617116942575988     
           7           8   1.0762733473666430     
           6           9  0.13152653629590660     
           8           9   2.7967944563341804     
           7          10   1.1325042339206597     
           6          11  0.18134872155340609     
          10          11   1.5030299436719270     
          10          12   1.2472876621630347     
          11          12  0.59468875591760939     
           4          13  0.38080056373340232     
           5          13   1.1218672810426964     
          13          14   1.6252558621014510     
          14          15   1.1688650606171693     
          15          16   1.2980234076485213     
          15          17  0.39193198750807706     
          16          17   1.3929311855635731     
          17          18   1.0940032007959657     
          18          19   1.3499324068417158     
          19          20   1.6730743398282799     
          18          21  0.12260769332811512     
          19          21  0.14419927002854072     
          20          21   1.7659378373696546     
          19          22  0.36023161269760995     
          20          22  0.14676527044039892     
          21          22   1.6429163077345486     
          18          23   1.2404984591541679     
          20          23  0.11202479297912281     
          22          23   1.4050273981154202     
          23          24   1.0083128984336622     
           3          25  0.95474902994682687     
          14          25  0.95412328760012766     
           4          26  0.12179002690362289     
          13          26  0.11660999237916223     
          25          26   1.7875855494071629     
