           1           2   1.4465040414252990     
           1           3  0.77018558415898197     
           2           3   1.4751275415571854     
           2           4  0.87579170300941456     
           1           5  0.29655294873280558     
           3           5  0.16200597498112959     
           4           5   1.6048206522134436     
           3           6  0.15460720541393244     
           4           6   1.0493936814475551     
           5           6  0.35045567344184952     
           6           7   1.2737142240251473     
           6           8  0.10336018007347497     
           7           8   2.5226508230363791     
           8           9   1.0234264828483450     
           9          10   1.6579269675007577     
           9          11   1.1853276658656682     
          10          11  0.10850775907232005     
          11          12   1.2638702790726679     
          12          13   1.2050047177463603     
          11          14  0.12754288577003298     
          13          14   1.7639540367890003     
          14          15   1.2671773030434892     
          15          16   1.2363685185944877     
          13          17  0.15190569243974328     
          16          17   1.5882102445435158     
          17          18   1.6007610394870431     
          18          19   1.2200373682634820     
          17          20  0.14229031256924426     
          19          20   1.3377461146993066     
          20          21   1.1892339332306261     
          21          22   1.2818825859590053     
          22          23   1.6468548591293672     
          22          24  0.37633191953286466     
          23          24   1.6222767632782107     
          24          25   1.3635606995219134     
          25          26  0.99405083321505128     
          21          27   1.3047165804998564     
          22          27  0.15412623455624658     
          23          27  0.40615549582096105     
          24          27  0.15831094764920331     
          25          27   1.4196925288550404     
          15          28   1.1303162161375737     
          19          28   1.1654586755721670     
          12          29   1.2812763455273830     
          13          29  0.21805996729122157     
          14          29  0.14643778413145517     
          28          29   1.3963173836318314     
