           1           2   2.6635816975066073     
           2           3  0.87235475028077425     
           1           4  0.26871987464295249     
           2           4  0.11594646734237594     
           3           4   1.3877780805487099     
           1           5  0.18592116901746675     
           3           5   1.5491619630818612     
           4           5  0.23338330775891886     
           5           6   1.1540655012632177     
           6           7   1.2594179441046673     
           7           8   1.7336091633678199     
           8           9   1.3188380718398085     
           9          10   1.1418743545769161     
           7          11  0.11618503897594291     
          10          11   1.5978987985503690     
          11          12   1.7798267745764123     
          12          13   1.1045256071573215     
          13          14   1.6168237955850753     
          14          15   1.1139453784200297     
          15          16   1.3222316106974061     
          16          17   1.6312307672381408     
          16          18  0.39770757646746513     
          17          18   1.6372239459351767     
          16          19  0.10800697840831186     
          18          19   1.3663745114625374     
          19          20  0.94248923943079888     
          20          21  0.95782563159653311     
          20          22  0.95168848546186491     
          20          23  0.95172158137129481     
          15          24   1.3377005079018753     
          16          24  0.16250224198607310     
          17          24  0.38872590204829149     
          18          24  0.16218385124047313     
          19          24   1.4322522662744230     
           9          25   1.1654315733122003     
          13          25   1.0180910139410941     
           6          26   1.2951890152961600     
           7          26  0.18004805926572959     
           8          26  0.21953316451156923     
          25          26   1.4663269720670442     
