           1           2   1.8373505246513275     
           2           3  0.97810981825372845     
           3           4   1.1461433395893157     
           4           5   2.1591646347187519     
           5           6   1.1755837510014613     
           4           7  0.11900417979790717     
           6           7   1.3786086213344964     
           4           8  0.12779915202616199     
           6           8   1.3380895173854448     
           7           8  0.22447246988046046     
           3           9   1.4594061910345153     
           1          10  0.15228534272380922     
           9          10   1.4613977125606803     
           2          11  0.97601626622652482     
          10          11   1.2372202958755758     
           9          12  0.19159710057239626     
          11          12   1.4611182854360754     
          12          13   1.5691502115121265     
          13          14  0.79953051521427843     
          14          15   1.7477336943308273     
          14          16   1.2282981163145643     
          15          16  0.12536072193288481     
          16          17   1.2409174269977203     
          17          18   1.3609177794817136     
          18          19   1.4179739662226063     
          19          20  0.99959595636443155     
          20          21   1.4110258332836789     
          21          22   1.6507366294984105     
          20          23  0.13032335648739260     
          21          23  0.15075989214337804     
          22          23   1.7660918345317873     
          21          24  0.36404832820307031     
          22          24  0.14752338749464117     
          23          24   1.6495028517108408     
          20          25   1.2243398975472346     
          22          25  0.10090791121149928     
          24          25   1.3451125052168083     
          25          26   1.0230301838214730     
          24          27  0.13930727819602903     
          26          27   1.5386861882958087     
          18          28  0.22634100353355471     
          19          28   1.2930292403133128     
          18          29  0.23647956638291409     
          28          29   1.6002545827664874     
          13          30   1.0442839883396722     
          17          30   1.1035344155663132     
          29          30   1.4614103442895974     
