           1           2   1.8083855056744569     
           1           3  0.39648811283858149     
           2           3   1.8989484677181998     
           3           4  0.96492780858723437     
           3           5  0.12750270512922834     
           4           5   1.6594219216032942     
           1           6  0.13546926098755546     
           4           6   1.2155252257778322     
           5           6  0.13994255851868631     
           6           7   1.2232511559361654     
           7           8   1.2299667290956640     
           6           9  0.11929648293622375     
           8           9   1.7383773422650712     
           9          10   1.3188046741412700     
          10          11   1.0846760119730565     
          11          12   1.7052619382812422     
          12          13   1.6293943448994095     
          13          14   1.1540408889694751     
          12          15  0.12343046619624547     
          13          15  0.11866677445927190     
          14          15   1.5796430897358422     
          15          16   1.0900302896390885     
          16          17   1.3208703986102583     
          17          18   1.6238033461548946     
          16          19  0.10069484197244746     
          17          19  0.38671176752922626     
          18          19   1.6282849210988302     
          17          20  0.10146276475542153     
          19          20   1.3660651772967785     
          20          21  0.99399735154294200     
          16          22   1.3546743310393508     
          17          22  0.15466686255537404     
          18          22  0.38330872244003589     
          19          22  0.15624156285282953     
          20          22   1.4151310075445180     
          10          23   1.1961899117512647     
          14          23   1.0271281590012129     
           7          24   1.2770203660165389     
           8          24  0.22185356746861168     
           9          24  0.19934739157921416     
          23          24   1.4501597800771175     
