   -0.10417621
    0.07943962
   -0.11106354
    0.16177880
   -0.08626811
    0.11526573
   -0.13347055
    0.08721483
    0.02202506
    0.12442789
   -0.18255892
    0.13369010
   -0.11660335
    0.13326138
   -0.03628650
   -0.00815085
    0.04939413
    0.05262227
    0.12765518
   -0.20450341
    0.10562674
    0.05444733
   -0.01648530
   -0.00641515
    0.02326922
   -0.00089535
   -0.03482984
   -0.05902246
    0.07718023
    0.10703557
   -0.08416951
   -0.08556855
    0.01375363
   -0.05493236
    0.12519576
   -0.22427632
    0.32683620
   -0.38007286
   -0.01618027
    0.01660309
   -0.01172628
    0.19400687
   -0.08729941
   -0.08577452
