           1           2   2.7575737605050774     
           2           3   1.1136045197763511     
           1           4  0.11252268783561846     
           3           4   1.6272859847923298     
           4           5   1.3443191914529364     
           3           6  0.20246235811737304     
           5           6   1.5306651132031375     
           5           7  0.95701086655864920     
           7           8   1.0846429949603282     
           8           9   2.7660042590972029     
           7          10   1.4785081311068313     
           9          10  0.11507000987342800     
          10          11   1.6741809966947327     
          11          12   1.0301481681955957     
          10          13  0.15404982550807569     
          12          13   2.2823700022787268     
          13          14  0.99169999795363240     
          14          15   1.7773395509968952     
          14          16   1.0100953123766243     
          11          17   1.0552440251076014     
          16          17   2.2647486444235065     
