           1           2   1.9426775132989607     
           1           3  0.23801472815672034     
           2           3   1.5195495510604686     
           1           4  0.23056828282614347     
           2           4  0.10015839797650225     
           3           4   1.6462255548151348     
           4           5   1.1768727960266423     
           5           6   1.5991656217920660     
           6           7   1.1356132281639839     
           7           8   1.5079347229850304     
           8           9   1.5848747517505295     
           9          10   1.0651976532945238     
           8          11  0.13296767462937903     
          10          11   2.7862092286281945     
           9          12  0.87287020832205731     
           8          13  0.18462750789230162     
          12          13   1.4141536445258265     
          12          14   1.5485162564634822     
          13          14  0.25167909773579322     
           6          15  0.41053829853084473     
           7          15   1.1469076761471644     
          15          16   1.5918921011007192     
          16          17   1.1890166593893920     
          17          18   1.6474307506284509     
          18          19   1.5149633554382957     
          17          20  0.22980143908645276     
          18          20  0.23492164533023216     
          19          20   1.9510426885363610     
           5          21  0.94124953474818374     
          16          21  0.94203196443333304     
           6          22  0.12770956775556075     
          15          22  0.12672583897196749     
          21          22   1.8249479721616269     
