           1           2   1.5844725043787973     
           2           3   1.0047972816591069     
           1           4  0.10412310510534425     
           3           4   1.6398857659133117     
           4           5   1.1321569833638767     
           5           6   1.5886666456129070     
           6           7   1.5639597416744588     
           7           8   1.0751108604501849     
           6           9  0.14602784085144432     
           8           9   2.7930107252583851     
           7          10   1.1379997538585180     
           6          11  0.16676803415229502     
          10          11   1.5121758477710165     
          10          12   1.2362330188011499     
          11          12  0.67674603047807125     
           4          13  0.42110317501291772     
           5          13   1.0868480908862377     
          13          14   1.7034319578695094     
          14          15   1.0236697032078854     
          15          16   1.1176039382938976     
          16          17   1.6504157383191111     
          15          18  0.10392146749416729     
          16          18  0.43963219793101627     
          17          18   1.7286339632106598     
          18          19  0.85142227782651780     
          19          20   1.6538605053384245     
          19          21   1.3698288263293930     
          20          21  0.26652115970020479     
           3          22  0.96448701770688050     
          14          22  0.97177499174054727     
           1          23  0.10136655291454409     
           4          23  0.10779118602271535     
          13          23  0.11828709013268078     
          22          23   1.7738505936252689     
