           1           2   2.0717766551661940     
           2           3   1.1226323365622690     
           3           4   1.0478320272095800     
           4           5   1.4765217693767703     
           5           6   1.3779657628309052     
           6           7   1.1694059223839390     
           7           8   1.6764818300125137     
           8           9   1.5648013938354495     
           9          10   1.0979608448050182     
          10          11   2.7959360305462386     
           9          12   1.0002389209800189     
           8          13  0.11066274980625307     
          12          13   1.6296226301889245     
          13          14   1.1464280163153719     
          14          15   1.2664689395700066     
          15          16   1.5624541018199762     
          16          17   1.2475185849832646     
          17          18   1.0756063857888709     
          18          19   1.1396652328444523     
          19          20   1.2315925985293432     
          20          21   1.2344510453284911     
          21          22   1.6396434702961817     
          21          23  0.20452557757567819     
          22          23   1.5918241984367791     
          21          24  0.22388125401512565     
          23          24   1.5760148563557068     
          20          25   1.2379992750217441     
          22          25  0.26806170883337632     
          23          25  0.19730891037481549     
          24          25   1.6268789444280773     
          15          26  0.11944019234384806     
          16          26  0.27890083395028742     
          17          26   1.2609991112205656     
          14          27   1.2461262396425983     
          15          27  0.33021536721110656     
          16          27  0.11271797823194948     
          26          27   1.5528509737012635     
           6          28   1.1204079836167207     
          12          28   1.0440993948453652     
           5          29  0.42545289116502516     
          28          29   1.4954358440174871     
           4          30   1.1354738728538116     
          29          30   1.3758670271918356     
          30          31   1.1763735829432724     
          31          32   1.4738149138251271     
          31          33  0.19906362587821724     
          32          33   1.4012911882952470     
          32          34  0.97423990534636074     
          34          35   2.3286945626137503     
          34          36  0.10606424001664566     
          35          36   1.2580956873051912     
          36          37   1.0363642665163868     
          36          38  0.47611173024755366     
          37          38   1.2988148151661283     
          37          39   1.2881547547422669     
          38          39  0.44818905125233399     
