           1           2   1.5526115724319252     
           1           3  0.10483531718872208     
           2           3   1.0357953294350029     
           1           4  0.10675366985439930     
           3           4   1.4242800412938978     
           4           5   1.3051288893961566     
           5           6   1.1790688774594136     
           6           7   1.9133190911830005     
           7           8   1.0742981735743338     
           6           9  0.14950517534064872     
           8           9   2.7978712227519535     
           7          10  0.76067008075713161     
           6          11  0.21808495370363182     
          10          11   1.4935701452935952     
           6          12  0.17730054510870755     
          10          12   1.5879197491773414     
          11          12  0.22875140320001297     
           4          13  0.43015528232011829     
           5          13   1.2792016658786325     
          13          14   1.4351315652222840     
          14          15   1.1492693551209476     
          15          16   1.1546152609162812     
          15          17  0.20163754743216042     
          16          17   1.2285961000989141     
          17          18   1.0614053214776253     
          15          19  0.13499826309840393     
          17          19  0.13271850012497552     
          18          19   1.3077082733502114     
          15          20  0.11322874902989799     
          16          20  0.11057639452518671     
          17          20  0.12387892419478692     
          19          20   1.5928158556472167     
          20          21   1.3509634937946176     
          21          22  0.99902184153392593     
          16          23  0.13515696099473445     
          17          23  0.28988585870224398     
          19          23  0.17220898210196528     
          21          23   1.3347268029231412     
          17          24  0.15967859465730946     
          18          24   1.2884284881990227     
          19          24  0.19078714087188048     
          20          24  0.20150280065728135     
          23          24   1.5710433547360561     
           3          25   1.1219147526070239     
          14          25   1.1234101258794709     
           4          26  0.13246647205797538     
          13          26  0.17089692688356484     
          25          26   1.4741223148053879     
