           1           2   1.8803286276194155     
           1           3  0.28326775555575356     
           2           3   1.1395776503041375     
           3           4   1.1546432235093793     
           4           5   1.1573864798512894     
           5           6   1.4256886933985786     
           6           7   1.1679129223016140     
           5           8  0.13934013467274886     
           6           8  0.20230395676418891     
           7           8   1.1502956363764005     
           4           9   1.1480951102494910     
           5           9  0.15759498426985286     
           6           9  0.18647867572804031     
           8           9   1.4128431192578508     
           2          10  0.82304752092641065     
           1          11  0.10600158180295342     
          10          11   1.6978211069585138     
          10          12   1.2291948506741330     
          11          12  0.10002028020322185     
          12          13   1.2522888353671038     
          13          14   1.2146454157040611     
          14          15   1.7924023061794643     
          15          16   1.3021507595331843     
          16          17   1.1598910920462961     
          14          18  0.11851365571761188     
          17          18   1.5691052986138263     
          18          19   1.7806351526160082     
          19          20   1.0990553390985691     
          20          21   1.6249651940074721     
          21          22   1.1041241727987128     
          22          23   1.3074187193061526     
          23          24   1.6149116991737564     
          23          25  0.38889653835977811     
          24          25   1.6354852524937684     
          23          26  0.10004309815245459     
          25          26   1.3650617158816727     
          26          27  0.99639228350277875     
          22          28   1.3545049714215573     
          23          28  0.16451845683907304     
          24          28  0.36039228712031335     
          25          28  0.15193183191937848     
          26          28   1.4174464128689497     
          16          29   1.1533354864771557     
          20          29   1.0157095927827706     
          13          30   1.2561135578092923     
          14          30  0.15240118035129499     
          15          30  0.19111942844130744     
          29          30   1.4865344228669188     
