           1           2   2.5952660353455426     
           2           3  0.90245653416065630     
           1           4  0.16704205499129310     
           3           4   1.7235623246548617     
           1           5  0.16278287139993713     
           3           5   1.1690071909757596     
           4           5  0.10293061414495008     
           5           6   1.4807275750336253     
           1           7  0.11152589097853878     
           6           7   1.0498720268647763     
           7           8   1.9944131363255004     
           8           9   1.2358533129336933     
           9          10   1.2451119896217819     
          10          11   1.3427622431110728     
          11          12   1.1940450173128072     
          12          13   1.2767801398137035     
          13          14   1.5904674400768797     
          13          15  0.35963274156381048     
          14          15   1.6647380719324318     
          15          16   1.2094519681298350     
          13          17  0.12399935799147896     
          14          17  0.10111047581542051     
          16          17   1.3789972435817515     
          12          18   1.3137666355339424     
          13          18  0.16631990470972260     
          14          18  0.36155969537354660     
          15          18  0.16990478657839558     
          16          18   1.2699228835384171     
          17          18  0.15448855758326488     
          10          19   1.1499088291484949     
          11          19  0.12598787542323972     
          11          20  0.17479935955085185     
          19          20   1.6131606205089164     
          20          21   1.6832572443715135     
           9          22   1.0524108143353610     
          21          22   1.1189210609102067     
           6          23   1.1828643248361088     
           8          23  0.26982210698647463     
          22          23   1.5175550178174875     
