           1           2   2.5986889882033983     
           2           3  0.90081481447565404     
           1           4  0.16181064542391341     
           3           4   1.7272602754556765     
           1           5  0.14306298584370539     
           3           5   1.1713116498279226     
           4           5  0.10446100421494778     
           5           6   1.4569668016932542     
           6           7   1.0938952595527023     
           7           8   1.6731471360033092     
           8           9   1.0023175410787193     
           9          10   1.4086364287521125     
          10          11   1.1901859870910287     
          11          12   1.2541118137765976     
          12          13   1.7815776289065082     
          13          14   1.3700487239126662     
          14          15  0.99735004464451249     
          12          16  0.10197072948322222     
          14          16   1.2687858880591971     
          16          17   1.0038095623397303     
          11          18   1.2961083296598754     
          12          18  0.32697592466673808     
          13          18  0.19243230297074138     
          16          18   1.4490882830409451     
           9          19   1.3102873661042012     
          10          19  0.10055426994010273     
          10          20  0.22638130793122727     
          19          20   1.5276232856378806     
          20          21   1.7118442111908825     
           8          22   1.0340241651503166     
          21          22   1.1825959860538870     
           7          23  0.39385575884157276     
          22          23   1.3822553146379906     
           6          24   1.1972300727054803     
           7          24  0.11012411154555811     
          23          24   1.6575344964283965     
