           1           2   1.5914589150367013     
           2           3  0.99444700537387398     
           3           4   1.6554856971699616     
           4           5   1.1196972159189138     
           5           6   1.5660738536141059     
           6           7   1.6664298794919996     
           7           8   1.0570355808653733     
           6           9  0.13268114407295345     
           8           9   2.8029758908099218     
           7          10  0.85863212002729139     
          10          11   1.7204061126769110     
          10          12   1.2714547951351816     
          11          12  0.51137925424474795     
           4          13  0.44426894996911848     
           5          13   1.1124706840984948     
          13          14   1.7117310936724854     
          14          15   1.0008634522233797     
          15          16   1.1048361887441089     
          16          17   1.6037491356085958     
          15          18  0.10670763451444151     
          16          18  0.35423910784546325     
          17          18   1.7851288536245715     
          18          19   1.1679623890172013     
          19          20   1.3358708562766128     
          19          21   1.3888354910257956     
          20          21  0.23119471561500557     
           3          22  0.95693950785390247     
          14          22  0.98010744482410317     
           4          23  0.11703125738908506     
          13          23  0.12555512210043782     
          22          23   1.7694135763976098     
