           1           2   2.6021506437034159     
           2           3  0.91430687211855088     
           1           4  0.17510371994021148     
           3           4   1.7096540388664283     
           3           5   1.1466134030985375     
           5           6   1.4351079134041089     
           6           7   1.0141849255122335     
           7           8   2.1042702020432076     
           8           9   1.1723545927076713     
           9          10   1.1355687603804354     
           7          11  0.10257910287175556     
           8          11  0.12130698137274798     
          10          11   1.6406194729503332     
          11          12   1.6499786783312942     
          12          13   1.1910811869903395     
          13          14   1.5639411080646395     
          14          15   1.1342705192938565     
          15          16   1.2659473698109660     
          16          17   1.6866051286300543     
          17          18   1.3754761552534829     
          18          19   1.0040549691627765     
          16          20  0.10119215028377335     
          18          20   1.2537737433242806     
          20          21   1.0096123689806979     
          15          22   1.3247391818119409     
          16          22  0.34724940041336128     
          17          22  0.17204923865223087     
          20          22   1.4432624843601922     
           9          23   1.3061881302704559     
          13          23  0.98825067885536733     
           6          24   1.2900373246834769     
           8          24  0.20365474383229520     
          23          24   1.3520483063189996     
