   -0.04943799
    0.06532447
    0.06499020
   -0.06766548
    0.10375519
    0.02465987
   -0.03432258
    0.11644252
   -0.06049420
   -0.02009210
    0.11437074
   -0.03364642
    0.01570391
    0.19864571
   -0.35243476
    0.07797246
   -0.09380783
    0.04234994
    0.09876746
   -0.07069397
    0.15387507
   -0.22600828
    0.42621348
   -0.19299991
   -0.36244488
    0.10983366
   -0.02072749
    0.01927175
    0.00488895
    0.02981774
    0.03913572
    0.09337852
   -0.06629972
    0.33425572
   -0.32315330
   -0.22362589
    0.11887597
   -0.02369879
    0.23655034
   -0.27458952
    0.26596807
   -0.25890436
