           1           2   2.3909059915693027     
           1           3  0.40478599107194441     
           2           3   1.2841041523166721     
           1           4  0.21686633085103482     
           3           4   1.6759462121378121     
           4           5   1.2303045427200821     
           5           6   1.5047951533973574     
           6           7   1.1429127074760874     
           7           8   1.1646207237231339     
           7           9  0.39027637155392847     
           8           9   1.4849400573571536     
           8          10   1.1230513942453635     
           9          10  0.13158802932189093     
          10          11   1.4124303101288638     
          11          12  0.93450267720400171     
          10          13  0.29446414199180565     
          11          13  0.10018014458832153     
          12          13   1.6290364738051397     
          11          14   1.0678306710529164     
          14          15   1.6033120180301355     
          14          16  0.93052006615788596     
          15          17  0.15633273974665352     
          16          17   1.5230365004214890     
          16          18   1.2676200471289187     
          17          18  0.29297899040476660     
          18          19   1.5015481460200057     
          17          20  0.24304333219603116     
          18          20  0.36265136043751034     
          19          20   1.3851401868805351     
          19          21  0.96520353406028880     
          21          22   1.0297311887607474     
          22          23  0.99011366422064140     
          21          24  0.10178649684050317     
          23          24   1.3136118835835517     
          22          25  0.13049030906099823     
          23          25   1.5659709852481476     
          24          25  0.18781047589901209     
          21          26   1.2882387310649839     
          26          27  0.90779141506756555     
          27          28   1.6520705654171512     
          26          29   1.2441401764552822     
          28          29  0.19487576832459330     
          29          30   1.8928677091516668     
          28          31  0.12768143961676895     
          29          31  0.16402956889632295     
          30          31   1.5955284017121056     
          31          32   1.3962845130343164     
          29          33  0.10074365682842802     
          30          33  0.20533276110049548     
          31          33  0.20477242901569576     
          32          33   1.6393731990576945     
          32          34  0.81260756569503234     
          33          35  0.19497891765512057     
          34          35   1.7012722317803814     
          34          36   1.2571533671866904     
          35          36  0.14698883504650256     
          36          37   1.2624910749437990     
          36          38  0.19223143802718895     
          37          38   1.6631964583674750     
           5          39  0.89214975570234634     
          38          39   1.1403165754908609     
          38          40  0.11924706932989675     
          39          40   1.7645645297064225     
           6          41   1.0025536634691050     
          37          41  0.85546007906361532     
          38          42  0.12629059675186258     
          41          42   1.8289099888978602     
