   -0.08506099
    0.15338456
   -0.17776891
    0.18349747
   -0.18089188
    0.20041011
   -0.13010331
    0.13308097
   -0.03460317
   -0.02654310
    0.15744341
   -0.17285872
    0.05073710
    0.07114155
    0.01686883
   -0.01094888
   -0.00531249
    0.20740162
   -0.15569418
   -0.06541839
    0.08849626
   -0.08203018
   -0.07043965
    0.03041700
   -0.01658488
    0.15662824
   -0.17579077
    0.28266727
   -0.32805979
    0.04393262
   -0.01372716
   -0.01966401
    0.09605498
    0.03169096
   -0.10067245
   -0.02358545
   -0.02809457
