           1           2   1.5574119146754000     
           1           3  0.41675623054019983     
           2           3   1.0226944250804499     
           3           4   1.2804424279345603     
           3           5  0.11087126773065983     
           4           5   2.5121471783416611     
           5           6   1.0181209052542450     
           6           7   1.6367562768007691     
           6           8   1.2113543040376400     
           7           8  0.13533639723456867     
           8           9   1.2241999186290360     
           9          10   1.2201000561072384     
           8          11  0.13372475915720805     
          10          11   1.7057798404171423     
          11          12   1.2853925426822956     
          12          13   1.2195497028312829     
          10          14  0.13572841575832326     
          13          14   1.6138109923970516     
          14          15   1.5758678580039418     
          15          16   1.2646541699548450     
          14          17  0.12359900321349637     
          16          17   1.2774247182155414     
          17          18   1.2127547581934703     
          18          19   1.2663426310905317     
          19          20   1.6582088998284705     
          19          21  0.37933465939343214     
          20          21   1.6191415042497572     
          21          22   1.3551392865886049     
          22          23  0.99291143265620807     
          18          24   1.2891838676134448     
          19          24  0.15153644962455690     
          20          24  0.43147116443560035     
          21          24  0.15738319322204802     
          22          24   1.4298817958562957     
          12          25   1.1321294328175662     
          16          25   1.1800759508874055     
           9          26   1.3121532418046773     
          10          26  0.24626963524194026     
          11          26  0.16942222135685325     
          25          26   1.3589008513834386     
