   -0.09909779
    0.08328085
   -0.13397028
    0.16009969
   -0.07969455
    0.11859433
   -0.11199537
    0.06812496
    0.03389596
    0.12281165
   -0.17609774
    0.13057376
   -0.15180282
    0.14333720
   -0.06156972
   -0.06897969
    0.17074011
   -0.10748872
    0.06901913
    0.08248940
   -0.04105307
   -0.02645296
    0.13960494
   -0.03126930
   -0.02865958
   -0.03400654
    0.09154462
   -0.05719392
   -0.06494133
    0.02001028
   -0.05918169
    0.09823228
   -0.15079914
    0.29519251
   -0.37726213
   -0.01341770
    0.05821091
   -0.02073713
    0.17198847
   -0.06437475
   -0.09770515
