           1           2   1.2983850537253774     
           1           3  0.42621807328760825     
           2           3   1.2980115561131618     
           2           4   1.0325849466411343     
           3           4  0.36627279733871743     
           1           5  0.10128529238747770     
           4           5   1.5066725651515138     
           3           6  0.18040782515549891     
           4           6  0.15721593118574803     
           5           6   1.4836150863616004     
           3           7  0.13940298270711496     
           5           7  0.11281718246320191     
           6           7   1.4785308764748444     
           7           8   1.3211442364610031     
           5           9  0.10090647953103943     
           6           9  0.10771952748961547     
           8           9   1.4937565310840042     
           8          10   1.0329694047923179     
          10          11   2.5462825138141207     
          11          12  0.99395107594725474     
          12          13   1.6940440097498701     
          12          14   1.1429962834672465     
          14          15   1.4773143168483873     
          15          16   1.0948625790668800     
          16          17   1.6616724226644628     
          17          18   1.0113749445033422     
          18          19   1.4089638973216270     
          19          20   1.1710210395966894     
          20          21   1.2883582720322659     
          21          22   1.6225343066596303     
          21          23  0.39260459396131414     
          22          23   1.6233272306915238     
          23          24   1.3608124181072858     
          24          25  0.99571879163758548     
          20          26   1.3144551694144107     
          21          26  0.15735171633357076     
          22          26  0.37753505832595624     
          23          26  0.15090390471161028     
          24          26   1.4257786881571062     
          18          27   1.3090223422465179     
          19          27  0.10074548721288078     
          19          28  0.18830455461494250     
          27          28   1.4933856376672314     
          28          29   1.7370204886749943     
          17          30   1.0307578591520561     
          29          30   1.1671392100713969     
          16          31  0.37217108641092544     
          30          31   1.3935584581471216     
          15          32   1.1884662842523770     
          31          32   1.6731559081188889     
