           1           2   1.6789734343760963     
           2           3   1.1079446793037544     
           1           4  0.13882776831422258     
           3           4   1.6267858728850642     
           4           5   1.6624471007307320     
           5           6   1.1772896705501432     
           1           7  0.13602370011207973     
           4           7  0.18000708201930041     
           5           7  0.11664582518731180     
           6           7   1.3441349582566520     
           7           8   1.1985041943277135     
           8           9   1.2397991599621259     
           9          10   1.7620550284557779     
          10          11   1.3297942458253471     
          11          12   1.0700263035490944     
          12          13   1.2843523050578076     
          13          14   1.0683913753169170     
          14          15   1.3227488237139657     
          15          16   1.6552018919940650     
          14          17  0.10815013782080088     
          15          17  0.39394252514096612     
          16          17   1.5883593393447601     
          15          18  0.10037423633487087     
          17          18   1.3462549240188040     
          18          19   1.0045036795117810     
          14          20   1.3720679137191065     
          15          20  0.16974588924823286     
          16          20  0.37817996982803015     
          17          20  0.14341510786841985     
          18          20   1.3887423292414789     
          11          21   1.2301324339844266     
          21          22   1.0094528289964775     
           8          23   1.2916874366985605     
           9          23  0.34535378939701100     
          10          23  0.14037698496384307     
          21          23   1.4617759054938164     
           2          24   1.0095770787264700     
           6          24   1.2098217382023604     
           1          25  0.22990815602534473     
          24          25   1.4503231166692645     
          25          26   1.7772788563848749     
          26          27  0.96916767189462927     
          26          28  0.97348024572677216     
          28          29   1.7156232627757122     
          28          30   1.1487687897298064     
          30          31   1.5659385708675182     
          30          32  0.17108914672232683     
          31          32   1.7516405959048620     
          32          33  0.75008112410048688     
          30          34  0.17877677241157874     
          31          34  0.12063773153163501     
          32          34  0.38909572328635789     
          33          34  0.91045160576446549     
          33          35   1.6158949718425111     
          34          35  0.17118929800088675     
          33          36   1.5820127881088835     
          34          36  0.13248572212695472     
          35          36  0.11565156601141986     
