   -0.10786376
   -0.01487693
    0.31160203
   -0.30357126
    0.06702391
   -0.06920447
    0.14347104
   -0.16501801
    0.09104240
    0.17751776
   -0.13716956
    0.13249164
   -0.03069964
   -0.02729380
    0.18389607
   -0.16258068
    0.08893500
   -0.06403093
   -0.05905548
   -0.15458511
    0.15578865
   -0.14354971
    0.12230588
   -0.05934273
    0.15583625
   -0.15297465
    0.02014962
    0.00982701
    0.02322839
    0.07611541
   -0.03952279
    0.05206145
   -0.12208784
    0.04009967
   -0.03796485
