           1           2   1.6523713100312301     
           1           3  0.21612987947424461     
           2           3   1.3807779669466911     
           1           4  0.15432254906848278     
           2           4  0.84111972739718388     
           3           5  0.12226968103059367     
           4           5   1.8486425039230392     
           5           6   1.5494988096950242     
           6           7   1.1175227843333855     
           7           8   1.2162570443608687     
           8           9   1.3194529543284303     
           6          10  0.97151109985603401     
           9          10   1.2397326148481269     
          10          11   1.5469430429588424     
          11          12   1.6725733623531838     
          12          13  0.82248192729856484     
          13          14   1.7716336559262111     
          13          15   1.2055190985571433     
          14          15  0.10317803733889754     
          15          16   1.2305323405450428     
          16          17   1.3443644035600666     
          17          18   1.6391086230065159     
          18          19   1.4082555930634426     
          19          20  0.79693824375147948     
          18          21  0.10831135085607523     
          20          21   1.6867863321654224     
          18          22  0.18579602451114824     
          20          22   1.3859167902932654     
          21          22  0.27790197698639635     
          17          23  0.33026352326014435     
          18          23  0.13040683944934262     
          19          23   1.4003987884702414     
          12          24   1.0308003556061638     
          16          24   1.1139482089802371     
          23          24   1.4787120614800637     
           8          25   1.1740594049100546     
          25          26   1.4938312896012313     
          25          27  0.21809780416629615     
          26          27   1.6920691982286065     
           7          28   1.2819021718243384     
          25          28  0.33236793719849156     
          26          28  0.20775887294525222     
          27          28   1.4312067732428404     
