           1           2   1.6349941543656088     
           2           3   1.0217464920275634     
           3           4   2.4971416155352353     
           4           5   1.2985791469600798     
           5           6   1.0975358960965143     
           5           7  0.11373908932078329     
           6           7   1.0776319993732071     
           6           8  0.10191227675076338     
           7           8   1.4859869736511273     
           8           9   1.0926169810676745     
           6          10  0.10218380440451996     
           7          10  0.26682526226636399     
           8          10  0.14495212731395563     
           9          10   1.0976164776969843     
           5          11  0.11962012122143462     
           6          11   1.0787190463779674     
           7          11  0.19265511115710787     
           8          11  0.26566290963980993     
          10          11   1.4840886211604831     
           1          12  0.14617450336842855     
           2          12   1.2053253331035376     
          12          13   1.2275582120250483     
          13          14   1.2197770090181232     
          12          15  0.12873365391657798     
          14          15   1.7126019017527108     
          15          16   1.2887299752225385     
          16          17   1.2187563348874837     
          14          18  0.14662498288432921     
          17          18   1.6144850737709753     
          18          19   1.5740527681740770     
          19          20   1.2651517269470414     
          20          21   1.2819888495797807     
          21          22   1.2773206055875670     
          22          23   1.2056675863585491     
          23          24   1.7862566882735624     
          24          25   1.3563207665185988     
          25          26   1.0094609323640784     
          25          27   1.2355055261606811     
          27          28   1.0055892041857615     
          22          29   1.2499695429668525     
          23          29  0.32687999933412226     
          24          29  0.16669047826068312     
          27          29   1.4738669559757560     
          16          30   1.1280223207705999     
          20          30   1.1732250954192169     
          13          31   1.3124192645110979     
          14          31  0.21513658104025929     
          15          31  0.17663440500790983     
          30          31   1.3672662332084029     
