           1           2   2.8939220522408675     
           2           3  0.88836945029135905     
           1           4  0.19624365834835361     
           3           4   1.6598041910220389     
           1           5  0.11560877060137556     
           3           5   1.2527101102160998     
           4           5  0.12131856828249761     
           5           6   1.2112713241748052     
           6           7   1.2242718444040579     
           5           8  0.12780371836393484     
           7           8   1.7429269610578735     
           8           9   1.2664468491775280     
           9          10   1.2329384123331129     
           7          11  0.10670433699817307     
          10          11   1.5997704415497680     
          11          12   1.6004092756526334     
          12          13   1.2195595181609180     
          11          14  0.15865169838228121     
          13          14   1.3364673706733274     
          14          15   1.1881788441395857     
          15          16   1.2818663046871763     
          16          17   1.6462547841303867     
          16          18  0.37817570842545983     
          17          18   1.6231541029955308     
          18          19   1.3634063410235462     
          19          20  0.99364852343797727     
          15          21   1.3053015898202749     
          16          21  0.15436926219443114     
          17          21  0.41188361191565914     
          18          21  0.15809141573943644     
          19          21   1.4200216189927732     
           9          22   1.1317425932234872     
          13          22   1.1658737035180606     
           6          23   1.2989363683925841     
           7          23  0.20284565239872079     
           8          23  0.17741548924688247     
          22          23   1.3916342020445867     
