           1           2   2.7967212357624263     
           2           3   1.0402429983877457     
           1           4  0.17060358297398268     
           3           4   1.8136782170496395     
           4           5   1.1984133166263946     
           5           6   1.4139168970045959     
           6           7   1.2769670696404993     
           7           8   1.5343283917479917     
           7           9   1.0124916023147992     
           6          10  0.14100501969957344     
           8          10  0.12975134610001815     
           9          10   1.6095788502146993     
           6          11  0.10032755465277501     
           9          11   1.1547243911173959     
          11          12  0.94239604861579029     
          12          13   1.4632500837235876     
          12          14   1.4646388253248952     
          13          14  0.38875311844985033     
           5          15   1.1763174053392003     
           6          15  0.41365013706453102     
          10          15  0.20649962694791602     
          11          15   1.5485400141538987     
           3          16  0.91391525296557319     
          16          17   1.7032123309606066     
          16          18   1.1771169028708837     
          17          18  0.10827332594371002     
          18          19   1.5633479896991880     
          18          20  0.10684292410691187     
          19          20   1.5980357858866925     
          18          21  0.14074351676093652     
          19          21  0.14378195062713350     
          20          21   1.5359183693094924     
          19          22  0.13289571557063820     
          20          22  0.15742103581899075     
          21          22   1.5993663960849267     
          22          23   1.1644783569322092     
          22          24  0.11297110000754068     
          23          24   1.7059620982378225     
          23          25  0.93103672690010386     
          25          26   1.0420580462505860     
          26          27   2.8023924776766114     
          25          28   1.7820574051102516     
          27          28  0.15436271271554036     
          28          29   1.2140372118458640     
          29          30   1.3644052849805726     
          30          31   1.2855626916206797     
          31          32   1.4941620599695600     
          31          33   1.0105217104452799     
          30          34  0.15269559829778862     
          32          34  0.10486972746477592     
          33          34   1.5974988136906545     
          33          35   1.1593879329559575     
          35          36  0.94982042933756183     
          36          37   1.4646141581534016     
          36          38   1.4539174115305045     
          37          38  0.38464873827323715     
          29          39   1.2053142264074435     
          30          39  0.40094606640119451     
          34          39  0.19253137471022855     
          35          39   1.5402203851609841     
