           1           2   1.8100255725414676     
           1           3  0.20629450138424782     
           2           3   1.1370742471314137     
           3           4   1.2520947830362184     
           3           5  0.38955696868655743     
           4           5   1.4467078218634104     
           1           6  0.16534066984812171     
           4           6   1.1636150086673658     
           5           6  0.13877017691585239     
           2           7  0.89451734282365913     
           6           7   1.3163494226644634     
           3           8  0.13480457002649135     
           7           8   1.5194406903065076     
           8           9   1.5057290531196306     
           9          10   1.0223974578330555     
           8          11  0.10896532956101446     
          10          11   1.5747439417757403     
           8          12  0.10977561090433037     
          10          12   1.2175240211726501     
          11          12  0.10340204533095240     
          12          13   1.2968634994340373     
          13          14   1.2395691388913375     
          14          15   1.5576433453522041     
          15          16   1.7161346200405796     
          16          17   1.1537227210036523     
          15          18  0.19292510371442478     
          17          18   1.3422727124236871     
          18          19   1.2339754850911244     
          19          20   1.2194627209830677     
          20          21   1.7769619069394293     
          21          22   1.3650551143222822     
          22          23   1.0053632325666870     
          22          24   1.2462877231472456     
          24          25   1.0088525672642537     
          19          26   1.2817451216906874     
          20          26  0.32066044156951812     
          21          26  0.16190807929074122     
          24          26   1.4554222920572932     
           9          27   1.1759217598278868     
          13          27   1.1668267662110512     
          17          27   1.2277019355044083     
