   -0.16450382
    0.13388400
   -0.01948477
    0.03074648
    0.04463947
   -0.04608297
    0.14730648
   -0.14652914
    0.30098136
   -0.42640839
   -0.01279158
    0.02291563
    0.07991380
    0.02473877
   -0.01717684
    0.01428797
    0.06976213
    0.06791711
   -0.03553637
   -0.01919487
    0.12506621
   -0.18451693
    0.16772478
   -0.19658254
    0.19864643
   -0.14152922
    0.14153606
   -0.03944937
   -0.06925736
    0.16522334
   -0.14551306
    0.04513632
    0.07320221
    0.02786186
   -0.02481437
    0.00311060
    0.20656308
   -0.15825810
   -0.07438811
    0.08796955
   -0.07115557
   -0.08330404
    0.00177639
   -0.04706191
   -0.05737070
