           1           2   1.5596594345168571     
           1           3  0.16496217004158956     
           2           3   1.2960280383547205     
           2           4   1.0090899792757368     
           4           5   2.4858665631375083     
           5           6  0.99028117802317150     
           6           7   1.6971925362646616     
           6           8   1.1564573346193039     
           8           9   1.3259646224775361     
           9          10   1.1819642553755842     
          10          11   1.8620282089988700     
          11          12   1.2769303029983905     
          12          13   1.1991556338517995     
          10          14  0.12431551108897289     
          13          14   1.5474855053183376     
          14          15   1.7411453096662561     
          15          16   1.0840667469848937     
          14          17  0.13665320188846464     
          16          17   1.6087599220814128     
          17          18   1.0880581066371060     
          18          19   1.3232013800339719     
          19          20   1.6241381532538206     
          18          21  0.10041743631923732     
          19          21  0.38850752708591191     
          20          21   1.6346779580808599     
          19          22  0.10132645948000077     
          21          22   1.3656952773663276     
          22          23  0.99738700017944371     
          18          24   1.3552974457940785     
          19          24  0.15705587542470470     
          20          24  0.38133834718359921     
          21          24  0.15434693366952121     
          22          24   1.4135755313108889     
          12          25   1.1539021562225953     
          16          25   1.0508556183231648     
           9          26   1.2361941132382936     
          10          26  0.17092966591181108     
          11          26  0.16806860532814230     
          25          26   1.4745711952560261     
