   -0.12435908
    0.14523371
    0.04178502
    0.03332763
    0.08702698
   -0.00571025
   -0.01102827
    0.22740637
   -0.26456675
    0.21880736
   -0.29155125
   -0.07734210
    0.32116571
   -0.33777083
   -0.21200557
    0.16883955
    0.00947138
   -0.05356398
    0.08598154
   -0.00330373
    0.08013139
   -0.04500745
    0.00358584
    0.11226520
   -0.12057490
    0.29637857
   -0.34536742
    0.06230983
    0.14268919
   -0.11559684
    0.04861947
    0.09658567
   -0.00331205
   -0.00520256
    0.23061965
   -0.26306720
    0.22446378
   -0.25243371
   -0.05541261
   -0.05019447
    0.01577397
    0.00576679
   -0.02086357
