   -0.10223205
    0.08228426
   -0.12839687
    0.15836261
   -0.07811472
    0.11331472
   -0.13405745
    0.09022914
    0.02131828
    0.12474428
   -0.18327412
    0.13398806
   -0.11929707
    0.12886797
   -0.04406008
   -0.07425237
    0.16146900
   -0.15169477
    0.04392061
    0.06636917
    0.01588621
    0.02484828
    0.01946096
    0.06244326
   -0.03415409
    0.03730108
    0.04825300
   -0.02922540
    0.04759172
    0.08754170
   -0.08541278
   -0.09980825
    0.01072571
   -0.07311828
    0.09674205
   -0.15832367
    0.29516006
   -0.37352002
   -0.00091252
    0.02335807
   -0.03462422
    0.17597371
   -0.09291441
   -0.07276075
