           1           2   1.8912788550225346     
           1           3  0.23383859307565610     
           2           3   1.5539058832351977     
           1           4  0.19175844748778781     
           3           4   1.7355650410256407     
           4           5   1.1101416862271136     
           5           6   1.0728981699281117     
           6           7   1.2860596748450241     
           6           8  0.14455647070303212     
           7           8   2.5067471983010488     
           8           9   1.0275416574358653     
           9          10   1.6705401674697444     
           9          11   1.1478160486352038     
          11          12   1.4729611657012820     
          12          13   1.0983129465810997     
          13          14   1.6725420488533111     
          14          15   1.0103149068190602     
          15          16   1.3947594370918959     
          16          17   1.2037169239348182     
          17          18   1.2415213332372241     
          18          19   1.7677003589539571     
          19          20   1.3651925081197926     
          20          21  0.99906326946635982     
          20          22   1.2565500531161566     
          22          23   1.0034829834579468     
          17          24   1.2882647648987584     
          18          24  0.32536028758067764     
          19          24  0.13397461731915378     
          22          24   1.4470641547372667     
          15          25   1.3190329607276277     
          16          26  0.19831578472219255     
          25          26   1.5072053453696552     
          26          27   1.7221733338748302     
          14          28   1.0253063686306054     
          27          28   1.1790935281508150     
          13          29  0.37506458030376322     
          28          29   1.3900626851955826     
          12          30   1.1889836822919126     
          29          30   1.6718288773425258     
           5          31   1.2067768478589895     
           6          31  0.15513518661928927     
          31          32   1.4599198176079062     
          31          33  0.13080292956958170     
          32          33   1.5314760845719624     
          32          34  0.30690202364917624     
          33          34   1.8905844090428259     
