   -0.09149309
    0.09934333
   -0.12078152
    0.16323436
   -0.07328542
    0.12063475
   -0.10254369
    0.06590683
    0.03662541
    0.12359584
   -0.17565149
    0.13117889
   -0.14766174
    0.14554453
   -0.02367311
   -0.07228085
    0.17998181
   -0.11709060
    0.05933371
    0.07526989
   -0.03454076
   -0.00690939
    0.03902477
   -0.00291318
   -0.01951474
    0.08924239
   -0.06713927
   -0.10798678
    0.01985714
   -0.05514064
    0.11813762
   -0.18297904
    0.29920499
   -0.40212036
    0.01938710
    0.02549808
    0.01550492
    0.07748560
   -0.06137392
    0.01379883
   -0.05271121
