   -0.05829260
   -0.01722966
    0.34029331
   -0.32306914
   -0.20071264
    0.19990185
   -0.13669976
    0.10627913
    0.18220206
   -0.13578419
    0.12989366
   -0.04137794
   -0.03180923
    0.18316067
   -0.16577299
    0.08852721
   -0.06725071
   -0.04982463
   -0.15276233
    0.15430754
   -0.13829490
    0.10624417
   -0.02053138
    0.03942007
    0.01368566
   -0.00526771
   -0.00216891
   -0.01250351
    0.08812321
   -0.02173766
    0.04036296
   -0.10245679
    0.03931721
   -0.02817203
