           1           2   1.9929393149350902     
           1           3  0.36403983916201343     
           2           3   1.4804852384867164     
           1           4  0.12639156785058669     
           2           4  0.11866028876320828     
           3           4   1.4843258854791610     
           4           5   1.1250117825662773     
           4           6  0.12488618518131622     
           5           6   1.0591430786912797     
           6           7   1.2933268374871356     
           6           8  0.14873201136601474     
           7           8   2.4973863391666757     
           8           9   1.0182025777939192     
           9          10   1.6515166655849622     
           9          11   1.1981501903205520     
          10          11  0.10824990539590303     
          11          12   1.2663977964824598     
          12          13   1.3196435545213960     
          13          14   1.4412568099294163     
          14          15   1.1324325709998699     
          15          16   1.3583303862994249     
          16          17   1.2095563983876592     
          17          18   1.2294614324126647     
          18          19   1.7262168784084329     
          19          20   1.3656501067344158     
          20          21  0.99942216490771951     
          20          22   1.2540291027334483     
          22          23   1.0072385427585002     
          17          24   1.2950215493064916     
          18          24  0.35242958192506357     
          19          24  0.13512360963318332     
          22          24   1.4568672294849641     
          15          25   1.2275843469464691     
          16          26  0.19707074783128187     
          25          26   1.6059011824132914     
          26          27   1.5691718145205229     
          14          28   1.1240199366443164     
          27          28   1.2501566175023497     
          13          29  0.41967568052138776     
          28          29   1.2749515199527610     
          12          30   1.1846573950376047     
          13          30  0.10407091062472563     
          29          30   1.7444275034548782     
           4          31  0.20380312730156691     
           5          31   1.1958055931820348     
          31          32   1.4721038357094021     
          31          33  0.12970490858705067     
          32          33   1.5388540003315239     
          32          34  0.31668987756830702     
          33          34   1.8933362673593226     
