   -0.05201160
   -0.00616693
    0.33167983
   -0.37193357
   -0.21834571
    0.11479838
   -0.06444910
    0.00238632
    0.20381771
   -0.14989147
    0.13822049
    0.01457386
   -0.00883499
    0.04648514
    0.11891652
   -0.04703375
   -0.03715513
   -0.15354861
    0.17699843
   -0.14949562
    0.11433637
   -0.09472173
    0.16402502
   -0.12384335
    0.07778494
    0.00362514
    0.00411212
    0.06483115
   -0.05807090
   -0.04848617
    0.12416057
   -0.07358990
   -0.02056027
   -0.02261319
