           1           2   1.8361536009093029     
           1           3  0.16619231699390433     
           2           3   1.1046061693167459     
           3           4   1.4372944312439069     
           4           5  0.97820498256443322     
           5           6   1.7002711924471525     
           5           7   1.1614342859038336     
           6           7  0.10464409281203742     
           7           8   1.6306861986259535     
           7           9  0.15005585720739015     
           8           9   1.5030277087746224     
           9          10   1.2394603993617201     
           9          11  0.19640384901035093     
          10          11   1.0719700007930482     
          11          12   1.4460217074358932     
          12          13   1.1531713866226818     
           9          14  0.10306516604556522     
          13          14   1.1452397395837997     
          10          15   1.0286706066905620     
          11          15  0.14755021770477103     
          14          15   1.5547190117588570     
           1          16  0.21108906149851112     
           4          16   1.2665528814821154     
           2          17  0.89208369039125035     
          16          17   1.2994517904133913     
           3          18  0.20653800172806264     
          17          18   1.5387483311273678     
          18          19   1.5149166796312072     
          19          20   1.0253500217797245     
          18          21  0.11000350182713192     
          20          21   1.5688360957309755     
          18          22  0.11342352348499023     
          20          22   1.2199719122067592     
          21          22  0.10067144904229090     
          22          23   1.3008081042791595     
          23          24   1.2303694966804437     
          24          25   1.5681790309278671     
          25          26   1.6947181673067226     
          26          27   1.1573709805233792     
          25          28  0.18686234353943312     
          27          28   1.3268982914810867     
          28          29   1.2432380418902591     
          29          30   1.2718474958116321     
          30          31   1.6391956933270173     
          31          32   1.3447763714785095     
          32          33   1.1120059034895857     
          31          34  0.18702054994663420     
          33          34   1.1627299024334001     
          30          35  0.17060682930081172     
          34          35   1.7841903878302814     
          32          36   1.1025453918015469     
          35          36   1.1522380606459670     
          34          37  0.19131207536423217     
          36          37   1.1496673946266653     
          37          38   1.0663666341386298     
          38          39   1.3120164107080317     
          39          40   1.5722302447930074     
          38          41  0.10350819745269707     
          39          41  0.17890588675739980     
          40          41   1.6241401809008102     
          39          42  0.22279318343247975     
          41          42   1.6145982880715286     
          37          43  0.10043399188417738     
          38          43   1.3097311214685325     
          39          43  0.10814266947673674     
          40          43  0.23016866019324433     
          41          43  0.17154617314170034     
          42          43   1.5718212011539248     
          29          44   1.2251910543126789     
          30          44  0.29327173894010405     
          31          44  0.17307801749946050     
          33          44   1.4249953280944514     
          37          44  0.10190087571379855     
          19          45   1.1667456354196950     
          23          45   1.1698324962214510     
          27          45   1.2374459260712420     
