           1           2   1.5234929238114907     
           1           3  0.24730707212398423     
           2           3   1.1152893937238666     
           1           4  0.10921665496958569     
           3           4   1.1234915407111077     
           4           5   1.1074247953057637     
           5           6   2.6094240687158163     
           6           7   1.0191463121420392     
           7           8   1.6870132507868649     
           7           9   1.1669112482923965     
           9          10   1.3060627582813613     
          10          11   1.2070946776190499     
           9          12  0.12092046991627248     
          11          12   1.8042867091952670     
          12          13   1.2633308512944201     
          13          14   1.2062807769227868     
          11          15  0.14738169141505683     
          14          15   1.6197213115010205     
          15          16   1.5633663431981386     
          16          17   1.1065140723608848     
          17          18   2.7778574154410962     
          16          19  0.97890237059829199     
          15          20  0.12727225602179709     
          19          20   1.6552731962138103     
          20          21   1.1014169482745806     
          21          22   1.3116106093720865     
          22          23   1.6186250958040433     
          22          24  0.39380843095924811     
          23          24   1.6448766034422140     
          22          25  0.10140798200641452     
          24          25   1.3676604418963170     
          25          26  0.99480533282463957     
          21          27   1.3527153209498748     
          22          27  0.16308143249614726     
          23          27  0.42390077269365206     
          24          27  0.14388212744281950     
          25          27   1.4132854254562741     
          13          28   1.1554272977163258     
          19          28   1.0682607921646692     
          10          29   1.2312683217728724     
          11          29  0.20189313898866368     
          12          29  0.16909580399091426     
          28          29   1.4699747595594823     
