   -0.06789288
   -0.04868492
    0.30707216
   -0.31918308
    0.07447151
   -0.06355365
    0.14094017
   -0.15779225
    0.07765078
    0.18703182
   -0.10667777
    0.12934495
   -0.03510757
   -0.02858852
    0.18354117
   -0.16303672
    0.08941632
   -0.06668518
   -0.07604441
   -0.17237833
    0.17204551
   -0.17175607
    0.11733652
   -0.05861740
    0.15506608
   -0.15936013
    0.07491014
   -0.03595371
   -0.00376863
    0.10665266
   -0.03664122
    0.04622396
   -0.09494913
    0.04666715
   -0.04169936
