           1           2   2.4659983444114384     
           1           3  0.10204105027565885     
           2           3   1.0102673235790196     
           1           4  0.13955990251690500     
           3           4   1.7618718637131101     
           3           5  0.99534555879166153     
           1           6  0.50496098107009779     
           2           6  0.22338384897778851     
           5           6   1.5182975391796507     
           5           7   1.0311869418102797     
           7           8   1.4014859915409472     
           8           9   1.3878245127414486     
           9          10   1.0236788929674199     
          10          11   1.6325926891337008     
          11          12   1.0881777879505574     
          12          13   1.2964388341995650     
          13          14   1.6820865885838845     
          14          15   1.3780785309637180     
          15          16  0.99453786218148144     
          13          17  0.10540559330175134     
          15          17   1.2640372890128795     
          17          18   1.0039339127623534     
          12          19   1.3342226045630390     
          13          19  0.29991772618815832     
          14          19  0.16808551353045720     
          17          19   1.4379559764554832     
          10          20   1.0825001627107727     
          11          20  0.13116147175029749     
          11          21  0.20849108016017234     
          20          21   1.7153317244268056     
          21          22   1.5608186632408387     
           9          23   1.2113523958012657     
          22          23   1.1625198769087393     
           8          24  0.16436742804120386     
          22          24  0.10045761132812689     
          23          24   1.3496736872865489     
           7          25   1.2141039436485501     
          24          25   1.4255498267902371     
          25          26   1.0315926670365598     
          26          27   1.1233514047108368     
          27          28   1.3460362631470413     
          27          29  0.16962994673606457     
          28          29   1.9897921612535203     
          29          30   1.0253767995545893     
          30          31   1.1820941709081347     
          31          32   1.4143719406981272     
          32          33   1.1443379265457645     
          31          34  0.17455029626362276     
          32          34  0.19103405163149326     
          33          34   1.1709199787216591     
          30          35   1.1936034522939007     
          31          35  0.18062183071437277     
          32          35  0.16768806662636460     
          34          35   1.3842333915867293     
