           1           2   1.4995297565984931     
           1           3  0.20581046828501470     
           2           3   1.1215797276850759     
           1           4  0.16202030104015391     
           3           4   1.1287878645892597     
           1           5  0.17522084502511159     
           3           5  0.15862082243045408     
           4           5   1.0648629301208432     
           5           6   1.2574179141722088     
           5           7  0.15069258944988120     
           6           7   2.5274866246323162     
           7           8   1.0192540857732344     
           8           9   1.6634836894547889     
           8          10   1.1841487677090563     
          10          11   1.2821030950592025     
          11          12   1.2029323644083727     
          10          13  0.11993664266841768     
          12          13   1.7608040740832063     
          13          14   1.2785104938664504     
          14          15   1.1806020990370272     
          12          16  0.12773245555108939     
          15          16   1.5661798218554697     
          16          17   1.7268254220257031     
          17          18   1.0892801705380166     
          16          19  0.13442705574376487     
          18          19   1.5981760310370505     
          19          20   1.0865735172977118     
          20          21   1.3221580208581918     
          21          22   1.6222219858161235     
          20          23  0.10089502615617038     
          21          23  0.39075118566650818     
          22          23   1.6326086518732783     
          21          24  0.10157209035532311     
          23          24   1.3656535670152179     
          24          25  0.99332243843241130     
          20          26   1.3572680156127808     
          21          26  0.15704916820792525     
          22          26  0.40418093920482445     
          23          26  0.15470421592080738     
          24          26   1.4159381256338737     
          14          27   1.1651064921456606     
          18          27   1.0533557615854741     
          11          28   1.2491568425757118     
          12          28  0.22701366136697571     
          13          28  0.15727378661273902     
          27          28   1.4607056184738219     
