           1           2   2.5896506663496552     
           2           3  0.91753425796120180     
           3           4   1.4081015807389867     
           1           5  0.24397777352476416     
           3           5   1.4926213037293259     
           4           5  0.19306172712942277     
           5           6   1.1816237844800814     
           6           7   1.2367156952631546     
           7           8   1.7562601174333383     
           8           9   1.2964571378048642     
           9          10   1.1672627446696551     
           7          11  0.11192332904138871     
          10          11   1.5828162547654516     
          11          12   1.7352372292988627     
          12          13   1.0872524225790217     
          11          14  0.13680569791244207     
          13          14   1.5978905540234729     
          14          15   1.0886680397738460     
          15          16   1.3227255968421319     
          16          17   1.6243033137229437     
          15          18  0.10036170346425839     
          16          18  0.38738596078490706     
          17          18   1.6326500456519475     
          16          19  0.10150183017741457     
          18          19   1.3660927617825145     
          19          20  0.99673052081821578     
          15          21   1.3547597166531213     
          16          21  0.15533465686102343     
          17          21  0.38091522856803828     
          18          21  0.15553559901949410     
          19          21   1.4137870488000028     
           9          22   1.1703023396708661     
          13          22   1.0542869482035848     
           6          23   1.3019433767716198     
           7          23  0.22162079515996855     
           8          23  0.19703409099592534     
          22          23   1.4443731285819845     
