   -0.09525424
    0.10042156
   -0.09564488
    0.16371842
   -0.08702930
    0.12186306
   -0.11290869
    0.06255469
    0.03463136
    0.12309021
   -0.17836806
    0.13217378
   -0.14189733
    0.13571801
   -0.06120919
   -0.04893121
    0.16071226
   -0.14385191
    0.07539837
    0.07507696
   -0.03525376
   -0.04059426
    0.20808892
   -0.15668770
   -0.03438576
   -0.02134333
    0.08885883
   -0.07221876
   -0.05555507
    0.02303269
   -0.04830924
    0.12074391
   -0.22892806
    0.32331646
   -0.34214308
    0.00220236
    0.02317641
   -0.00242726
    0.19701385
   -0.08714651
   -0.08170453
