           1           2   2.1704215630384032     
           1           3  0.11531334368423603     
           2           3   1.1261632683845042     
           3           4   1.1083317391355416     
           4           5   1.4618890652186076     
           5           6   1.3940188539815401     
           6           7   1.2450554609654674     
           7           8   1.6588590020805594     
           8           9   1.3795254477544920     
           9          10   1.0804302843856404     
          10          11   2.8156015995746033     
           9          12   1.2313908899271744     
           8          13  0.27208158502926827     
          12          13   1.2628895167654657     
          13          14   1.2314868996083883     
          14          15   1.2211052935667361     
          15          16   1.7449246049534675     
          16          17   1.3527598781778782     
          17          18  0.95396364386195154     
          18          19   1.1539582720372903     
          19          20   1.0359360929283963     
          19          21  0.11635748935827782     
          20          21   1.3170303410303614     
          19          22  0.11708368283378479     
          21          22   1.6158384801336032     
          22          23   1.3446840059200678     
          23          24  0.99533241028746278     
          19          25  0.20236912083792072     
          21          25  0.23184168542612846     
          23          25   1.3311882145077385     
          19          26  0.13121520914820439     
          20          26   1.3054024180192993     
          21          26  0.12558569972361527     
          22          26  0.25333220480696839     
          25          26   1.5804664616260196     
          17          27   1.2424038988102661     
          27          28   1.0068821240276657     
          14          29   1.2828333996191867     
          15          29  0.26591852259787224     
          16          29  0.17576536336584092     
          27          29   1.4679117806952782     
           6          30   1.0595754912655753     
          12          30   1.1780226629215709     
           5          31  0.48396840006716219     
          30          31   1.4525951345661678     
           4          32   1.0571932378332221     
          31          32   1.3746843590901612     
          32          33   1.2923478052166639     
          33          34   1.1830807773225940     
          34          35   1.6726715254244564     
          34          36  0.98494858549080666     
          36          37   2.2746412537844529     
          37          38   1.3519947866299598     
          38          39  0.96030579922201853     
          36          40  0.15819786576668357     
          38          40  0.46535660436026127     
          39          40   1.3564860973262858     
          36          41  0.14875184199333710     
          38          41  0.47103751419945761     
          39          41   1.3589942244981872     
          40          41  0.50696750434238114     
