           1           2   1.9412602930367846     
           2           3   1.1378086679995880     
           3           4   1.0312185970191987     
           4           5   1.5269081848745447     
           5           6   1.3497526914199873     
           6           7   1.1999475578193735     
           7           8   1.6261223811330456     
           8           9   1.5756245462267995     
           9          10   1.1050407619187259     
          10          11   2.7780864626323312     
           9          12  0.96877139641059329     
           8          13  0.17969228528788841     
          12          13   1.6649576181470349     
          13          14   1.1139325080915889     
          14          15   1.2801284695582631     
          15          16   1.7086916314174427     
          16          17   1.3525144000111684     
          17          18  0.98401712444059497     
          18          19   1.1236514081641702     
          19          20   1.1141324521109885     
          20          21   1.2937073625622795     
          21          22   1.6501729961822107     
          21          23  0.19331027986369326     
          22          23   1.5959263059693933     
          19          24  0.10267451071546738     
          21          24  0.20353499590701207     
          23          24   1.5686450128691507     
          20          25   1.2912821662848708     
          22          25  0.22167932560965958     
          23          25  0.18919902773709366     
          24          25   1.6335536429641775     
          15          26  0.10895626298768712     
          17          26   1.2501268835637998     
          26          27   1.0096484846881757     
          14          28   1.3303703717890798     
          15          28  0.29983715419768958     
          16          28  0.15432258806584337     
          26          28   1.4404990496481365     
           6          29   1.1232802662006598     
          12          29   1.0548877148079898     
           5          30  0.43227433000881954     
          29          30   1.5024390068633653     
           4          31   1.1074898296518318     
          30          31   1.3634616666300579     
          31          32   1.2180823598432933     
          32          33   1.4033687202220930     
          32          34  0.18218366158459467     
          33          34   1.4119518628996182     
          33          35   1.0257804809755251     
          35          36   2.2992355743295527     
          35          37  0.14031064561740181     
          36          37   1.3390731549764481     
          37          38   1.2720616190638139     
          38          39  0.95787890023683153     
          38          40   1.0569583649277616     
          39          40   1.2822839658191791     
          40          41   1.3004293528071942     
          39          42  0.12952618574553593     
          41          42   1.4747438125679064     
          41          43  0.96788281420715927     
          43          44   1.4971779019437466     
