           1           2   2.5881955461994908     
           2           3  0.89967088634781534     
           1           4  0.15089232499350430     
           3           4   1.7399573231732808     
           1           5  0.19455930326920162     
           3           5   1.1634716126411473     
           4           5  0.11736304456718159     
           5           6   1.4594698849649186     
           6           7   1.0852874458325021     
           7           8   1.6900306244710221     
           8           9  0.96909911843049779     
           9          10   1.6004100659317766     
          10          11   1.1103600983617725     
          11          12   1.3173881918504664     
          12          13   1.5942749097393345     
          12          14  0.34915755390752989     
          13          14   1.6811858719647399     
          14          15   1.2132377116221433     
          12          16  0.14335260726076537     
          14          16  0.10229212272239539     
          15          16   1.3813229109349185     
          11          17   1.3470057383251779     
          12          17  0.16926999088835007     
          13          17  0.38148952182554408     
          14          17  0.17272085769304224     
          15          17   1.2588646465577720     
          16          17  0.15553437621834990     
           9          18   1.1817785228469855     
          18          19   1.6793968677933861     
          19          20   1.6902119778054674     
           8          21   1.0138844354250343     
          20          21   1.1405919242313971     
           7          22  0.38387669469635183     
          21          22   1.4357597505292159     
           6          23   1.2017508049121244     
           7          23  0.10312686891354474     
          22          23   1.6423864852457932     
