           1           2   2.5560210467856983     
           2           3  0.94090278369909885     
           1           4  0.13341584647774626     
           3           4   1.6987036383253522     
           3           5   1.1240606509884026     
           5           6   1.4669905842677877     
           5           7  0.12321804266524014     
           6           7   1.3468966316333666     
           7           8   1.2839627356508392     
           8           9   1.1665936689290604     
           9          10   1.2917514916942658     
          10          11   1.2531265394091873     
          11          12   1.2046773180222263     
          12          13   1.7447850366364654     
          13          14   1.3569488608988127     
          14          15   1.0071638647898147     
          14          16   1.2458969380476099     
          16          17   1.0093654577375282     
          11          18   1.2698773582908838     
          12          18  0.34810905508553419     
          13          18  0.15660788233871425     
          16          18   1.4681328793357535     
           9          19   1.2682364502432426     
          10          19  0.12105525904632256     
          10          20  0.19375528476878945     
          19          20   1.5549429096094858     
          20          21   1.5782031154736562     
           8          22   1.2075120665690675     
          21          22   1.2531922180149493     
           7          23  0.20550563294505514     
          22          23   1.2095925844998996     
           6          24  0.91441895430835485     
          23          24   1.6738238819188442     
          24          25   1.0264134169437584     
          25          26   1.5383443960980721     
