           1           2   1.9840449985071436     
           2           3   1.1953686210694698     
           1           4  0.12813384420001281     
           3           4   1.1952553616031898     
           1           5  0.14321297396358715     
           2           5  0.12907328998099632     
           4           5   1.9803854771486247     
           1           6  0.13258772950308068     
           2           6  0.15277229632117964     
           3           6   1.0856204392751103     
           4           6  0.15529767060728705     
           5           6  0.13308455621051271     
           6           7   1.2427776962702357     
           6           8  0.12389402230060621     
           7           8   2.5539636400463812     
           8           9   1.0121662324550242     
           9          10   1.6603511951854897     
           9          11   1.1914163549313452     
          10          11  0.10718777365310737     
          11          12   1.2582022016173886     
          12          13   1.2068399970410126     
          11          14  0.12829415741535311     
          13          14   1.7619632447824511     
          14          15   1.2675465302713098     
          15          16   1.2358594469373847     
          13          17  0.15058612589796119     
          16          17   1.5903848354196766     
          17          18   1.6017173229974384     
          18          19   1.2201415343349333     
          17          20  0.14269942804599711     
          19          20   1.3368025756290054     
          20          21   1.1892288212974815     
          21          22   1.2817639463156958     
          22          23   1.6471462334188851     
          22          24  0.37625951884846731     
          23          24   1.6230636848510256     
          24          25   1.3635620623611158     
          25          26  0.99508970616103420     
          21          27   1.3042736334560001     
          22          27  0.15422255137530622     
          23          27  0.40394835184912653     
          24          27  0.15750635356433212     
          25          27   1.4190128942356721     
          15          28   1.1304337761138996     
          19          28   1.1661888463038403     
          12          29   1.2843967399425269     
          13          29  0.21803557043237842     
          14          29  0.14478729831571874     
          28          29   1.3944523694169169     
