   -0.15588903
    0.12755811
   -0.02378135
    0.02602985
    0.03592475
   -0.03680430
    0.14080441
   -0.19579166
    0.32184614
   -0.34819080
   -0.02976699
    0.02430312
    0.07751614
    0.01898595
   -0.01990875
    0.01233009
    0.06687417
    0.07599925
   -0.03403956
   -0.02802650
    0.13161044
   -0.14954995
    0.15254623
   -0.16893864
    0.19444489
   -0.16649417
    0.14159556
   -0.03158512
   -0.03825744
    0.15708500
   -0.12803111
    0.00831983
    0.07001895
    0.01984170
   -0.02433090
   -0.00735420
    0.20285904
   -0.16504965
   -0.08094996
    0.08838407
   -0.08558403
   -0.07734114
    0.01104508
   -0.05291761
   -0.05733989
