           1           2   1.5993640594830985     
           2           3   1.2047498912046160     
           1           4  0.15741055643385984     
           3           4   1.7845606672600565     
           3           5  0.12080774660802361     
           4           5   1.6168986451515279     
           1           6  0.16469396506033027     
           3           6  0.32895903962741641     
           4           6  0.10809484460436855     
           5           6   1.7325081152406088     
           2           7   1.0124609643942830     
           6           7   1.2975935521851389     
           1           8  0.21625058771403563     
           5           8  0.15979294619838777     
           7           8   1.3855956445231734     
           8           9   1.1601475544140385     
           9          10   1.6937065668361138     
           9          11  0.99443984241096561     
          10          12  0.10006650050057209     
          11          12   2.5278933084668416     
          12          13   1.0815328213287767     
          13          14   1.3307243789398753     
          14          15   1.6498455003740102     
          13          16  0.10483617836919322     
          14          16  0.37861297400586291     
          15          16   1.6056374130246436     
          14          17  0.11577805599097638     
          16          17   1.3698946906403064     
          17          18  0.98524291618109860     
          18          19   1.3043802960086401     
          19          20   1.7171723025488419     
          20          21   1.3150463577750717     
          21          22   1.1924123595219467     
          19          23  0.13401252863393043     
          22          23   1.6297061895964069     
          23          24   1.5908292443816665     
          24          25   1.2259681337868269     
          23          26  0.14178740616384911     
          25          26   1.3146589790696834     
          26          27   1.2262748606572347     
          27          28   1.2421136839308344     
          28          29   1.7924068580444130     
          29          30   1.3303015930755631     
          30          31   1.0628955016372190     
          31          32   1.2896159602376842     
          32          33   1.0540392511222427     
          33          34   1.3435492253712047     
          34          35   1.6591036192755630     
          32          36  0.10663777769829326     
          33          36  0.11428018596745082     
          34          36  0.34925535099053695     
          35          36   1.6110114591320244     
          34          37  0.10259781408518882     
          36          37   1.3520339262583938     
          37          38  0.99327764861061330     
          33          39   1.3732123585735039     
          34          39  0.16343735839509238     
          35          39  0.41772372069789809     
          36          39  0.15912097967726979     
          37          39   1.3848735086282444     
          30          40   1.2304347844217842     
          40          41   1.0004108872542248     
          27          42   1.2780453418851931     
          28          42  0.30899013238206186     
          29          42  0.13661309709722477     
          40          42   1.4612089505179073     
          21          43   1.1503781846957224     
          25          43   1.1766849088851066     
          18          44   1.4353459309264307     
          19          44  0.22550444446787538     
          20          44  0.19806011788163921     
          43          44   1.3387215593800430     
          13          45   1.3652705084401304     
          14          45  0.15286483620815133     
          15          45  0.37943112959441461     
          16          45  0.17054637014786034     
          17          45   1.3991491050810894     
