   -0.09825051
    0.09823989
   -0.09592582
    0.16418569
   -0.09035587
    0.12109446
   -0.11144404
    0.06612279
    0.03319114
    0.12274589
   -0.17975561
    0.13124243
   -0.14555390
    0.14858467
   -0.02063232
   -0.06928139
    0.18100368
   -0.11782325
    0.05606599
    0.07662612
   -0.01978287
   -0.00543557
    0.03936878
   -0.00796994
   -0.03081035
    0.09049818
   -0.07039240
   -0.10864609
    0.02234746
   -0.05100897
    0.11511318
   -0.22975317
    0.32005354
   -0.35437533
   -0.00705277
    0.03315068
   -0.04523737
    0.13075747
   -0.06929701
   -0.00632186
    0.02350732
   -0.02454130
   -0.01425164
