           1           2   2.1707152230949474     
           1           3  0.11344761151173158     
           2           3   1.1258841291480695     
           3           4   1.1072479905969441     
           4           5   1.4634349568510416     
           5           6   1.3956758367750097     
           6           7   1.2364067239742980     
           7           8   1.6788473772221002     
           8           9   1.3749697539901260     
           9          10   1.0822380878711435     
          10          11   2.8138174080880032     
           9          12   1.2356251433557586     
           8          13  0.13715511513072365     
          12          13   1.2442086217812744     
          13          14   1.3125239313888639     
          14          15   1.1916279748556566     
          15          16   1.8536589718953742     
          16          17   1.2882292462866081     
          17          18   1.1028252937066267     
          18          19   1.1198060395090164     
          19          20   1.2290904980682820     
          20          21   1.2403890441508294     
          21          22   1.6235263488469696     
          21          23  0.19916742460611891     
          22          23   1.5988751694961723     
          21          24  0.23581872467077861     
          23          24   1.5814003341602128     
          20          25   1.2413514938423915     
          22          25  0.26155600562241682     
          23          25  0.19342548171066504     
          24          25   1.6062871099443561     
          17          26   1.1686200063248113     
          26          27   1.0075077347082841     
          14          28   1.2323976187415009     
          15          28  0.29353015773113467     
          16          28  0.17240916432977443     
          26          28   1.5154520129588342     
           6          29   1.0630174619789103     
          12          29   1.1800091894144453     
           5          30  0.50878301198676779     
          29          30   1.4464511437166301     
           4          31   1.0567953367798057     
          30          31   1.3887359397096366     
          31          32   1.2852044026061824     
          32          33   1.1989146914256739     
          32          34  0.11513943397583187     
          33          34   1.6484403876277787     
          33          35  0.98821688548558484     
          35          36   2.3857510436804152     
          36          37   1.2461583071276128     
          37          38   1.0229300826609353     
          37          39  0.28852907184302140     
          38          39   1.4821816355717283     
          37          40  0.19034253828358591     
          38          40   1.0477290034252786     
          39          41  0.26554726021022629     
          40          41   1.6941824101659373     
          41          42   1.0589521035894518     
          40          43  0.34665505439347311     
          41          43  0.18133354748455990     
          42          43   1.5297924644761705     
