           1           2   1.5423693160614387     
           2           3   1.0135677288004818     
           1           4  0.12509983259891674     
           3           4   1.4675941267183530     
           4           5   1.3699256196401712     
           5           6   1.2426194494571592     
           6           7   1.6630706408195193     
           7           8   1.3848206743450813     
           8           9   1.0798090424850533     
           9          10   2.8174405909397287     
           8          11   1.2286393409709344     
           7          12  0.29691229172423728     
          11          12   1.2547451740877880     
          12          13   1.2143317630407575     
          13          14   1.2634920516699581     
          14          15   1.6594998376025323     
          14          16  0.38016322460430640     
          15          16   1.6330153929050883     
          16          17   1.3610394406732316     
          17          18  0.99752148082328773     
          13          19   1.2872734052335986     
          14          19  0.15628671808762565     
          15          19  0.43563114017371790     
          16          19  0.14805143172804971     
          17          19   1.4205787852324392     
           5          20   1.0868234657253781     
          11          20   1.1906082263957340     
           1          21  0.10720727108176756     
           4          21  0.39899724487034272     
          20          21   1.4081523296491303     
           3          22   1.1188069232657156     
          21          22   1.4558329552440208     
          22          23   1.1484893043989952     
          23          24   1.5024046132955229     
          23          25  0.17531207435798196     
          24          25   1.3917193680010722     
          24          26  0.95348957779474719     
          26          27   2.2352332556262096     
          25          28  0.15579121802528176     
          26          28  0.10988974459180773     
          27          28   1.3464790716296200     
          28          29   1.1343602075530235     
          29          30   1.0355457871936373     
          28          31  0.19037166472473366     
          30          31   1.5273371649254259     
          31          32   1.1721901965429979     
          28          33  0.17920760393171289     
          29          33  0.10884198391203465     
          32          33   1.1565872101647516     
          28          34  0.17508370048584740     
          29          34   1.1510587787753142     
          30          34  0.17502366789061774     
          31          34  0.17008827591909037     
          33          34   1.3195847705182038     
