   -0.05419479
    0.08724839
   -0.01704149
    0.12525808
    0.03050026
    0.02195573
    0.31013747
   -0.28261684
   -0.21642611
    0.19387301
   -0.15450077
    0.16590407
   -0.16795633
    0.18622253
   -0.14971640
    0.13977534
   -0.04224221
   -0.03427120
    0.19313585
   -0.15489682
    0.08955737
   -0.06994493
   -0.06608508
   -0.01542710
   -0.16731310
    0.09358476
    0.29377383
   -0.31262874
    0.02651482
   -0.01640142
   -0.02848794
    0.13876309
   -0.05776942
   -0.04341873
   -0.04486517
