           1           2   1.6354480318794733     
           1           3  0.29445745724498823     
           2           3   1.1282963763119600     
           3           4   1.3525834566562658     
           3           5  0.11875239696294652     
           4           5   1.2644392881043225     
           5           6   1.8166041546376934     
           6           7  0.79771137563271821     
           5           8  0.14310738143513677     
           7           8   1.7410700963582060     
           5           9  0.20261508092244798     
           7           9   1.2573318426682907     
           8           9  0.16360652650941238     
           9          10   1.2393848220820500     
          10          11   1.2603847396750392     
          11          12   1.5692286491443941     
          12          13   1.6614175280861232     
          13          14   1.1679733758962536     
          12          15  0.19856860050457195     
          14          15   1.2825061867751626     
          15          16   1.2466122312564982     
          16          17   1.2080083937955763     
          17          18   1.7305660913754519     
          18          19   1.3619422423551459     
          19          20   1.0044877823930709     
          19          21   1.2473632613757508     
          21          22   1.0068321583962714     
          16          23   1.2794220611787586     
          17          23  0.36664836090604586     
          18          23  0.15809461369110409     
          21          23   1.4661642734354698     
           6          24   1.0853059707918695     
          10          24   1.2221484331873886     
          14          24   1.2936101236161457     
           1          25  0.16256139710482992     
           4          25   1.1517415712621164     
           1          26  0.11943236771729272     
           2          26   1.1195431970400580     
          25          26   1.4695472061618264     
          26          27   1.0186419174606536     
          27          28   1.7582281404803075     
          27          29   1.0716667533985689     
          28          29  0.10140894101451127     
          29          30   1.1125494541314347     
          30          31   1.4061799630084435     
          31          32   1.0411068888007695     
          30          33  0.24951602258366026     
          31          33  0.38390463398109098     
          32          33   1.5225233065777959     
          31          34  0.20510984982042862     
          32          34   1.0083322155014074     
          33          34  0.10188201374836614     
          29          35   1.1327700548223771     
          30          35  0.12556749239880888     
          31          35  0.11885780417059733     
          33          35  0.33425469335718538     
          34          35   1.5136113725948086     
