           1           2   1.3763216609056392     
           1           3  0.14895330543022384     
           2           3   1.2134594146774795     
           1           4  0.15708160122794543     
           3           4   1.5926339342891243     
           1           5  0.11421666874816368     
           3           5  0.27712064710154827     
           4           5   1.7325763233293379     
           5           6   1.3766521067260946     
           2           7   1.2136272881786456     
           4           7  0.10357597345865255     
           6           7   1.1924812176311035     
           7           8   1.0802758852020111     
           8           9   1.8157716093199217     
           9          10   1.1865925505728196     
          10          11   1.2506403196017521     
          11          12   1.6639575551131269     
          12          13   1.2905492280389954     
          13          14   1.0661888785409677     
          14          15   1.1836907852875305     
          15          16   1.4077652896424695     
          16          17   1.1712112939719797     
          15          18  0.17191736962056287     
          16          18  0.22141019615562915     
          17          18   1.1487740755133593     
          14          19   1.1919956996434373     
          15          19  0.14066933933630510     
          16          19  0.17111222608505533     
          18          19   1.4153932339903947     
          11          20  0.14121290365265526     
          12          20  0.11112254991759324     
          13          20   1.2884536166115779     
          10          21   1.2655524910768672     
          12          21  0.15292035136030993     
          20          21   1.6627477182793036     
           8          22  0.85695815149845411     
           9          23  0.20505234023660138     
          22          23   1.5216331123679843     
           6          24   1.1503098368672295     
           9          24  0.11009402558232347     
          22          24   1.4254648464959103     
          23          24  0.16881212748886854     
