   -0.33301671
    0.32524965
   -0.00873965
   -0.00634832
    0.32423908
   -0.33483153
   -0.21073428
    0.19797087
   -0.04946242
    0.02160087
    0.20654351
   -0.14536435
    0.13319024
    0.01088231
   -0.01713668
    0.01235472
    0.11384648
   -0.05943083
   -0.07889462
   -0.19788940
    0.17452556
   -0.15176243
    0.11783154
    0.02265410
   -0.09149608
   -0.12979823
    0.08856923
    0.01997121
    0.03139871
    0.07871859
   -0.03015961
    0.06637362
   -0.13420824
    0.03335308
