           1           2   1.2703770268943866     
           1           3  0.49595808690101972     
           2           3   1.2995463361074810     
           1           4  0.29573948485393720     
           2           4   1.0555020437264040     
           3           4  0.15202190700657139     
           3           5  0.10867895180698489     
           4           5   1.6993179627430020     
           1           6  0.12641369006424019     
           3           6  0.12822476294565496     
           5           6   1.3715030263417225     
           6           7   1.5355860175861720     
           7           8   1.3893420501010865     
           6           9  0.10424182230377395     
           8           9   1.4438336138711712     
           8          10   1.0081481198417270     
          10          11   2.5108509945861481     
          11          12  0.99097274885396591     
          12          13   1.6946828268780738     
          12          14   1.1648595488881828     
          14          15   1.2786732328314137     
          15          16   1.2013861031221871     
          14          17  0.13010897656015491     
          16          17   1.7796659740285776     
          17          18   1.2608395798983716     
          18          19   1.2484836259754986     
          16          20  0.15268909458186014     
          19          20   1.5778148722206040     
          20          21   1.6044962275698160     
          21          22   1.2197375339772150     
          20          23  0.14213213088712578     
          22          23   1.3407198034487913     
          23          24   1.1912105332373506     
          24          25   1.2801797373195614     
          25          26   1.6475754907188207     
          25          27  0.37649403626917155     
          26          27   1.6232444586467636     
          27          28   1.3638435494000249     
          28          29  0.99599715229357033     
          24          30   1.3039277970377638     
          25          30  0.15494294957269908     
          26          30  0.40598552435717833     
          27          30  0.15688716280560255     
          28          30   1.4184675985180224     
          18          31   1.1259327517461646     
          22          31   1.1645371126530644     
          15          32   1.2685426499380466     
          16          32  0.21097067749967191     
          17          32  0.16111549026155492     
          31          32   1.4043158273477359     
