           1           2   1.5723628712230204     
           2           3   1.0174966719956930     
           1           4  0.13410716325843347     
           3           4   1.6252204592964921     
           4           5   1.1206970347408767     
           5           6   1.5907539024413875     
           6           7   1.5625222541069019     
           7           8   1.0767644286125151     
           6           9  0.13160858385618524     
           8           9   2.7962505365323982     
           7          10   1.1341210612403048     
           6          11  0.17633596991764533     
          10          11   1.5038966436972343     
          10          12   1.2454047027835582     
          11          12  0.61237877801507423     
           4          13  0.40376659815691873     
           5          13   1.1015835257456514     
          13          14   1.7109649917129168     
          13          15  0.11462415736920459     
          14          15   1.0939129055079684     
          15          16   1.2028523028475018     
          16          17   1.1185921571181303     
          17          18   1.5586443428194716     
          15          19  0.11128312894537407     
          16          19  0.10759690589326631     
          18          19   1.2306959238816322     
          19          20   1.5756318170343266     
          17          21   1.0588980212792045     
          18          21  0.17087761241598839     
          19          21  0.17296976830499641     
          20          21   1.2692950203518147     
           3          22  0.95862611191077984     
          14          22  0.94601298527193467     
           4          23  0.10676213410223083     
          13          23  0.15711927309144533     
          22          23   1.7811164998779943     
