           1           2   1.8519241969065725     
           1           3  0.35782917420114996     
           2           3   1.6417381445918091     
           3           4   1.0442219795859962     
           4           5   1.1239312437136850     
           5           6   1.2612571251517057     
           5           7  0.12302112817756872     
           6           7   2.5431334631335325     
           7           8   1.0208214639990394     
           8           9   1.6654366046868281     
           8          10   1.1785824401565053     
           9          10  0.10132411485283456     
          10          11   1.3000477847684857     
          11          12   1.2185122511439930     
          10          13  0.11005000492448011     
          12          13   1.7739630520439871     
          13          14   1.2849584555236424     
          14          15   1.1909352533566224     
          12          16  0.17869356719049292     
          15          16   1.6367032356466962     
          16          17   1.5763123214915780     
          17          18   1.0998976358060339     
          18          19   2.7947589320010078     
          17          20  0.99255342114064926     
          20          21   1.6595344564396686     
          21          22   1.1010743765383273     
          22          23   1.3087447264632674     
          23          24   1.6173570672118607     
          23          25  0.38988559469930406     
          24          25   1.6381078024695852     
          25          26   1.3657541754750546     
          26          27  0.99481204510111543     
          22          28   1.3541711232487348     
          23          28  0.16512960927918591     
          24          28  0.38562280200591087     
          25          28  0.15028481301664304     
          26          28   1.4162339884437636     
          14          29   1.1374603387862434     
          20          29   1.0477772042301610     
          11          30   1.2225744254713182     
          12          30  0.15620646588670747     
          13          30  0.19492879074519781     
          29          30   1.4971910613428592     
           1          31  0.11633696619370702     
           3          31  0.16859984083121415     
           4          31   1.1825192748274118     
          31          32   1.5887602399973983     
           3          33  0.11994373611033218     
          31          33  0.26445432950924497     
          32          33   1.8656837518382214     
