   -0.10292164
    0.09628970
   -0.09490765
    0.16383249
   -0.08865055
    0.12189266
   -0.11854600
    0.06429675
    0.02793948
    0.12133045
   -0.19081793
    0.13068660
   -0.13954398
    0.13897876
   -0.02927597
   -0.03539624
    0.15959470
   -0.12792604
    0.02089376
    0.07272546
   -0.02192859
   -0.00101515
    0.02090837
   -0.00095854
   -0.02069167
    0.08969470
   -0.08846456
   -0.10114515
    0.02431857
   -0.04524054
    0.11733144
   -0.22268299
    0.32507188
   -0.33494026
   -0.00975755
    0.01875872
    0.00264706
    0.06678966
   -0.00844543
   -0.07086293
    0.18258416
   -0.08067675
   -0.03176925
