           1           2   2.5955130025239956     
           2           3  0.90350806152524088     
           1           4  0.14595877438606322     
           3           4   1.7019852519410450     
           3           5   1.1971483576927027     
           5           6   1.2532241095272925     
           6           7   1.2191483088085382     
           5           8  0.11657268633102816     
           7           8   1.7459563757626826     
           8           9   1.2741236594475571     
           9          10   1.1843592888052903     
          10          11   1.5674135858806022     
          11          12   1.7343096799097284     
          12          13   1.0866530451405116     
          11          14  0.14679650720577436     
          13          14   1.6007856935682985     
          14          15   1.0891760280810949     
          15          16   1.3161569626855378     
          16          17   1.6199205223858821     
          16          18  0.39877146273004060     
          17          18   1.6334877580986247     
          16          19  0.10033113856897888     
          18          19   1.3553186556140273     
          19          20  0.99963312961338924     
          15          21   1.3596549320451172     
          16          21  0.16179972194040615     
          17          21  0.39831040838405107     
          18          21  0.14864329631213763     
          19          21   1.4073923171024794     
           9          22   1.1640416792316883     
          13          22   1.0531480534894269     
           6          23   1.2505682488971261     
           7          23  0.20064256023904706     
           8          23  0.18508525228554140     
          22          23   1.4616829195480017     
