           1           2   1.8427390606580625     
           1           3  0.16051829388303776     
           2           3   1.0735899593268527     
           3           4   1.4570632422351719     
           4           5  0.99219871413251925     
           5           6   1.7925742145024197     
           5           7   1.0519083894833940     
           7           8   1.2052301250271331     
           8           9   1.1297326348034522     
           8          10  0.16230061726070644     
           9          10   1.4847360907516125     
           8          11  0.18860824519301445     
           9          11   1.1768512999069576     
          11          12   1.1449116970340603     
           8          13  0.10109313944501333     
          11          13  0.22056017428957528     
          12          13   1.5884371514299345     
           7          14   1.1946403423091891     
          11          14  0.13033384801097636     
          12          14   1.0458034540519856     
          13          14  0.34811995192060508     
           1          15  0.15338730440350551     
           4          15   1.2393206873263283     
           1          16  0.10462061617060048     
           2          16  0.94445497428540914     
          15          16   1.2666305129966096     
          16          17   1.4936009915951489     
          17          18   1.5055182034129950     
          18          19   1.0295619653926154     
          17          20  0.11400495719625625     
          19          20   1.5754913517531042     
          17          21  0.11110089713000738     
          19          21   1.2162698761561246     
          21          22   1.2988763837474935     
          22          23   1.2344977963650521     
          23          24   1.5605542193269899     
          24          25   1.7134664965701154     
          25          26   1.1550141414654780     
          24          27  0.19907047935399066     
          26          27   1.3372785136792620     
          27          28   1.2330460086496569     
          28          29   1.2172863382487566     
          29          30   1.7746585228397893     
          30          31   1.3636392555801069     
          31          32   1.0067713874536885     
          31          33   1.2441916986341814     
          33          34   1.0097568385597300     
          28          35   1.2824292119927088     
          29          35  0.31568866493463205     
          30          35  0.15035724468423034     
          33          35   1.4540058307292316     
          18          36   1.1667026433543213     
          22          36   1.1664172731548288     
          26          36   1.2318208625790181     
