   -0.08766234
    0.08862003
   -0.01134026
    0.16770824
   -0.09567195
   -0.06719128
    0.30139278
   -0.42054264
   -0.18674094
    0.12770615
   -0.06459278
    0.01053432
    0.13547065
   -0.10858799
    0.12675019
   -0.03706542
   -0.02647000
    0.15221723
   -0.12594647
    0.02637537
    0.07658701
   -0.00849294
    0.01438893
    0.03177278
    0.01142536
   -0.01204609
    0.09042608
   -0.07419191
   -0.07041934
    0.03061965
    0.12677323
   -0.16877088
    0.08746285
   -0.11889641
    0.11741758
   -0.06623982
    0.16085564
   -0.12707088
    0.08340433
   -0.08996808
