           1           2   1.8490506257930222     
           1           3  0.24222669981964526     
           2           3   1.1198749171588724     
           3           4   1.0865451202233134     
           1           5  0.12850842370701587     
           3           5  0.45175779676861216     
           4           5   1.2801479315769049     
           3           6  0.11300615492407366     
           4           6   1.2721439630802380     
           5           6  0.51505988544864190     
           2           7  0.87122282164341125     
           1           8  0.23375933107056038     
           7           8   1.4258703937579960     
           7           9   1.4855932147035382     
           8           9  0.18246241068630825     
           9          10   1.1862465009737553     
          10          11   1.3544700341319778     
          11          12   1.5209425930141232     
          12          13   1.0301858097315895     
          13          14   1.6662508720115636     
          14          15   1.0953261500237490     
          15          16   1.2851216765701343     
          16          17   1.6922698629203934     
          17          18   1.3711017552152127     
          18          19   1.0067021982400595     
          19          20   1.3352217273870699     
          20          21   1.0373807198929494     
          21          22   1.3369368664111267     
          22          23   1.6888302264914983     
          21          24  0.12008394411942702     
          22          24  0.18307567573930811     
          23          24   1.6076958716492402     
          22          25  0.20360992017398374     
          24          25   1.6014540514881856     
          21          26   1.3334326093987992     
          23          26  0.20495072348051732     
          24          26  0.18338498615138063     
          25          26   1.6831828355499727     
          16          27  0.10525865390293804     
          18          27   1.2599300662989721     
          27          28   1.0050338790455646     
          15          29   1.3411983973593893     
          16          29  0.27663752379824247     
          17          29  0.18492331039739740     
          27          29   1.4369024102315688     
          13          30  0.98822010983171482     
          30          31   1.1001377021648169     
          31          32   2.7928435796127347     
          14          33  0.10651625761138417     
          30          33   1.5792900944337305     
          33          34   1.6475989416039978     
          12          35   1.1174184553148749     
          34          35   1.1842900653277135     
          11          36  0.41344068916149690     
          35          36   1.3554343711627763     
          10          37   1.1466189224929118     
          36          37   1.5017358221402557     
          37          38   1.0248181107721639     
          38          39   1.1322838896440615     
          39          40   1.9373613371974119     
