           1           2   2.2048771357743755     
           1           3  0.10105682877050506     
           2           3   1.0739541175322140     
           3           4   1.0483443885361410     
           3           5  0.13105014649551461     
           4           5   1.7640676317454052     
           4           6   1.0226355136416179     
           6           7   2.5514837019963164     
           7           8  0.98612870627210936     
           8           9   1.6841186371539487     
           8          10   1.1809422448765228     
          10          11   1.2791693457716071     
          11          12   1.2157490603799417     
          10          13  0.12334138162306107     
          12          13   1.7797828813718042     
          13          14   1.3066303433933013     
          14          15   1.1036215329544168     
          12          16  0.12640366503244599     
          15          16   1.6707111036489886     
          16          17   1.6545206146218729     
          17          18   1.1807958404906189     
          18          19   1.5746926431507902     
          19          20   1.1196449179998114     
          20          21   1.3021101858238739     
          21          22   1.6214879044474486     
          21          23  0.38888643894671721     
          22          23   1.6317802791302605     
          23          24   1.3627272223314582     
          24          25  0.99779959956687858     
          20          26   1.3430244949753456     
          21          26  0.16065659335445209     
          22          26  0.35976103947691490     
          23          26  0.15407513661354372     
          24          26   1.4170963273890287     
          14          27   1.1725068508039425     
          18          27   1.0069609654015494     
          11          28   1.2385949150395399     
          12          28  0.16128688252237772     
          13          28  0.15973732192560433     
          27          28   1.4842506207881112     
