           1           2   1.3580154053625533     
           1           3  0.52176256201692139     
           2           3   1.3577929924263450     
           1           4  0.49473122493297927     
           2           4  0.95127864009684027     
           3           4  0.51022942303372554     
           4           5   1.2769023789517044     
           3           6  0.11026407288636476     
           5           6   2.5088235400500567     
           6           7   1.0262051149224958     
           7           8   1.6550263793302149     
           7           9   1.1802710843812310     
           9          10   1.2867164643141085     
          10          11   1.2041448114472444     
          11          12   1.8567307483670850     
          12          13   1.3138287226316332     
          13          14   1.0993687670157226     
          11          15  0.12264311493194743     
          12          15  0.10163223391991441     
          14          15   1.6696517052575739     
          15          16   1.6564230026005848     
          16          17   1.1773884724798855     
          17          18   1.5753742004037417     
          18          19   1.1172379815101425     
          19          20   1.3097614999657512     
          20          21   1.6275777110051572     
          20          22  0.38597312705910103     
          21          22   1.6348551800258220     
          22          23   1.3661956816375547     
          23          24  0.99166573280839310     
          19          25   1.3355698924807424     
          20          25  0.15779571757795685     
          21          25  0.36738313146718043     
          22          25  0.15433770106529876     
          23          25   1.4164915892720364     
          13          26   1.1699303581457281     
          17          26   1.0067556608115464     
          10          27   1.2435061222436541     
          11          27  0.11951330535740334     
          12          27  0.17333956109989176     
          26          27   1.4805743984214077     
