           1           2   1.9958360892346092     
           1           3  0.12074335800958337     
           2           3   1.2608431578067603     
           3           4   1.0281669983153021     
           1           5  0.11117620690929629     
           2           5  0.21719602565843782     
           4           5   1.5153877767601271     
           5           6   1.0926141124015083     
           6           7   1.0661814374279541     
           7           8   1.2973626029518401     
           8           9   1.6682770884813449     
           9          10   1.2626105320520236     
          10          11   1.1853823543629436     
          11          12   1.8994478363720815     
          12          13  0.79754488701886239     
          11          14  0.16343358778211400     
          13          14   1.7193645487669760     
          11          15  0.18939672608115984     
          13          15   1.2667943772080539     
          14          15  0.15918802724001915     
          15          16   1.1923469520386432     
          16          17   1.3575590242487481     
          17          18   1.6790591735523188     
          17          19  0.13071579664343574     
          18          19   1.8362365615544869     
          17          20  0.37858080936635696     
          18          20  0.11866510740496099     
          19          20   1.6282676133754590     
          12          21   1.0508909043476780     
          16          21   1.1374416292175318     
          18          21  0.11101293958901876     
          20          21   1.4371964859880277     
           8          22  0.13513898003962291     
           9          22  0.19028369909320300     
          10          22   1.2678554771990909     
           5          23  0.10357862088393949     
           7          23   1.3155216703475157     
           8          23  0.10364739172580931     
           9          23  0.12464436713304812     
          22          23   1.6299748770166986     
           4          24  0.12608023209796093     
           6          24   1.1824480223754148     
           2          25  0.10175729312993481     
           3          25   1.0855594379996434     
          23          25  0.10750806339959819     
          24          25   1.4519337128968217     
