           1           2   1.5319978169034074     
           2           3   1.0251713453615390     
           1           4  0.16351328879708935     
           3           4   1.3313991268404195     
           4           5   1.8182161274464488     
           5           6   1.2842344223667166     
           6           7   1.1650789386619971     
           7           8   1.8805271446499225     
           8           9  0.89910131023641149     
           7          10  0.12975816641149124     
           9          10   1.5238374083641970     
           7          11  0.12663940191412262     
           9          11   1.3848078785982532     
          11          12   1.1895693609776119     
          12          13   1.3534868990814819     
          13          14   1.7679897910712219     
          14          15   1.2997133104802774     
          15          16   1.0225846764184476     
          13          17  0.21977601096048255     
          14          17  0.15976050465164066     
          15          17   1.3477647845497418     
           8          18   1.0059803703495749     
          12          18   1.0974528582581380     
          17          18   1.5151698299242840     
           1          19  0.21412230100652854     
           4          19  0.18703328934484911     
           5          19  0.23619284241938468     
           6          19   1.3052683835579035     
           3          20   1.2090372381473060     
           5          20  0.10083908905681693     
          19          20   1.4645845687438008     
          20          21  0.84910066936992146     
          21          22   1.0444609898205750     
          19          23  0.10983875344440641     
          21          23  0.98134621420609991     
          22          23  0.59596436106547912     
          21          24   1.0397207232140337     
          22          24  0.60626472561988831     
          23          24  0.59599368866347513     
