           1           2   2.8207026222918694     
           2           3   1.0667708560324118     
           1           4  0.14055580305114437     
           3           4   1.8487363926402931     
           4           5   1.1983289934969266     
           5           6   1.5280004575808621     
           6           7   1.0729093797760798     
           7           8   1.8505556983603824     
           7           9  0.86230369919685668     
           6          10  0.10018389964086982     
           9          10   1.6041115583200398     
           6          11  0.15129107899684041     
           9          11   1.1103004908820648     
           5          12   1.0523264234507892     
           6          12  0.17988957948277279     
           9          12  0.11047055398174767     
          10          12  0.20677394351846456     
          11          12   2.0302235509022650     
           3          13  0.86083851176470549     
           4          14  0.21805163741580685     
          13          14   1.4455557564140991     
          13          15   1.4860057679162295     
          14          15  0.16483537023271200     
          15          16   1.2254000149051554     
          16          17   1.1205131361184659     
          16          18  0.12586836137437335     
          17          18   1.3814230326188170     
          17          19  0.21949431535900765     
          18          19   1.3508641955848713     
          16          20  0.10941209538450485     
          18          20  0.28541999627499298     
          19          20   1.3647576743215233     
          16          21   1.0950106696742483     
          17          21  0.21852501072817246     
          18          21  0.11624009501993521     
          19          21  0.23320123605502224     
          20          21   1.4198539085175952     
