           1           2   1.6862778724558107     
           2           3   1.0006926146117627     
           3           4   2.5482965453612971     
           4           5  0.98365388894403716     
           5           6   1.6618559312070971     
           5           7   1.2001126361804069     
           7           8   1.2645043640201794     
           8           9   1.2883408601949404     
           9          10   1.4905992878454395     
          10          11  0.97440133629701342     
          11          12   1.6020301409564248     
          12          13   1.1100502445065383     
          13          14   1.3130605046650450     
          14          15   1.6246248819420823     
          14          16  0.38916176100701960     
          15          16   1.6396754376624862     
          14          17  0.10002157960796423     
          16          17   1.3676450083135834     
          17          18  0.99590821739085467     
          13          19   1.3416047731089595     
          14          19  0.15755940450979561     
          15          19  0.35538839852240595     
          16          19  0.15162678788828124     
          17          19   1.4131067011030378     
          11          20   1.1837945360818554     
          12          20  0.10697750886874424     
          20          21   1.6818131576849786     
          21          22   1.6910556396122449     
          10          23   1.1782984741786713     
          22          23   1.0885028239023335     
           9          24  0.41109435509485048     
          23          24   1.3414562213615275     
           8          25   1.2033260983183134     
          24          25   1.6980995100394902     
           1          26  0.11684303055844027     
           2          26   1.1471696868347006     
          26          27   1.6202859008590917     
          26          28  0.13708218559268628     
          27          28   1.6743619829195078     
          28          29   1.4571324852325260     
          29          30   1.2741016848243125     
          29          31  0.19391639433716645     
          30          31   1.0450162269941927     
          31          32   1.5295317614663246     
          32          33   1.1293325274455297     
          29          34  0.14871180943915116     
          33          34   1.1520534987673341     
          29          35  0.11800857712160746     
          30          35   1.1035404348580722     
          31          35  0.18557255273280332     
          34          35   1.3796875663305808     
