           1           2   1.6898243445099992     
           2           3   1.0076306175327452     
           3           4   2.5403483637639330     
           4           5  0.98915031554450661     
           5           6   1.6813875085121011     
           5           7   1.1794010799803072     
           7           8   1.2934245496917560     
           8           9   1.2944127252181614     
           9          10   1.4943915064881363     
          10          11   1.0257337251457010     
          11          12   1.6319421533662342     
          12          13   1.0912269997265587     
          13          14   1.2990595891789054     
          14          15   1.6848815798439418     
          15          16   1.3780231521577193     
          16          17  0.99232573686195069     
          14          18  0.11069001277593270     
          16          18   1.2738193856381059     
          18          19   1.0034307915485194     
          13          20   1.3398922683167045     
          14          20  0.35675109596099552     
          15          20  0.14346883020946100     
          18          20   1.4295195848433395     
          11          21   1.0831194619461253     
          12          22  0.19442526400782548     
          21          22   1.7539760174494696     
          22          23   1.5298569174239063     
          10          24   1.1620248158742308     
          23          24   1.1998154294903571     
           9          25  0.40991441273231394     
          24          25   1.2891549089033612     
           8          26   1.1778201082191384     
           9          26  0.10463492716417340     
          25          26   1.7435915873813808     
           1          27  0.11937471270253923     
           2          27   1.1351567277982419     
          27          28   1.5885341217638920     
          27          29  0.15351251990059758     
          28          29   1.6523672516656283     
          27          30  0.10362752871628197     
          29          30   1.4327628327596864     
          30          31   1.3041371828136317     
          30          32  0.18466967743506729     
          31          32   1.0434095115558388     
          32          33   1.5353472536381025     
          33          34   1.1284754666029710     
          30          35  0.17873070366511390     
          34          35   1.1541221542342479     
          30          36  0.11863363312490520     
          31          36   1.0811706288811640     
          32          36  0.19184399264525456     
          35          36   1.4100369750725625     
