           1           2   1.8801510902434568     
           1           3  0.25067122806863007     
           2           3   1.1211623192017779     
           3           4   1.2061965487514994     
           4           5   1.0516697215370450     
           5           6   1.7103772576814109     
           6           7   1.1133624067644761     
           7           8   1.2134015841426735     
           3           9  0.24268505297120971     
           4           9   1.1024695127447177     
           5           9  0.14764928308059896     
           8           9   1.2604364868598987     
           2          10  0.83258298180719159     
           1          11  0.10083897715628581     
          10          11   1.6999113820948688     
          10          12   1.2283831085157435     
          11          12  0.10865652148088596     
          12          13   1.2697259894257553     
          13          14   1.3917970407758131     
          14          15   1.4499228330477549     
          15          16   1.1832721360949963     
          16          17   1.2275302310490936     
          17          18   1.2907483159062252     
          18          19   1.1998449856836213     
          19          20   1.8468409037532290     
          20          21   1.2907495940814044     
          21          22   1.1008235870480920     
          22          23   1.1348926796667755     
          23          24   1.2027816514477805     
          24          25   1.2476963419378211     
          25          26   1.5975306662482553     
          25          27  0.19048418916067175     
          26          27   1.5854597710566962     
          25          28  0.25355789067862566     
          27          28   1.6025981162729397     
          24          29   1.2534714073974040     
          26          29  0.22976858708592895     
          27          29  0.19419457565492906     
          28          29   1.6187251279190051     
          21          30   1.1682579881855870     
          30          31   1.0090108266349571     
          18          32   1.2409502214279404     
          19          32  0.29431261236613915     
          20          32  0.17269981532039422     
          30          32   1.5112589994429304     
          16          33   1.2421950499591667     
          33          34   1.0799794549500308     
          34          35   2.8166367314762244     
          17          36  0.17819492138199539     
          33          36   1.3735330908483734     
          36          37   1.6804562602619633     
          15          38   1.0581110684574586     
          37          38   1.2393052408353182     
          14          39  0.52473423365805216     
          38          39   1.4003457851042345     
          13          40   1.0606726104705673     
          39          40   1.4603081113793681     
          40          41   1.1084943003557712     
          41          42   1.1286821975258674     
          41          43  0.11524549943781673     
          42          43   2.1723620778571671     
