           1           2   1.5634729498172759     
           1           3  0.22821500758605315     
           2           3  0.98995289644547269     
           1           4  0.10278450817676860     
           3           4   1.9188133201425686     
           3           5  0.11838328623117578     
           4           5   1.1571818564112328     
           4           6  0.19303526502587887     
           5           6   1.1178858339799753     
           6           7   1.2554180530703360     
           6           8  0.12488133464491820     
           7           8   2.5262728911287540     
           8           9   1.0173642894888979     
           9          10   1.6497428906007725     
           9          11   1.1954670879063609     
          10          11  0.11209832256932754     
          11          12   1.2700838638317180     
          12          13   1.2072376199789541     
          11          14  0.12245183623206878     
          13          14   1.7524384069486960     
          14          15   1.2839241492395908     
          15          16   1.1726697969481206     
          13          17  0.12405166161581314     
          16          17   1.5730260451462053     
          17          18   1.7251127898263077     
          18          19   1.0895732258769684     
          17          20  0.13415542170016470     
          19          20   1.5966819568723953     
          20          21   1.0869045986654706     
          21          22   1.3223290625818833     
          22          23   1.6224588640952540     
          21          24  0.10098666298395456     
          22          24  0.39078432846727773     
          23          24   1.6322403879694323     
          22          25  0.10157592895822720     
          24          25   1.3655090487212309     
          25          26  0.99239580243960279     
          21          27   1.3568796605003872     
          22          27  0.15614119480013297     
          23          27  0.40599125931110847     
          24          27  0.15489489777370313     
          25          27   1.4164689344691661     
          15          28   1.1686978741378733     
          19          28   1.0534967071813475     
          12          29   1.2581487910908784     
          13          29  0.22897174731025113     
          14          29  0.15861384862611677     
          28          29   1.4555923876511916     
