           1           2   2.4996417547159329     
           2           3  0.98486199894014437     
           1           4  0.12762060271446926     
           3           4   1.7386767162619567     
           3           5   1.0591138828905273     
           5           6   1.1411895605967568     
           6           7   1.8739048714552602     
           7           8   1.0200276853742103     
           7           9  0.24527028977883408     
           8           9   1.2863000596628369     
           6          10  0.17841847374534447     
           7          10  0.11707467289619822     
           8          10   1.3337216577930806     
           9          10  0.47205152902812342     
           5          11   1.0577217379567703     
          11          12   1.4155302632728273     
          12          13   1.4588661767188276     
          13          14   1.0285522947034769     
          14          15   1.6210338289519817     
          15          16   1.0873013195822847     
          16          17   1.3179766391987502     
          17          18   1.6302719017349481     
          17          19  0.40120148857947885     
          18          19   1.6302097186626199     
          17          20  0.10246238737619384     
          19          20   1.3656884643990705     
          20          21  0.99395359461631794     
          16          22   1.3500713452036615     
          17          22  0.15241049139171398     
          18          22  0.44437092649212206     
          19          22  0.15279466700667235     
          20          22   1.4166349248949619     
          14          23   1.0871636395806201     
          15          23  0.12522521645516357     
          15          24  0.18434265286441645     
          23          24   1.7467077241431515     
          23          25  0.10232590423641545     
          24          25   1.6062608665558458     
          13          26   1.1838737385914360     
          25          26   1.1441123384323655     
          12          27  0.47057015035557875     
          26          27   1.3486694679199394     
          11          28   1.2444825648036626     
          12          28  0.10776723054307437     
          27          28   1.6970433198426562     
