           1           2   1.9305593065745745     
           2           3   1.1141399011560240     
           3           4   1.0166881610383345     
           4           5   1.5273945310964994     
           5           6   1.3519454265510411     
           6           7   1.2503912952496481     
           7           8   1.6770386812306286     
           8           9   1.3819213137584783     
           9          10   1.0810287473304980     
          10          11   2.8163246391172776     
           9          12   1.2305608629053579     
           8          13  0.15349513737099330     
          12          13   1.2296147755066267     
          13          14   1.3137136489273269     
          14          15   1.1747153419763978     
          15          16   1.8269055559875782     
          16          17   1.2881663164973713     
          17          18   1.0972559084577438     
          18          19   1.1166864544531721     
          19          20   1.2122034216600337     
          20          21   1.2490153068995848     
          21          22   1.6021925732363038     
          21          23  0.18769146564250541     
          22          23   1.5861107806844081     
          21          24  0.26156746712829398     
          23          24   1.6068991616770718     
          20          25   1.2502427704892285     
          22          25  0.23379663323759589     
          23          25  0.19430422302976802     
          24          25   1.6191240767378774     
          17          26   1.1708439196355460     
          26          27   1.0138785365277265     
          14          28   1.2473792623250384     
          15          28  0.31093853175335728     
          16          28  0.16627377016877290     
          26          28   1.5205388121967918     
           6          29   1.0807846667939787     
          12          29   1.2036409261711700     
           5          30  0.40943456448470261     
          29          30   1.3992864546490373     
           4          31   1.1170261512275794     
          30          31   1.4343886765554257     
          31          32   1.1730305265107686     
          32          33   1.4761565953103131     
          32          34  0.18328063629824759     
          33          34   1.3864641206783930     
          33          35  0.98638732804367102     
          35          36   2.3892742705937242     
          36          37   1.1786628150255218     
          35          38  0.11137464772772349     
          37          38   1.4103225410654219     
          38          39   1.1065777631073594     
          37          40  0.13285616655769913     
          39          40   1.5454746836169149     
          38          41  0.35846215060564324     
          39          41   1.0393988269851104     
          40          41  0.28973728687404970     
          37          42   1.1378360744486469     
          40          42  0.19426916728561269     
          41          42   1.6523780753227229     
