           1           2   1.4766112004033887     
           1           3  0.10164626570385475     
           2           3   1.3244880660083118     
           3           4   1.0081114181936055     
           4           5   1.7490562916265675     
           4           6   1.0960177283462451     
           5           6  0.10777014031279281     
           6           7   1.1148358532830849     
           7           8   1.4224591404098545     
           8           9   1.0249954327794775     
           7          10  0.18296487599733657     
           8          10  0.41351278094516963     
           9          10   1.5175976817854175     
           8          11  0.17049647935539336     
           9          11   1.0241605865040715     
           6          12   1.1157284072188030     
           7          12  0.10743900502655199     
          10          12  0.35126236231311753     
          11          12   1.5266174083231281     
           1          13  0.20600664363524668     
           3          13   1.1790110147390298     
           1          14  0.14762892544846187     
          13          14   1.7149368078813125     
           2          15  0.97200873389679698     
          14          15   1.1325510219955328     
          13          16  0.10435751022680172     
          15          16   1.5791590968080964     
          16          17   1.5291809321683383     
          17          18   1.0280700345354088     
          16          19  0.10839495185896816     
          18          19   1.5776038571966213     
          18          20   1.2151540602558839     
          20          21   1.2933674774267334     
          21          22   1.2307752421050877     
          22          23   1.5732872362659684     
          23          24   1.7137449140419954     
          24          25   1.1557318715593672     
          23          26  0.19494974728253359     
          25          26   1.3378811249188491     
          26          27   1.2314225453253587     
          27          28   1.2240618441615139     
          28          29   1.7199659915850600     
          29          30   1.3586880990433647     
          30          31   1.0050950593462213     
          30          32   1.2509674413609022     
          32          33   1.0077756019402659     
          27          34   1.2705244834121083     
          28          34  0.35323835336177739     
          29          34  0.14723627334426878     
          32          34   1.4628066693005077     
          17          35   1.1607966674383599     
          21          35   1.1779272724839849     
          25          35   1.2326632915720990     
