           1           2   1.5449961358107112     
           1           3  0.22899594089232173     
           2           3   1.0876302152043718     
           3           4   1.2512140895817740     
           4           5   2.5272165058046436     
           5           6   1.0101050481210903     
           6           7   1.4084999310713930     
           6           8   1.4533536994531882     
           7           8  0.24265078003028473     
           8           9   1.1883006365604130     
           9          10   1.2325275413267673     
          10          11   1.7635415480762848     
          11          12   1.2916400372263932     
          12          13   1.1699713107750600     
          10          14  0.11739786067541480     
          13          14   1.5765838626118811     
          14          15   1.7311439301453520     
          15          16   1.0883993016214546     
          14          17  0.13472558111136521     
          16          17   1.5951580411257476     
          17          18   1.0883141111732617     
          18          19   1.3219672649435168     
          19          20   1.6240641313789190     
          18          21  0.10024039886436702     
          19          21  0.38909975442469458     
          20          21   1.6312146689223186     
          19          22  0.10157020565204573     
          21          22   1.3660270577480869     
          22          23  0.99539388989400301     
          18          24   1.3549630578523326     
          19          24  0.15630878229548775     
          20          24  0.39100191474203849     
          21          24  0.15606575937398548     
          22          24   1.4147826601829685     
          12          25   1.1676037208153243     
          16          25   1.0551764927308640     
           9          26   1.2951089546409937     
          10          26  0.21968123771270925     
          11          26  0.18774497664596565     
          25          26   1.4465571039777916     
