   -0.07102535
   -0.02776422
    0.30974242
   -0.29677355
    0.01706576
   -0.03364157
   -0.00460203
   -0.04102764
    0.10050518
    0.26497764
   -0.36754705
   -0.18203070
    0.11599318
   -0.02498867
    0.01321262
    0.19850473
   -0.17694992
    0.11543058
    0.00330275
    0.03884632
   -0.00802698
    0.09833765
   -0.03605277
    0.16596345
   -0.13479371
   -0.17799813
    0.15171911
   -0.13945237
    0.12920317
   -0.09550081
    0.15490574
   -0.10854164
    0.06007458
    0.01338377
   -0.01981247
   -0.00463905
