   -0.02593201
   -0.00740233
    0.30210996
   -0.35776545
   -0.12495355
    0.10168239
   -0.04409060
    0.01275761
    0.20453412
   -0.13041934
    0.12936461
   -0.04114475
   -0.01833914
    0.18150899
   -0.16630618
    0.07405705
   -0.04492013
   -0.06470533
   -0.18076959
    0.17418985
   -0.14563607
    0.11936125
   -0.08616375
    0.15646439
   -0.13537331
    0.05382663
    0.01145353
    0.01050552
    0.09543863
   -0.02001253
    0.03917690
   -0.07856557
    0.03985573
   -0.03378751
