           1           2   2.6021948509350552     
           2           3  0.91612803101647233     
           3           4   1.4188018211457152     
           1           5  0.21246651958366694     
           3           5   1.4830743535382513     
           4           5  0.18852254192282841     
           5           6   1.1699042924645120     
           6           7   1.3983371868162608     
           7           8   1.5042091006679221     
           8           9  0.99646002367490538     
           9          10   1.6110442457394780     
          10          11   1.0860244160259296     
          11          12   1.3028089111052670     
          12          13   1.6927370935113839     
          13          14   1.3789356867231277     
          14          15  0.99217294042371984     
          12          16  0.11095280163754502     
          14          16   1.2819331059632748     
          16          17   1.0035706772294724     
          11          18   1.3422977472801076     
          12          18  0.34446686987045350     
          13          18  0.15912094599293203     
          16          18   1.4348931925922663     
           9          19   1.1526532059966290     
          10          19  0.14886138394676060     
          10          20  0.18422652737997494     
          19          20   1.6545632471296459     
          20          21   1.6754800980007698     
           8          22   1.1635514804547129     
          21          22   1.1020113798137823     
           7          23  0.49046380537857559     
          22          23   1.3807840390579349     
           6          24   1.1398054273117382     
          23          24   1.4985204838638562     
          24          25   1.0201811813541009     
          25          26   1.1970176987530590     
          26          27   1.5049779626773694     
          26          28  0.30340657795343956     
          27          28   1.7741618487444517     
          28          29   1.1309020997143189     
          29          30   1.1562062357070566     
          30          31   1.4250601003697525     
          31          32   1.1697302656224600     
          30          33  0.21021539587178784     
          31          33  0.27783482980000584     
          32          33   1.1665963603382714     
          29          34   1.1555297926457229     
          30          34  0.12593068177444203     
          31          34  0.22100210078256896     
          33          34   1.4220825941037281     
