           1           2   2.6290071282579586     
           2           3  0.88555936404749624     
           1           4  0.15486643700288050     
           3           4   1.6706073618947785     
           3           5   1.2345391052974100     
           4           5  0.11740179084381891     
           5           6   1.1637416692360509     
           6           7   1.2730866415928888     
           5           8  0.12216462571236218     
           7           8   1.6177124653575845     
           8           9   1.3991839249759106     
           9          10  0.97135799435821368     
          10          11   1.5827681411253149     
          11          12   1.1221434695919110     
          12          13   1.3020865080945463     
          13          14   1.6268877364732193     
          13          15  0.39183954711752117     
          14          15   1.6334400295699241     
          13          16  0.10060945980749056     
          15          16   1.3649854851324270     
          16          17  0.99649805030248029     
          12          18   1.3346701479481100     
          13          18  0.15282124363378896     
          14          18  0.39597620754328522     
          15          18  0.15234158112788734     
          16          18   1.4158197926229996     
          10          19   1.1939363921962394     
          11          19  0.14341112084691149     
          11          20  0.10060939701253019     
          19          20   1.6619931004786610     
          20          21   1.6974145722584357     
           9          22   1.1903784319437505     
          21          22   1.0680391156912308     
           6          23   1.3235020879829560     
           7          23  0.21902504382672572     
           8          23  0.22614760744085888     
          22          23   1.3925222357706415     
