           1           2   1.5602106367249409     
           2           3  0.99358509524189698     
           1           4  0.10500341219496756     
           3           4   1.6724267641117696     
           4           5   1.1072181767883169     
           5           6   1.5275615551486073     
           6           7   1.7216793422606025     
           7           8   1.0531145171686882     
           6           9  0.13266567812068725     
           8           9   2.7995710754420471     
           7          10  0.81758227492012758     
          10          11   1.4367287033878056     
          10          12   1.5788244557251421     
          11          12  0.20458805396517554     
           4          13  0.37351496134735290     
           5          13   1.1575441395668142     
          13          14   1.5589190504579600     
          14          15   1.2583365740935104     
          15          16   1.2236132265620427     
          16          17   1.0803874916482430     
          17          18   1.5428825514161357     
          18          19   1.1972617689860063     
          19          20   1.3400384851452858     
          20          21   1.4477166228519336     
          21          22  0.99535754287917344     
          20          23  0.23315538399951016     
          21          23   1.3051069588183535     
          20          24  0.20341905132333693     
          23          24   1.7165048559592770     
          19          25   1.1869188278495928     
          24          25   1.3760187565222457     
          17          26   1.1462599075266566     
          18          26  0.16598883941408632     
          25          26   1.1017439365846369     
           3          27  0.95723108533985979     
          14          27  0.94401946445454232     
           4          28  0.12785107773569693     
          13          28  0.10754714755382309     
          27          28   1.8011138706084941     
