   -0.16742967
    0.12697643
   -0.02874458
    0.02328295
    0.03346030
   -0.03956148
    0.13968307
   -0.19569831
    0.32045913
   -0.34714947
   -0.00527977
    0.00355806
    0.17180463
   -0.02945435
   -0.03500162
    0.16189932
    0.05960034
   -0.03604594
   -0.03063450
    0.13398632
   -0.14822968
    0.14942414
   -0.16646897
    0.19376871
   -0.15814994
    0.14161928
   -0.04653941
   -0.03442308
    0.15678636
   -0.13272014
    0.00478155
    0.07025048
    0.02753622
   -0.02874108
   -0.00358831
    0.20348256
   -0.16448007
   -0.07934648
    0.09100198
   -0.07000429
   -0.05330643
    0.01183833
   -0.04083497
   -0.18336761
