           1           2   1.5917457238602499     
           2           3   1.2096577294791877     
           1           4  0.15569060512557090     
           3           4   1.7808642558434076     
           3           5  0.12062129839366793     
           4           5   1.6187549782149728     
           1           6  0.16235945080122793     
           3           6  0.33176324757361436     
           4           6  0.10893183580727181     
           5           6   1.7301870122904426     
           2           7   1.0110735367021964     
           6           7   1.2992764578900047     
           1           8  0.20964407261533696     
           5           8  0.15809643087878000     
           7           8   1.3828635742729714     
           8           9   1.1620793652232064     
           9          10   1.6793456273502916     
           9          11   1.0096300563550713     
          11          12   2.4440535477369107     
          12          13   1.1780156991319788     
          13          14   1.3997849325960754     
          14          15   2.1157118279256322     
          15          16   1.4319728573902644     
          16          17   1.0881959383566935     
          17          18   1.2709192478207094     
          18          19   1.7514488147359191     
          19          20   1.3022353566025271     
          20          21   1.2074213803887621     
          18          22  0.12762487617214840     
          21          22   1.6137467280578928     
          22          23   1.5907255197125389     
          23          24   1.2297064695423765     
          22          25  0.15468996936922896     
          24          25   1.3146865079333936     
          25          26   1.2252353324402818     
          26          27   1.2327840254674887     
          27          28   1.7429756910858285     
          28          29   1.3340656485229010     
          29          30   1.0660763218077258     
          30          31   1.2816185593554805     
          31          32   1.0721202159138281     
          32          33   1.3221109296325888     
          33          34   1.6536828233070988     
          31          35  0.10369287818567716     
          32          35  0.10904746139200698     
          33          35  0.39291114068634597     
          34          35   1.5982040168391443     
          33          36  0.10123771183699920     
          35          36   1.3472887284544477     
          36          37  0.99423332979369705     
          32          38   1.3739371660300823     
          33          38  0.17064690367211993     
          34          38  0.41967896842367797     
          35          38  0.13644937327224532     
          36          38   1.3904523816282002     
          29          39   1.2280456659132786     
          39          40   1.0070697951613838     
          26          41   1.2848932211615038     
          27          41  0.35113769243148529     
          28          41  0.13170147081257563     
          39          41   1.4668328007345797     
          20          42   1.1428696401941629     
          24          42   1.1718453547805860     
          17          43   1.3906044631067995     
          18          43  0.21871192891318503     
          19          43  0.19516034428171070     
          42          43   1.3624016839704434     
          13          44   1.0662386461914006     
          16          44   1.0897262092295077     
