           1           2   2.5364283193426562     
           2           3  0.92367928447341863     
           1           4  0.11398818427425042     
           3           4   1.6800921076475939     
           3           5   1.1921186176695615     
           5           6   1.2714914916008804     
           6           7   1.3272230688173097     
           7           8   1.5323838624168469     
           8           9  0.99488046230394045     
           9          10   1.6186898841007329     
          10          11   1.1076211468133386     
          11          12   1.3065607616490518     
          12          13   1.5853009755036231     
          12          14  0.33700318887536634     
          13          14   1.6734453720354214     
          14          15   1.2142456411140472     
          12          16  0.13963537876644588     
          15          16   1.3820628503935624     
          11          17   1.3581028459130231     
          12          17  0.16780821019312697     
          13          17  0.38059217828870323     
          14          17  0.17663852334887228     
          15          17   1.2588976610973124     
          16          17  0.15107508462913549     
           9          18   1.1211444877032437     
          18          19   1.7839808985151984     
          19          20   1.5835803144558227     
           8          21   1.1205295871231478     
          20          21   1.1513351097165219     
           7          22  0.44492269642346055     
          21          22   1.3837357354940925     
           6          23   1.0951074284289781     
          22          23   1.4917208455735411     
          23          24   1.0609442741429254     
          24          25   1.1812945806097284     
          25          26   1.4759143577557612     
          25          27  0.21551536759736234     
          26          27   1.6827910153175867     
          27          28   1.1474343582089923     
          28          29   1.0903831816198994     
          29          30   1.3361152989154299     
          30          31   1.0333461755239848     
          29          32  0.27728532857338384     
          30          32  0.24218610720224684     
          31          32   1.4835729674078189     
          30          33  0.23798934902150953     
          31          33   1.0013578195276960     
          32          33  0.39174763509860239     
          28          34   1.1665144442062381     
          29          34  0.27388863152044240     
          30          34  0.18910040841889220     
          32          34  0.10354966359977665     
          33          34   1.2719281190709470     
