   -0.14527975
    0.13814603
    0.03399617
    0.04447105
    0.09088386
    0.00030194
   -0.01291264
    0.22894325
   -0.26931917
    0.22360980
   -0.25531169
   -0.06817808
    0.32221111
   -0.31554468
   -0.11962703
    0.11306664
    0.00468479
    0.03952462
    0.06272720
   -0.15458505
    0.31939765
   -0.32944105
    0.04114818
    0.14063732
   -0.14586729
    0.05390346
    0.09018637
   -0.00086599
   -0.00713542
    0.22832632
   -0.26207094
    0.22060625
   -0.25460618
   -0.05602706
