           1           2   2.0086280946052764     
           2           3   1.1336323225646829     
           3           4   1.0586375597294819     
           4           5   1.4790020768691610     
           5           6   1.3663899777211697     
           6           7   1.1845929885645590     
           7           8   1.6498882630012301     
           8           9   1.5751089211149181     
           9          10   1.0987792172456083     
          10          11   2.7944830876153737     
           9          12  0.99262762398537729     
           8          13  0.11400644046650638     
          12          13   1.6571953643776003     
          13          14   1.1100849064595075     
          14          15   1.2720165787278319     
          15          16   1.7123353336826714     
          16          17   1.3487489326953988     
          17          18  0.99297196976592872     
          18          19   1.1191633035324271     
          19          20   1.1420252714932080     
          20          21   1.2822658937954272     
          21          22   1.6431694095678948     
          21          23  0.18875869150702979     
          22          23   1.5976721115077526     
          21          24  0.21101486733237956     
          23          24   1.5734774265818618     
          20          25   1.2779303220920606     
          22          25  0.23360148572847436     
          23          25  0.19066205407796333     
          24          25   1.6296947709024547     
          15          26  0.10193304957713649     
          17          26   1.2357659172511697     
          26          27   1.0113950244378938     
          14          28   1.3308795666642448     
          15          28  0.25143715631632402     
          16          28  0.18536911416892488     
          26          28   1.4534917654948534     
           6          29   1.1090978192213863     
          12          29   1.0311471840778126     
           5          30  0.38550139299679270     
          29          30   1.5347110689509076     
           4          31   1.1034468362226946     
          30          31   1.3152316716772889     
          31          32   1.2808171731558280     
          32          33   1.2156277157906674     
          32          34  0.13422406922064825     
          33          34   1.6624925602327738     
          33          35  0.96237866931976623     
          35          36   2.3310766943850534     
          35          37  0.16701601864655061     
          36          37   1.3166539216062778     
          37          38   1.0793675865052395     
          35          39  0.10937837368556298     
          37          39  0.32949369015500540     
          38          39   1.3747313826415413     
          38          40   1.1029452874646342     
          39          40  0.29391051337299601     
          39          41  0.12198781413067294     
          40          41   1.5000812106779966     
          41          42   1.0547883296743328     
          40          43  0.28661780052913716     
          41          43  0.40660534094440420     
          42          43   1.6084188208060015     
