   -0.13009188
    0.14485733
    0.04208899
    0.06146667
    0.09155795
   -0.00295668
   -0.01205323
    0.22827741
   -0.26722275
    0.22049227
   -0.26186275
   -0.05295482
    0.32178387
   -0.33675672
   -0.17777228
    0.15562716
   -0.04708041
   -0.02095239
    0.07778986
    0.01334875
    0.09338438
   -0.00202470
   -0.03658934
    0.16521103
   -0.20293450
    0.32033825
   -0.30908468
    0.02600007
    0.14038832
   -0.13268105
    0.04739532
    0.08419492
   -0.01422498
   -0.03129700
    0.25171296
   -0.24061946
    0.20458139
   -0.29099669
   -0.06706571
    0.00241914
   -0.02618361
   -0.02143803
   -0.00807234
