   -0.08975728
    0.08248021
   -0.11428056
    0.16368650
   -0.06465353
    0.11783775
   -0.12023334
    0.08900378
    0.02873229
    0.12632815
   -0.17087368
    0.13445656
   -0.10803085
    0.12680249
   -0.03922191
   -0.03486256
    0.15012997
   -0.12596284
    0.02547547
    0.07240619
    0.00013606
   -0.02343585
    0.08215461
   -0.06696660
    0.01532746
    0.09047254
   -0.07764187
   -0.07184372
    0.01191803
   -0.06599840
    0.12656064
   -0.18030199
    0.29629368
   -0.42222007
    0.01615802
    0.01252352
    0.00204531
    0.19098840
   -0.08980530
   -0.09582726
