           1           2   2.0266122748072410     
           2           3   1.1387703439903096     
           3           4   1.0440827656181528     
           4           5   1.4905567466929279     
           5           6   1.3670575403557832     
           6           7   1.1833698053112751     
           7           8   1.6492761883243630     
           8           9   1.5763467447852111     
           9          10   1.0993635558710506     
          10          11   2.7939168269826089     
           9          12  0.98792627449153037     
           8          13  0.11518952615335908     
          12          13   1.6644184518037375     
          13          14   1.0965064664712110     
          14          15   1.2876451875104169     
          15          16   1.6976461192134249     
          16          17   1.3734104228995645     
          17          18   1.0025717938790371     
          18          19   1.3546847699397524     
          19          20   1.0186172655638006     
          20          21   1.3688479355386922     
          21          22   1.5849019519115028     
          20          23  0.12020733722023812     
          21          23  0.30129725813547759     
          22          23   1.6456054303595011     
          21          24  0.27789817854312909     
          23          24   1.4939422674263168     
          20          25   1.3759304579446217     
          21          25  0.16115996985775385     
          22          25  0.37341416003428513     
          23          25  0.15433215295078173     
          24          25   1.4871351712148035     
          15          26  0.10570235430814914     
          17          26   1.2614940019888483     
          26          27   1.0034675910588495     
          14          28   1.3390916895281342     
          15          28  0.27762066443650352     
          16          28  0.19793076130863343     
          26          28   1.4380496037688821     
           6          29   1.1132499819543735     
          12          29   1.0308079205334020     
           5          30  0.42105644269477305     
          29          30   1.5196132879919417     
           4          31   1.1294768707219491     
          30          31   1.3501391562768552     
          31          32   1.2066148504279046     
          32          33   1.4177774208016551     
          32          34  0.19924448913845086     
          33          34   1.4033048814108537     
          33          35   1.0207692889423614     
          35          36   2.2787713407701546     
          36          37   1.3403311614262210     
          37          38  0.96536672987051830     
          35          39  0.15352671451432423     
          37          39  0.49118868836807417     
          38          39   1.3489149458577194     
          35          40  0.18365485498895820     
          37          40  0.50257360519555849     
          38          40   1.3543838682787741     
          39          40  0.51533898568541481     
