           1           2   1.4302176674614011     
           2           3   1.1718832419118359     
           1           4  0.19498485687761666     
           3           4   1.6351041480257147     
           4           5   1.5372864649924942     
           5           6   1.2966762616403478     
           1           7  0.12207904847312223     
           4           7  0.13687541889197696     
           5           7  0.11515501290354507     
           6           7   1.2844792686773354     
           7           8   1.2792396352894881     
           8           9   1.1875878293272781     
           9          10   1.7957070678282929     
          10          11   1.3065210816473976     
          11          12   1.0828341593538227     
          12          13   1.1767264572024552     
          13          14   1.1259317802974500     
          14          15   1.3042295733542733     
          15          16   1.6788295852907107     
          13          17  0.10721723703219577     
          15          17  0.35272741784947925     
          16          17   1.6022571312161895     
          15          18  0.10069889561345281     
          17          18   1.3492564338114685     
          18          19   1.0045069589889295     
          14          20   1.3362140340972115     
          15          20  0.17200286466555301     
          16          20  0.43567843426125197     
          17          20  0.15108946822774005     
          18          20   1.3832647858982763     
          11          21   1.1794587024163059     
          21          22   1.0200120348569901     
           8          23   1.2660167036806496     
           9          23  0.31082286909804463     
          10          23  0.16926252750360987     
          21          23   1.5041574301054810     
           2          24   1.1821074350264660     
           6          24   1.1467202946416009     
           1          25  0.33025870271445096     
          24          25   1.3660281363336326     
          25          26   1.7230363784335243     
          26          27  0.96863219100870146     
          26          28   1.0035569210387831     
          28          29   1.7041176635155444     
          28          30   1.1276853274550511     
          30          31   1.6034423366628818     
          30          32  0.15538065064465426     
          31          32   1.7184155776636110     
          32          33  0.77865840447126333     
          30          34  0.16360070592537720     
          32          34  0.48291734409276371     
          33          34  0.91156215009192942     
          33          35   1.6149463747875119     
          34          35  0.16997932798026616     
          33          36   1.5917517218145845     
          34          36  0.16574315095951592     
          35          36  0.11585746951141812     
