           1           2   1.6882609641745150     
           2           3  0.98004139564160031     
           1           4  0.10368275927272695     
           3           4   2.6419668433556911     
           4           5  0.97087511142046445     
           5           6  0.95074552291941394     
           5           7  0.94578915503687666     
           5           8  0.95091531554474440     
           2           9   1.1857699459982338     
           9          10   1.2887434259598973     
          10          11   1.1941020709409109     
          11          12   1.8480461601664757     
          12          13   1.2637064825028068     
          13          14   1.2520116820802891     
          11          15  0.14453997540330679     
          14          15   1.5733754071447490     
          15          16   1.6129892319400057     
          16          17   1.2155311541850222     
          15          18  0.14094791902512319     
          17          18   1.3420087314132201     
          18          19   1.1949996833457552     
          19          20   1.2778381490663173     
          20          21   1.6520578223099802     
          20          22  0.37599882015929831     
          21          22   1.6212663282893747     
          22          23   1.3640178574934176     
          23          24  0.99642410999033582     
          19          25   1.3022307520941501     
          20          25  0.15295315510876051     
          21          25  0.40099886228034615     
          22          25  0.15814286807395214     
          23          25   1.4179524098234815     
          13          26   1.1224377182607326     
          17          26   1.1655134051541460     
          10          27   1.2748835593613181     
          11          27  0.16709290262400944     
          12          27  0.15086410821967125     
          26          27   1.4008323114771009     
