           1           2   2.5931896626101634     
           2           3  0.89509351024091599     
           1           4  0.13366138667921484     
           3           4   1.6902545933438504     
           3           5   1.2167192444207782     
           5           6   1.2362949632885316     
           6           7   1.3225429579915939     
           7           8   1.4310157907730103     
           8           9   1.1303576657691476     
           9          10   1.3734128749022105     
          10          11   1.1768490067718484     
          11          12   1.2825808392657878     
          12          13   1.6239896602299773     
          12          14  0.39691970186466030     
          13          14   1.6191235586889625     
          14          15   1.3595551698709090     
          15          16  0.99640768707740124     
          11          17   1.3164087785045173     
          12          17  0.15803853635551965     
          13          17  0.37571564615582353     
          14          17  0.15170952599035278     
          15          17   1.4273378415582991     
           9          18   1.2162495839230645     
          10          19  0.19285491778000807     
          18          19   1.5949849111636831     
          19          20   1.6002405817785312     
           8          21   1.1313719196874292     
          20          21   1.2252415303925570     
           7          22  0.41999296426629007     
          21          22   1.2867674592654723     
           6          23   1.1971153042932328     
          22          23   1.7282050570881131     
