   -0.11818484
    0.14375542
    0.04446135
    0.03764957
    0.09223515
   -0.00378670
   -0.01101057
    0.23015589
   -0.26687999
    0.22387163
   -0.25327306
   -0.06267432
    0.32185795
   -0.34378324
   -0.15091080
    0.08645313
    0.00882257
    0.00954514
    0.10107482
   -0.13039802
    0.31572916
   -0.32827610
    0.02401687
    0.13862106
   -0.13216387
    0.05208303
    0.08709553
   -0.02759162
   -0.01454544
    0.25456127
   -0.21158656
    0.20004628
   -0.27735019
   -0.03962049
