           1           2   2.1676251787792422     
           1           3  0.11493561278948507     
           2           3   1.1288835238981054     
           3           4   1.1072338833224646     
           4           5   1.4657033582429075     
           5           6   1.3955030635174208     
           6           7   1.2399648993030405     
           7           8   1.6718037427024079     
           8           9   1.3753578134688398     
           9          10   1.0816848328825115     
          10          11   2.8149756713427592     
           9          12   1.2369049875497433     
           8          13  0.16851067437764339     
          12          13   1.2438699323403748     
          13          14   1.2893321741782044     
          14          15   1.1877974113101020     
          15          16   1.7793306624388490     
          16          17   1.3005363614799621     
          17          18   1.0724808337844172     
          18          19   1.1107335063275281     
          19          20   1.2035088220751740     
          20          21   1.2526308130968959     
          21          22   1.6098050140135145     
          21          23  0.18995134334328778     
          22          23   1.5775084034679292     
          21          24  0.25560253964287838     
          23          24   1.6022557615547686     
          20          25   1.2542499569691883     
          22          25  0.22771489989984192     
          23          25  0.19809123562230843     
          24          25   1.6269908519781029     
          17          26   1.1890519075861044     
          26          27   1.0124898797629376     
          14          28   1.2556835509629487     
          15          28  0.32504745566506038     
          16          28  0.15752490198672942     
          26          28   1.5051246098518718     
           6          29   1.0613739864411287     
          12          29   1.1846261048295843     
           5          30  0.51264201435136769     
          29          30   1.4465431203341226     
           4          31   1.0554738905792458     
          30          31   1.3852340943814754     
          31          32   1.2893974599911768     
          32          33   1.1963882937508499     
          32          34  0.11029902097219799     
          33          34   1.6539144670291552     
          33          35  0.98641404221458739     
          35          36   2.4030552621466663     
          35          37  0.10333645841310823     
          36          37   1.2444953990594394     
          37          38   1.0546122046615085     
          37          39  0.40868542960406851     
          38          39   1.3993724374264853     
          38          40   1.1112561229402484     
          39          40  0.31756388766715021     
          39          41  0.13478128620185512     
          40          41   1.4247996981872246     
          39          42  0.13342090056645001     
          40          42  0.12182907095264840     
          41          42   1.8870949709605065     
