           1           2   2.1286441194143269     
           1           3  0.11005604516693454     
           2           3   1.1293660980118485     
           3           4   1.0634871863169844     
           4           5   1.5068766041384054     
           5           6   1.3596478980970399     
           6           7   1.2050493989250683     
           7           8   1.6149005115283406     
           8           9   1.5745046421429574     
           9          10   1.1044893755394820     
          10          11   2.7787925315736670     
           9          12  0.96972617041201781     
           8          13  0.19972411459155393     
          12          13   1.6710356463510765     
          13          14   1.1102503661503504     
          14          15   1.2822783749862201     
          15          16   1.6887822561150445     
          16          17   1.3754240406040557     
          17          18  0.99726407035939990     
          15          19  0.10864278910094403     
          17          19   1.2678479354207424     
          19          20   1.0056591623023505     
          14          21   1.3317909359758193     
          15          21  0.35381365160756839     
          16          21  0.15825326775777454     
          19          21   1.4347294299867837     
           6          22   1.1145462492961338     
          12          22   1.0508663202893584     
           5          23  0.45922966505352497     
          22          23   1.5259515077023733     
           4          24   1.0822097730931513     
          23          24   1.3315039394318555     
          24          25   1.3049928102906461     
          25          26   1.2155648113818223     
          25          27  0.13684251197071925     
          26          27   1.6457029683629996     
          26          28  0.98324090461449565     
          28          29   2.3808950047430733     
          28          30  0.10137849912283954     
          29          30   1.2410553712355790     
          30          31   1.0575029015999893     
          31          32   1.2772807789043137     
          30          33  0.48129447120292407     
          31          33   1.2959255167539387     
          32          33  0.46732848978443614     
