           1           2   1.6265879040998461     
           1           3  0.27501622686604899     
           2           3   1.3315984819191908     
           3           4   1.2795835596619001     
           4           5   1.1980387971510891     
           5           6   1.5121397053197692     
           5           7   1.1357483323234945     
           6           8  0.10085793169426370     
           7           8   1.7221251218344329     
           7           9  0.14185123027242716     
           8           9   1.5702433552182073     
           9          10   1.2605025652142134     
           9          11  0.12842561915954112     
          10          11   1.0934103842751766     
          11          12   1.4315580334855253     
          12          13   1.1425782595769733     
           9          14  0.17750533996295764     
          13          14   1.1581852629054084     
          10          15   1.0338718103412394     
          11          15  0.16344117923416701     
          14          15   1.5026825382789797     
           1          16  0.13149850268202259     
           4          16   1.1880111861729812     
           1          17  0.12080331002211216     
           2          17  0.90753085424710267     
          16          17   1.5036645572086085     
          17          18   1.2142790719570011     
          18          19   1.8705576790274616     
          19          20  0.79746620819019221     
          18          21  0.15769097383558311     
          20          21   1.7324388130748227     
          18          22  0.18577755894739226     
          20          22   1.2648029848638003     
          21          22  0.18245099496103601     
          22          23   1.2235474642727999     
          23          24   1.2612561133672964     
          24          25   1.5722243425116722     
          25          26   1.6304640185263668     
          26          27   1.2001664437946686     
          25          28  0.15580434416331249     
          27          28   1.2195382299786861     
          28          29   1.2973177035690553     
          29          30   1.2360356674681496     
          30          31   1.6945234472002995     
          31          32   1.3357113659627300     
          32          33   1.1013710712012026     
          31          34  0.22809927105302483     
          33          34   1.1695868455305287     
          30          35  0.19596317207867600     
          34          35   1.8774893965456545     
          32          36   1.1079754137184039     
          35          36   1.1711225474404225     
          36          37   1.1448496258103900     
          37          38   1.1697780287665192     
          38          39   1.2661265457173152     
          39          40   1.5797682562560063     
          39          41  0.18207697136972870     
          40          41   1.6100538932066613     
          39          42  0.25035600527735125     
          41          42   1.6112312642148650     
          38          43   1.2716321757771671     
          39          43  0.10668307078935184     
          40          43  0.23022070145775078     
          41          43  0.17910895562308168     
          42          43   1.5945207059444171     
          29          44   1.2242584507065513     
          30          44  0.27584502201980965     
          31          44  0.17153974089046078     
          33          44   1.4338304435087301     
          37          44  0.10971679925403997     
          19          45   1.0591199117474943     
          23          45   1.2314719521072777     
          25          45  0.10845140985428543     
          27          45   1.3197674463288742     
