           1           2   2.5468934477150418     
           2           3  0.93583525663826383     
           1           4  0.17730464909747196     
           3           4   1.6882136701789987     
           3           5   1.1707958237896530     
           4           5  0.10894873082853679     
           5           6   1.4764983686662394     
           6           7   1.0893215051225436     
           7           8   1.6654824159729582     
           8           9   1.0085769690626232     
           9          10   1.4061336378535139     
          10          11   1.1701502007664955     
          11          12   1.2940800744812102     
          12          13   1.5831002745253604     
          12          14  0.35702965606351705     
          13          14   1.6675250520908267     
          14          15   1.2109644620906750     
          12          16  0.12732857183326893     
          13          16  0.10487243799250137     
          15          16   1.3772620570826541     
          11          17   1.3238366324930644     
          12          17  0.17169272550762923     
          13          17  0.36137503838697727     
          14          17  0.17292896670823218     
          15          17   1.2710128082814041     
          16          17  0.16083966697895200     
           9          18   1.3114797708553154     
          10          18  0.11453379818201301     
          10          19  0.18785480279508801     
          18          19   1.4948460270916673     
          19          20   1.7506017070130986     
           8          21   1.0309927722276513     
          20          21   1.1539552114084513     
           7          22  0.40454916983029199     
          21          22   1.4053020391184563     
           6          23   1.1938789326954802     
           7          23  0.10617794176848841     
          22          23   1.6588176137132340     
