           1           2   1.8457678684415055     
           1           3  0.12900490474262341     
           2           3   1.0699649113254202     
           3           4   1.5316013445334340     
           4           5  0.94760052223283231     
           5           6   1.7805231332291565     
           5           7   1.1085015673495557     
           6           7  0.10784810140196140     
           7           8   1.1089020706030448     
           8           9   1.6595288985519661     
           9          10   1.0558937366447116     
           8          11  0.11452364020755178     
          10          11   1.1715611319507009     
           8          12  0.15162088721583566     
          10          12  0.11297801086127794     
          11          12   2.0863785391432952     
           9          13  0.14533559071387672     
          10          13   1.1089628342711468     
          11          13  0.13175870410279758     
          12          13  0.11533612614338964     
           7          14   1.1387091853113245     
           8          14  0.10231963805308637     
          12          14  0.10374371240364863     
          13          14   1.3996108810350802     
           1          15  0.15931286418766477     
           4          15   1.2075082683329046     
           1          16  0.10188494903023324     
           2          16  0.93085096181024851     
          15          16   1.2878747636507157     
           3          17  0.14152514743784642     
          16          17   1.4914281539401260     
          17          18   1.4429473668901756     
          18          19  0.84703380782186788     
          19          20   1.7559188662545047     
          19          21   1.1952015117921277     
          20          21  0.10770592516650491     
          21          22   1.2945510550952646     
          22          23   1.2572562827278635     
          23          24   1.5596174217083638     
          24          25   1.6691261595154157     
          25          26   1.1728842124954866     
          24          27  0.14969964890912602     
          26          27   1.2846609625912229     
          27          28   1.2665723011892678     
          28          29   1.2058371962487497     
          29          30   1.7905071579300984     
          30          31   1.3576724963544899     
          31          32   1.0145492471492576     
          31          33   1.2369904128671270     
          33          34   1.0118168300971406     
          28          35   1.2651928890385236     
          29          35  0.30475510325566035     
          30          35  0.15800263611482968     
          33          35   1.4670327815513211     
          18          36   1.1158017286982909     
          22          36   1.1789312111534969     
          26          36   1.2835484824241590     
