           1           2   2.1565715256116782     
           1           3  0.10670983148089370     
           2           3   1.1174219466590982     
           3           4   1.0761192320077735     
           4           5   1.4580146607207287     
           5           6   1.4034855726478908     
           6           7   1.1598557863347345     
           7           8   1.6800165386543582     
           8           9   1.5785828851204677     
           9          10   1.0988262441688095     
          10          11   2.7931853235808628     
           9          12  0.98952688449368187     
           8          13  0.11771746374809926     
          12          13   1.6683015271087107     
          13          14   1.0873937220447358     
          14          15   1.3027372074827361     
          15          16   1.7086457639453532     
          16          17   1.3671555149035193     
          17          18  0.99638376175668375     
          18          19   1.1898409435145756     
          19          20   1.7615903105458379     
          20          21   1.0412734929896201     
          21          22   1.3129562099177381     
          22          23   1.6574333864829989     
          21          24  0.10107935817153327     
          22          24  0.16310268818341944     
          23          24   1.6061399476225049     
          22          25  0.23003173594559820     
          24          25   1.6308177944062427     
          21          26   1.3096993685577987     
          23          26  0.20978038107351590     
          24          26  0.19713542515285976     
          25          26   1.6663665194467350     
          15          27  0.10732425530001566     
          17          27   1.2559070286335117     
          27          28   1.0000772910129350     
          14          29   1.3311593061865832     
          15          29  0.26140787521245845     
          16          29  0.18713686430969437     
          27          29   1.4414522745843712     
           6          30   1.1117056419105942     
          12          30   1.0266887074896285     
           5          31  0.45512644976943523     
          30          31   1.5227774734660635     
           4          32   1.1096079978453379     
          31          32   1.3685474368901733     
          32          33   1.2049502663390266     
          33          34   1.4730017246997051     
          33          35  0.19318914330369996     
          34          35   1.3992588173830018     
          34          36  0.97809337164546861     
          36          37   2.3142028557619847     
          37          38   1.3022840892978518     
          38          39  0.98617698687075395     
          38          40  0.43286244676306534     
          39          40   1.3537529003183659     
          38          41  0.46578741847636751     
          39          41   1.3421682407813131     
          40          41  0.48795554307958028     
