           1           2   1.4013505882190063     
           2           3  0.97503719621276430     
           3           4   2.6055583367147190     
           4           5  0.97028957656246506     
           5           6  0.94422786290230198     
           5           7  0.95306009207645526     
           5           8  0.95286536309946301     
           1           9  0.22129907517366024     
           2           9   1.4875008737648714     
           9          10   1.1920155889205442     
          10          11   1.2298075764723628     
          11          12   1.7465054181682416     
          12          13   1.2886968339645430     
          13          14   1.1758991694820615     
          11          15  0.11750539858541648     
          14          15   1.5741209021541505     
          15          16   1.7343085431570751     
          16          17   1.0892560176091450     
          15          18  0.13375304380068148     
          17          18   1.5956022330365247     
          18          19   1.0874909426929031     
          19          20   1.3227373717064357     
          20          21   1.6211601736961687     
          19          22  0.10068259035290103     
          20          22  0.38952205364151965     
          21          22   1.6356595450828235     
          20          23  0.10117428265768050     
          22          23   1.3654968061392003     
          23          24  0.99818705628839055     
          19          25   1.3563834931684942     
          20          25  0.15812765438675624     
          21          25  0.37059222454160268     
          22          25  0.15251966846194462     
          23          25   1.4132042574986718     
          13          26   1.1666264138579769     
          17          26   1.0548389690670472     
          10          27   1.2913300674025125     
          11          27  0.23557684031637019     
          12          27  0.16390515834214964     
          26          27   1.4462840336143770     
