   -0.11119010
    0.08656886
    0.00943773
    0.19201218
   -0.07870394
   -0.09430099
    0.29691226
   -0.38014166
   -0.15913665
    0.09621721
   -0.05336472
    0.02615915
    0.13222854
   -0.14293629
    0.13808223
   -0.02319053
   -0.04717335
    0.17269909
   -0.16407879
    0.04975100
    0.07457315
   -0.01325782
    0.00304103
    0.03398963
    0.00606768
   -0.01308441
    0.09099161
   -0.06650291
   -0.09855081
    0.03631842
    0.12362156
   -0.17578584
    0.06951282
   -0.10603862
    0.12030643
   -0.07920324
    0.15905353
   -0.12479871
    0.10573485
   -0.09183952
