           1           2   1.8213023532031505     
           1           3  0.19553447712124100     
           2           3   1.1981305501489810     
           3           4  0.99113983424808239     
           1           5  0.10733824577244622     
           3           5  0.41815362729628602     
           4           5   1.3470005610120650     
           1           6  0.12341593916617490     
           3           6  0.42666692187372635     
           4           6   1.3337556060117621     
           5           6  0.49644509343316806     
           2           7  0.79917084553964668     
           1           8  0.22386428698926100     
           7           8   1.4667984703280648     
           7           9   1.5313633571479064     
           8           9  0.17781858937293613     
           9          10   1.1511936190034426     
          10          11   1.4633679955202650     
          11          12   1.4196647773077153     
          12          13   1.1916871767564927     
          13          14   1.2461331371393833     
          14          15   1.2562601592947680     
          15          16   1.2207896641726281     
          16          17   1.7816384598303399     
          17          18   1.3392856897332841     
          18          19  0.99090556897745330     
          19          20   1.1062844973489150     
          20          21   1.1112999586606094     
          21          22   1.2918629992441355     
          22          23   1.6340449264810326     
          21          24  0.10101788325986645     
          22          24  0.18389611584073826     
          23          24   1.5714967772978119     
          22          25  0.22110844412993472     
          24          25   1.6031670975014540     
          21          26   1.2950270523416916     
          23          26  0.20874364175999741     
          24          26  0.18939577505720837     
          25          26   1.6428051961171803     
          18          27   1.2277585518180907     
          27          28   1.0094758400347799     
          15          29   1.2572240142548072     
          16          29  0.27694214134452150     
          17          29  0.15392386069133318     
          27          29   1.4703976954429900     
          13          30   1.2258343728944325     
          30          31   1.0806225036190145     
          31          32   2.8159255705376487     
          14          33  0.24349299132800567     
          30          33   1.3829396693830576     
          33          34   1.6736441761713854     
          12          35   1.0699347289309931     
          34          35   1.2392282368719454     
          11          36  0.49180961977531029     
          35          36   1.3922699489698611     
          10          37   1.0908661252994039     
          36          37   1.4607203585508601     
          37          38   1.0873263543598324     
          38          39   1.1136130414323502     
          38          40  0.10624922430358895     
          39          40   2.1802894517643789     
