           1           2   1.3561224813187436     
           1           3  0.48810927953667721     
           2           3   1.3275909734354447     
           1           4  0.15373232239411083     
           2           4  0.97492262581249745     
           3           4  0.40071046714095626     
           1           5  0.20560689491754927     
           3           5  0.14396299182933275     
           4           5   1.7837741701042444     
           1           6  0.35125453538850981     
           3           6  0.19892132194495318     
           4           6  0.17017678777059098     
           5           6   1.4220857596373713     
           6           7   1.0608121089298534     
           7           8   1.0488821805087722     
           7           9  0.14216855280680049     
           8           9   1.7552964688878840     
           8          10   1.0202360967576576     
          10          11   2.5592822296885300     
          11          12  0.98558474135012286     
          12          13   1.6834824597470068     
          12          14   1.1820594150970125     
          14          15   1.2857818515106614     
          15          16   1.1946488600707095     
          16          17   1.8496683762613073     
          17          18   1.2643103480562872     
          18          19   1.2489150969361145     
          16          20  0.14529375575191533     
          19          20   1.5742956580735583     
          20          21   1.5973208061909863     
          21          22   1.2159869293833099     
          20          23  0.14514568105082454     
          22          23   1.3424603114723721     
          23          24   1.1933491061563879     
          24          25   1.2754301804434622     
          25          26   1.6277559510273780     
          25          27  0.39666878782597187     
          26          27   1.6189284771455501     
          27          28   1.3585656134804209     
          28          29  0.99701447369654328     
          24          30   1.3078881064784371     
          25          30  0.16039927672127960     
          26          30  0.38278531038435454     
          27          30  0.14582342587211294     
          28          30   1.4278183772030422     
          18          31   1.1245424826546246     
          22          31   1.1649234437477702     
          15          32   1.2783145207290549     
          16          32  0.16390275966998658     
          17          32  0.15144146291778648     
          31          32   1.3986224469148834     
