   -0.10741175
    0.10875897
   -0.10852679
    0.16754159
   -0.07848702
    0.11675326
   -0.12900755
    0.09381749
    0.02390473
    0.12568552
   -0.17582277
    0.13490926
   -0.11161871
    0.12453698
   -0.05225533
   -0.04767794
    0.15810851
   -0.17454034
    0.03855174
    0.07495944
    0.02850758
   -0.01457599
    0.00765368
    0.12915070
   -0.06516719
   -0.07017466
    0.08937298
   -0.07050005
   -0.06856288
    0.01707107
   -0.06501044
    0.12825667
   -0.17269881
    0.29745280
   -0.41153023
    0.02114270
    0.03738650
   -0.02052861
    0.17841232
   -0.09484890
   -0.06298856
