           1           2   2.1885749498308220     
           1           3  0.10911427753746122     
           2           3   1.1206950299588407     
           3           4   1.0890744015422587     
           4           5   1.4615865251286626     
           5           6   1.4067963626102431     
           6           7   1.1700168485033648     
           7           8   1.6647157736919658     
           8           9   1.5821601912119161     
           9          10   1.0985995010334992     
          10          11   2.7939247619091918     
           9          12  0.98727230666488497     
           8          13  0.12132187030076055     
          12          13   1.6675179640469300     
          13          14   1.0916559485898341     
          14          15   1.2838755474014485     
          15          16   1.7092191114375404     
          16          17   1.3576500995302112     
          17          18  0.96628581095757926     
          18          19   1.1434799582122770     
          19          20   1.0546523298944599     
          20          21   1.3306352108466510     
          21          22   1.6406746888133723     
          19          23  0.10915607769930984     
          20          23  0.11415649791558463     
          21          23  0.36455188745257522     
          22          23   1.6007517858063001     
          21          24  0.10092033781123474     
          23          24   1.3604461980328753     
          24          25   1.0001455100491368     
          20          26   1.3691910633853548     
          21          26  0.17487541880226312     
          22          26  0.37864780287257505     
          23          26  0.12924426413808804     
          24          26   1.3968177880119887     
          15          27  0.11257254457986900     
          17          27   1.2590463313667004     
          27          28   1.0070891700388602     
          14          29   1.3453930985721778     
          15          29  0.26264813772742379     
          16          29  0.17657779160069420     
          27          29   1.4406705932929678     
           6          30   1.0980751308624062     
          12          30   1.0272940759171487     
           5          31  0.47741731975313217     
          30          31   1.5365225255373494     
           4          32   1.0925976249143177     
          31          32   1.3533570565426156     
          32          33   1.2328876810559040     
          33          34   1.4187523543894063     
          33          35  0.18669189407370337     
          34          35   1.4034003839447897     
          34          36   1.0207877246994144     
          36          37   2.3901299204452942     
          37          38   1.2295254614416982     
          38          39   1.0743823221194240     
          38          40  0.50952421228657219     
          39          40   1.2913796943032136     
          38          41  0.17101892167739838     
          39          41   1.2679498792446635     
          40          41  0.51564936425501029     
