   -0.09613470
    0.08124948
   -0.10851471
    0.16172999
   -0.06525622
    0.11619005
   -0.12289082
    0.09156075
    0.02685172
    0.12609346
   -0.17339270
    0.13625286
   -0.11427881
    0.12698456
   -0.03410658
   -0.05360246
    0.15459105
   -0.13648589
    0.06040646
    0.08102440
   -0.04138891
   -0.02587236
    0.13445997
   -0.03930142
   -0.02349571
   -0.02601520
    0.09617223
   -0.05089602
   -0.08447220
    0.01491701
   -0.06720236
    0.12569019
   -0.18170404
    0.29291912
   -0.43475919
    0.02062877
    0.03624700
   -0.02149316
    0.17798066
   -0.09321636
   -0.06746994
