           1           2   2.0128529401049109     
           2           3   1.1408014575460739     
           3           4   1.0764427994070580     
           4           5   1.4487248513137656     
           5           6   1.3947268686677439     
           6           7   1.1663410240211867     
           7           8   1.6722808381098444     
           8           9   1.5805105036189138     
           9          10   1.0995037028023655     
          10          11   2.7924111269780467     
           9          12  0.98679402752339451     
           8          13  0.10645068237585338     
          12          13   1.6630183504488083     
          13          14   1.0974604970410964     
          14          15   1.2936962750829533     
          15          16   1.6868154474954198     
          16          17   1.3639041736944257     
          17          18  0.98146028533297003     
          18          19   1.1837296019131911     
          19          20   1.1259008743176113     
          20          21   1.2849420166945154     
          19          22  0.10061970965187143     
          21          22   1.5896901766713987     
          22          23   1.3553635277532756     
          23          24   1.0023250957769847     
          19          25  0.20571070727710253     
          21          25  0.24417229324416914     
          23          25   1.3331739880215374     
          19          26  0.10419446745391557     
          20          26   1.2709269657067794     
          21          26  0.17080049076060680     
          22          26  0.29250686465884185     
          25          26   1.5750076563699287     
          15          27  0.10294223034713354     
          17          27   1.2439641678722995     
          27          28   1.0151875911431589     
          14          29   1.3281614479244215     
          15          29  0.27019594093083177     
          16          29  0.19852620128094298     
          27          29   1.4397712251206893     
           6          30   1.1077084636612391     
          12          30   1.0308325530146911     
           5          31  0.45305982667655842     
          30          31   1.5191714627074340     
           4          32   1.1303387640022242     
          31          32   1.3522910183238981     
          32          33   1.2002415233956822     
          33          34   1.4243147083673755     
          33          35  0.18914264941116957     
          34          35   1.3890457961641065     
          34          36   1.0273658356587161     
          36          37   2.3838667739850434     
          37          38   1.2302263482525497     
          38          39   1.0648592775992287     
          38          40  0.49619357583086876     
          39          40   1.2989428596235211     
          38          41  0.15228778925231423     
          39          41   1.2685286384493919     
          40          41  0.48458409813538572     
