           1           2   2.1933561533299866     
           2           3   1.0683909527598083     
           3           4   1.0660369679801449     
           3           5  0.13462809299348444     
           4           5   1.7967388911543396     
           4           6  0.94352852590263359     
           6           7   1.3741385605371506     
           7           8   1.1823468871358545     
           8           9   1.2725588704348700     
           9          10   1.6274190759598839     
           9          11  0.16552444573176264     
          10          11   1.5991222742129214     
           9          12  0.21368129193395430     
          11          12   1.6154493527623119     
           8          13   1.2687278770199319     
          10          13  0.22855732115899144     
          11          13  0.19309230339820740     
          12          13   1.6196356421110321     
           6          14   1.3091674986880382     
           7          14  0.20092459835847312     
          14          15   1.2516532016018960     
          14          16  0.18606569710182816     
          15          16   1.6504937570743448     
          15          17  0.90885099234338551     
          17          18   1.0470451649947368     
          18          19   2.8002884379009565     
          17          20   1.8107465305578676     
          19          20  0.15688656227308587     
          20          21   1.2093878174085655     
          21          22   1.5080513229449801     
          22          23   1.1592005822789304     
          22          24  0.12052665418898914     
          23          24   1.6578521446141876     
          23          25  0.86421484876813948     
          25          26   1.8486472005202945     
          20          27  0.10577238393030416     
          22          27  0.22580844617956297     
          25          27   1.0413464965466122     
          20          28  0.14813135658955875     
          21          28   1.0560644432579736     
          22          28  0.23265134521489991     
          26          28  0.13107215492912425     
          27          28   2.0236504347768252     
