           1           2   2.1678255702615612     
           1           3  0.10881159911423516     
           2           3   1.1211190320525335     
           3           4   1.1096766047567344     
           4           5   1.4697503615298482     
           5           6   1.4053233399207949     
           6           7   1.1823261854873812     
           7           8   1.6376673416996721     
           8           9   1.5669850862205073     
           9          10   1.1044010244576137     
          10          11   2.7758995816968666     
           9          12  0.98099934912305820     
           8          13  0.17462459926751983     
          12          13   1.6612120248264053     
          13          14   1.1190503392481606     
          14          15   1.3101829788058008     
          15          16   1.5981307708934502     
          16          17   1.3842194581951497     
          17          18   1.1230558275530171     
          16          19  0.19653820115480383     
          18          19   1.1736311619320117     
          15          20  0.15366689430981512     
          19          20   1.7521641193939683     
          17          21   1.0695744674420224     
          20          21   1.1638505309854792     
          19          22  0.22403022537841236     
          21          22   1.1770815986956666     
          22          23   1.0917197324623007     
          23          24   1.2981132205655612     
          24          25   1.5799919942484122     
          24          26  0.17385739752002560     
          25          26   1.5967209321137381     
          24          27  0.23388574090884784     
          26          27   1.6181249069637003     
          23          28   1.2995548666573313     
          24          28  0.10211409133532551     
          25          28  0.23159358511242692     
          26          28  0.19240872258990044     
          27          28   1.5775318213183178     
          14          29   1.2965777059685839     
          15          29  0.29480789244375183     
          16          29  0.20025134574684433     
          18          29   1.3880433927376310     
           6          30   1.0998895539546591     
          12          30   1.0477958218582484     
           5          31  0.51117384057896997     
          30          31   1.5424875946108598     
           4          32   1.0616644804140665     
          31          32   1.3327082832787434     
           1          33  0.11087609068643613     
          32          33   1.3162501084815450     
          33          34   1.1934124508531045     
          33          35  0.11945527789436922     
          34          35   1.6688471040497164     
          34          36  0.98498013244776184     
          36          37   2.2871842521618699     
          37          38   1.3427029322142015     
          38          39  0.95930544890021641     
          36          40  0.15265055678115380     
          38          40  0.48158659105765972     
          39          40   1.3575502780389772     
          36          41  0.16365121035286531     
          38          41  0.47560929183770639     
          39          41   1.3570060434644085     
          40          41  0.52185943021408387     
