           1           2   2.8051077141097585     
           2           3   1.0712743897091612     
           1           4  0.14563467588402601     
           3           4   1.8581397475927512     
           4           5   1.1971017507657105     
           4           6  0.11236800960410856     
           5           6   1.5227662224688203     
           6           7   1.1360067282647093     
           6           8  0.10947499147742143     
           7           8   1.6828577183435103     
           7           9  0.86700889284361793     
           9          10   1.8462654728527377     
           6          11  0.19214915256458626     
           9          11   1.0455307885982574     
           5          12   1.0441337134081288     
           6          12  0.24446461143258733     
          10          12  0.13368357028127348     
          11          12   2.0245759706347908     
           3          13  0.82532452656663247     
           4          14  0.16503078510070851     
          13          14   1.6893811039981612     
          13          15   1.2621859301996583     
          14          15  0.13172371712860209     
          15          16   1.1954905065045334     
          16          17   1.2814175331619355     
          17          18   1.6436285557775276     
          17          19  0.35984741946444443     
          18          19   1.6217993376966573     
          17          20  0.10779403985855962     
          19          20   1.3743286320361805     
          20          21  0.94005450298555726     
          21          22  0.95736757868069455     
          21          23  0.95606092429927636     
          21          24  0.95364478283122356     
          16          25   1.3047424983923461     
          17          25  0.15635690319864226     
          18          25  0.32865730584829561     
          19          25  0.16810226521937008     
          20          25   1.4267094231943356     
