           1           2   1.8863341188184817     
           1           3  0.24927802018885020     
           2           3   1.1017803459455864     
           3           4   1.2226654353907513     
           3           5  0.23035911309621512     
           4           5   1.0502964038085172     
           5           6   1.2827560981450119     
           6           7   1.2326018836839028     
           3           8  0.10129194271771125     
           6           8  0.17113070006684369     
           7           8   1.1035981462802376     
           4           9   1.0653043293110869     
           5           9  0.18728104349718908     
           6           9  0.15421194317697692     
           8           9   1.6028871182915245     
           2          10  0.83588363043233782     
           1          11  0.17444407714151258     
          10          11   1.6829676794621860     
          10          12   1.2314299305325860     
          11          12  0.10689320654964882     
          12          13   1.2453743640412165     
          13          14   1.2240239491418130     
          14          15   1.8590751016849925     
          15          16   1.3172624918043427     
          16          17   1.0949906692360096     
          14          18  0.11256510290618180     
          15          18  0.10217970218961731     
          17          18   1.6758070322817042     
          18          19   1.6601899611365425     
          19          20   1.1774929973153125     
          20          21   1.5725659604711546     
          21          22   1.1224425166660019     
          22          23   1.3057895795979781     
          23          24   1.6271419095795461     
          23          25  0.38458202839873057     
          24          25   1.6326154806787163     
          25          26   1.3673550619643096     
          26          27  0.99328664570837721     
          22          28   1.3323392019479841     
          23          28  0.15927148590620838     
          24          28  0.35301319362331096     
          25          28  0.15422515468479950     
          26          28   1.4164189044108462     
          16          29   1.1738406834093589     
          20          29   1.0104052259569394     
          13          30   1.2609416766805268     
          14          30  0.11889829036847707     
          15          30  0.15881962300703700     
          29          30   1.4710312091046320     
