           1           2   1.3570136063722591     
           1           3  0.51012010691932941     
           2           3   1.3491484878775937     
           1           4  0.47537536954220966     
           2           4  0.96277189149999143     
           3           4  0.49469353641491864     
           4           5   1.3356978404813529     
           1           6  0.17128483176067724     
           3           6  0.16113938344494960     
           5           6   2.2842801442867748     
           6           7   1.0202788277577077     
           7           8   1.3863631039963751     
           7           9   1.4368013318808257     
           8           9  0.22350554351916535     
           9          10   1.1874920758561076     
          10          11   1.2314192488155316     
          11          12   1.7488542373131071     
          12          13   1.2857250635037540     
          13          14   1.1786064165041343     
          11          15  0.10622035876862540     
          14          15   1.5682131801475494     
          15          16   1.7285450803347793     
          16          17   1.0910545243273193     
          15          18  0.14011048777459320     
          17          18   1.5861326815366441     
          18          19   1.1030606969045222     
          19          20   1.4429140028178018     
          20          21   1.4883354859741378     
          21          22   1.0089849838507527     
          21          23   1.2269104805943742     
          23          24   1.0133081746168924     
          20          25  0.57426569355188928     
          23          25   1.4659467301859199     
          19          26   1.1738740643184300     
          25          26   1.4893328409915148     
          26          27  0.99631153803610029     
          13          28   1.1635681593682909     
          17          28   1.0586798825495252     
          10          29   1.2895968437707517     
          11          29  0.22680211164533989     
          12          29  0.16696219528521786     
          28          29   1.4470355635835919     
