           1           2   2.6600237392863386     
           2           3  0.69404018623558739     
           3           4   1.5580536084335699     
           3           5   1.5692506972250753     
           4           5  0.12015683634932797     
           1           6  0.11241370854940934     
           3           6  0.95004663601204831     
           6           7   1.5219419684091808     
           7           8   1.0780412730998548     
           8           9   1.6785744026883671     
           9          10  0.99568920982316411     
          10          11   1.6105191407704180     
          11          12   1.0887390658944534     
          12          13   1.3187374181052800     
          13          14   1.6270877308345446     
          13          15  0.39394392319303201     
          14          15   1.6304653322159715     
          13          16  0.10183664755195303     
          15          16   1.3663218464046805     
          16          17  0.99727183162487154     
          12          18   1.3535983932750553     
          13          18  0.15451660926386693     
          14          18  0.40042002788012671     
          15          18  0.15455249960419443     
          16          18   1.4141086180394444     
          10          19   1.1507540871018835     
          11          19  0.12693342389283799     
          11          20  0.15995444816609916     
          19          20   1.6432839697384301     
          20          21   1.6930515112245863     
           9          22   1.0231307661464579     
          21          22   1.1541612262933145     
           8          23  0.37858814986191114     
          22          23   1.4095286897705193     
           7          24   1.1785626260217010     
           8          24  0.10101822470925287     
          23          24   1.6746759077829561     
