           1           2   2.1825487563122565     
           1           3  0.11410210134220009     
           2           3   1.1260330240703831     
           3           4   1.0930643010154146     
           4           5   1.4686316777819142     
           5           6   1.3906713915733149     
           6           7   1.2429389184373496     
           7           8   1.6706547012901605     
           8           9   1.3785551683021977     
           9          10   1.0801854477459421     
          10          11   2.8166432055945902     
           9          12   1.2333076911799972     
           8          13  0.25379492370143963     
          12          13   1.2495880292855057     
          13          14   1.2446831550671318     
          14          15   1.2098615832864483     
          15          16   1.7370290492387417     
          16          17   1.3377550105873393     
          17          18  0.99207889792944171     
          18          19   1.1141670939555881     
          19          20   1.1076388211546555     
          20          21   1.2955228084187684     
          21          22   1.6272904982519820     
          20          23  0.10252769106989103     
          21          23  0.18249228439484677     
          22          23   1.5736167074112966     
          21          24  0.22215448196332996     
          23          24   1.6051713277140718     
          20          25   1.2971560476962507     
          22          25  0.20805332819665251     
          23          25  0.18817845673534273     
          24          25   1.6358172921686180     
          17          26   1.2307730841027684     
          26          27   1.0119397227235263     
          14          28   1.2728256863224554     
          15          28  0.30524875863633982     
          16          28  0.14832534492348420     
          26          28   1.4743294993190619     
           6          29   1.0637800540565816     
          12          29   1.1866812343260909     
           5          30  0.47484554737887996     
          29          30   1.4368320227858513     
           4          31   1.0820743054219273     
          30          31   1.4148235553980220     
          31          32   1.2022271691513888     
          32          33   1.4171853797670930     
          32          34  0.17934959478726653     
          33          34   1.3945585729945982     
          33          35   1.0318141843898359     
          35          36   2.2845044283572875     
          35          37  0.14729180833181924     
          36          37   1.3320110137974068     
          37          38   1.1480897846822355     
          38          39  0.87861943077332705     
          39          40   1.4572009607816194     
          39          41   1.4770046275461883     
          40          41  0.62701157098612426     
          38          42   1.0292895695639306     
          40          43  0.12022618014902596     
          42          43   1.4036985617787681     
          40          44  0.17117641651004711     
          41          44  0.12665527866168691     
          42          44   1.3682801834324689     
          43          44  0.69168082110485529     
