   -0.09661402
    0.08564106
   -0.13093127
    0.15915810
   -0.07797831
    0.11294633
   -0.13258396
    0.09343485
    0.02216329
    0.12495054
   -0.17846262
    0.13584296
   -0.11780883
    0.14602962
   -0.03885014
   -0.04708166
    0.11388806
   -0.06163901
    0.05083603
    0.08100546
   -0.02652294
    0.00856957
    0.05778499
    0.02162290
   -0.02233127
    0.10122175
   -0.06494068
   -0.10804287
    0.01076876
   -0.07049192
    0.10186251
   -0.15721100
    0.29132440
   -0.40087193
   -0.02009696
    0.05226649
   -0.02791006
    0.16982585
   -0.06869786
   -0.09207621
