           1           2   2.0521483619312040     
           2           3   1.1253914921600725     
           3           4   1.0740879493444904     
           4           5   1.4649002361727788     
           5           6   1.4030937915067565     
           6           7   1.1591853043406044     
           7           8   1.6818245185068712     
           8           9   1.5698220504879492     
           9          10   1.0976425250971678     
          10          11   2.7949169277951591     
           9          12   1.0024563888984912     
           8          13  0.10111366368959351     
          12          13   1.6286197957911852     
          13          14   1.1522006262783675     
          14          15   1.2424566993141213     
          15          16   1.7937846835761577     
          16          17   1.2591007951483975     
          17          18   1.2685371977086235     
          18          19   1.7612272596151952     
          19          20   1.0237681223771884     
          20          21   1.3291125706942264     
          21          22   1.6114472758581024     
          20          23  0.10723218216398768     
          21          23  0.15783841620610570     
          22          23   1.6075742345955377     
          21          24  0.22159530418071666     
          23          24   1.6395569641517589     
          20          25   1.3169097551566094     
          22          25  0.23051695944660786     
          23          25  0.18820330376125630     
          24          25   1.6171221420236737     
          17          26   1.1443017099754633     
          26          27   1.0154004218669890     
          14          28   1.2894350165867219     
          15          28  0.26640701355896801     
          16          28  0.20866476447498195     
          26          28   1.4992911358646532     
           6          29   1.1115515459010892     
          12          29   1.0407141866186991     
           5          30  0.44817887673071072     
          29          30   1.5082937113530670     
           4          31   1.1085484555090603     
          30          31   1.3835583898569688     
          31          32   1.1891838962761181     
          32          33   1.4797729093094940     
          32          34  0.20587852891304656     
          33          34   1.3981484404100555     
          33          35  0.97231027106996626     
          35          36   2.3344335876450457     
          35          37  0.10298735044987169     
          36          37   1.2492552921725093     
          37          38   1.0368254195936928     
          38          39   1.2845131297913224     
          37          40  0.47231651556259502     
          38          40   1.3039377417749134     
          39          40  0.45620131883950604     
