   -0.00655631
   -0.01766542
    0.15272799
   -0.07791980
    0.11832498
   -0.11634681
    0.05672635
    0.03602424
    0.12378875
   -0.17960024
    0.13022197
   -0.15038751
    0.14221680
   -0.01869746
   -0.02803637
    0.09041167
    0.03416348
   -0.01309095
    0.05727115
   -0.14098428
    0.03393521
    0.09509648
   -0.08752827
   -0.10343391
    0.02412575
   -0.03568520
    0.11493672
   -0.25309217
    0.32251991
   -0.35588768
    0.00936517
    0.03441475
   -0.00178406
    0.19726073
   -0.09273378
   -0.09410189
