           1           2   1.5433302735288876     
           1           3  0.10405882468433984     
           2           3   1.0254997403224582     
           1           4  0.17715578500982840     
           3           4   1.4483121216085286     
           4           5   1.3723078209146389     
           5           6   1.2435636935781731     
           6           7   1.6497257555952007     
           7           8   1.3754144774221906     
           8           9   1.0807755200173486     
           9          10   2.8150354383395491     
           8          11   1.2332430740850264     
           7          12  0.23566357532539001     
          11          12   1.2497469524988212     
          12          13   1.2564024649549235     
          13          14   1.2319022793903216     
          14          15   1.7431412094679228     
          15          16   1.3304871772449005     
          16          17   1.0615246837407692     
          15          18  0.19654197811158908     
          17          18   1.1693162025550559     
          18          19   1.5265104112960226     
          18          20  0.10502755188367742     
          19          20   1.3009875350375879     
          17          21   1.1497427996736855     
          18          21  0.27015773550467326     
          19          21  0.53914103072984976     
          20          21   1.4749807826905725     
          16          22   1.2460079052404243     
          22          23  0.99599378524153270     
          13          24   1.2526048450528973     
          14          24  0.37772955239738676     
          15          24  0.14034260844345200     
          22          24   1.4627277388479711     
           5          25   1.0810492588936005     
          11          25   1.1813684361972778     
           1          26  0.16997408208668335     
           4          26  0.34446141626873983     
          25          26   1.4183729444261448     
           3          27   1.0947625766856732     
          26          27   1.3954769244380705     
           1          28  0.14066852280396977     
          27          28   1.2441187683158699     
          28          29   1.2126609435921707     
          28          30  0.13706496768008836     
          29          30   1.6467109261683495     
          29          31  0.97903641355936999     
          31          32   2.3803795871513325     
          32          33   1.2751881421339146     
          33          34  0.98784176905804244     
          33          35  0.49236137148584563     
          34          35   1.3465583270911277     
          33          36  0.47954487205185647     
          34          36   1.3467858769026766     
          35          36  0.52395603647380762     
