           1           2   1.5663405237632715     
           2           3   1.0166976744086620     
           1           4  0.13160206472581942     
           3           4   1.6225146238181170     
           4           5   1.1197985036556912     
           5           6   1.5890854588023915     
           6           7   1.5556780378237702     
           7           8   1.0808088028045315     
           6           9  0.13050089618755792     
           8           9   2.7937199078401789     
           7          10   1.1303494790411557     
           6          11  0.17991481361629952     
          10          11   1.5068045210462218     
          10          12   1.2436153832099346     
          11          12  0.60021797283767298     
           4          13  0.39975233188961878     
           5          13   1.1021994633361001     
          13          14   1.7064009772904638     
          13          15  0.11880767330767102     
          14          15   1.1043102676860810     
          15          16   1.2781149750924228     
          16          17   1.0688385760485726     
          17          18   1.5486037902265453     
          18          19   1.1916638491220126     
          19          20   1.3173214007478422     
          20          21   1.7092967072330294     
          20          22  0.14539810928813637     
          21          22   1.8257054388818068     
          20          23  0.43201214871013272     
          21          23  0.12877244819443850     
          22          23   1.6819778101333593     
          19          24   1.2010372815935144     
          21          24  0.10199657534601932     
          23          24   1.3729325587339494     
          17          25   1.1525760349480154     
          18          25  0.15919662831056589     
          24          25   1.1042782297979654     
           3          26  0.96363856080052157     
          14          26  0.94849697929944143     
           4          27  0.10354237989867053     
          13          27  0.15034328299888350     
          26          27   1.7738618282783987     
