           1           2   2.7938643000912000     
           2           3   1.0476457724082988     
           1           4  0.16007512675922972     
           3           4   1.8152004198906164     
           4           5   1.1929811273879165     
           4           6  0.13853193313728424     
           5           6   1.1479423402736568     
           4           7  0.18447856295311346     
           6           7   1.7567003587807737     
           7           8   1.2203606125076734     
           6           9  0.19335865573211430     
           8           9   1.5959060975342645     
           8          10  0.96932904420480559     
           9          11  0.14926359352554680     
          10          11   1.5591792263929518     
           5          12   1.4095475751185320     
           6          12  0.30087748945084758     
           7          12  0.27941864780543979     
          10          12   1.2674650663162117     
           3          13  0.89571001932751559     
          13          14   1.6930285884102734     
          13          15   1.2169973150909563     
          14          15  0.11133321504641683     
          15          16   1.2442605000201683     
          16          17   1.2879782708519669     
          15          18  0.10735316150029442     
          17          18   1.6626110809828705     
          17          19  0.16902005966832093     
          18          19   1.7423976889322410     
          17          20  0.31918339662164741     
          18          20  0.13457509184424526     
          19          20   1.6288652524538112     
          16          21   1.1737057437031697     
          18          21  0.10357366221360030     
          20          21   1.4184195755606046     
          21          22   1.0375356243488023     
