           1           2   1.5587673970259477     
           1           3  0.17537771599911889     
           2           3   2.3095169164036786     
           3           4   1.0504718358776601     
           1           5  0.17355436858556583     
           3           5  0.11412868904273785     
           4           5   1.3866932033522053     
           4           6   1.4324980672048007     
           5           6  0.21432921014697789     
           6           7   1.1869698245390545     
           7           8   1.2436469836963207     
           8           9   1.7560675824699017     
           9          10   1.2783603784526427     
          10          11   1.1970838347366934     
           8          12  0.11750919543443324     
          11          12   1.6205538205585972     
          12          13   1.5622147445882373     
          13          14   1.1067105119202088     
          14          15   2.7777275838252895     
          13          16  0.97422874907945811     
          12          17  0.14644303967433062     
          16          17   1.6546161029278015     
          17          18   1.1098715907245249     
          18          19   1.2839010423112538     
          19          20   1.6576604064865106     
          20          21   1.3793592664642413     
          21          22  0.99647385778670949     
          19          23  0.10790268391693034     
          21          23   1.2672021575052175     
          23          24   1.0065446682503087     
          18          25   1.3337433277916817     
          19          25  0.38121790879705464     
          20          25  0.14527095131269374     
          23          25   1.4305473986974420     
          10          26   1.1594542174479734     
          16          26   1.0688066950444661     
           7          27   1.2891045371026022     
           8          27  0.25207445647183169     
           9          27  0.17735687932481192     
          26          27   1.4476034230682688     
