           1           2   1.5684599779798156     
           1           3  0.19387345956968363     
           2           3   2.3141286824121190     
           3           4   1.0530112075066069     
           4           5   1.6067758729816499     
           1           6  0.10394697571164030     
           4           6   1.1942458221086922     
           5           6  0.15149827714719777     
           6           7   1.2826011808592812     
           7           8   1.3375270445091774     
           8           9   1.5201849319115543     
           9          10   1.0248557977731589     
          10          11   1.6619662818977905     
          11          12   1.1003676686023214     
          12          13   1.3037716891431157     
          13          14   1.6206551133148164     
          13          15  0.38477463243772531     
          14          15   1.6258462949649295     
          13          16  0.10147929094929745     
          15          16   1.3676062217240041     
          16          17  0.99490262977170496     
          12          18   1.3506949889270343     
          13          18  0.16132295087548021     
          14          18  0.40869111104169092     
          15          18  0.15661749304192735     
          16          18   1.4171467424465054     
          10          19   1.0007418369509222     
          19          20   1.0982037896901971     
          20          21   2.7934019381556583     
          19          22   1.5763878871098558     
          22          23   1.6609990990111461     
           9          24   1.1213029812169473     
          23          24   1.1681827600840118     
           8          25  0.37460070207239909     
          24          25   1.3828785287302436     
           7          26   1.0974349731128532     
          25          26   1.4606799681508926     
          26          27   1.0232024304889684     
          25          28  0.14695633356700027     
          27          28   1.5492644930908859     
