   -0.08276862
    0.14961801
   -0.17377416
    0.18130478
   -0.16873340
    0.19842877
   -0.13884456
    0.13367333
   -0.02803718
   -0.03607580
    0.15482080
   -0.15073899
    0.05660268
    0.06684671
    0.02896592
   -0.01223234
   -0.00004502
    0.20515752
   -0.15532427
   -0.08009119
    0.08877776
   -0.07310467
   -0.07266627
    0.01045338
   -0.00843255
    0.17058734
   -0.15547743
    0.30490815
   -0.31325047
   -0.16715334
    0.07717038
   -0.00833396
    0.09345456
   -0.02056442
    0.04717969
   -0.10573837
    0.02828484
   -0.04484759
