   -0.09238611
    0.08744762
   -0.12232810
    0.15997608
   -0.07160288
    0.11624429
   -0.13486063
    0.09349921
    0.01210983
    0.11807353
   -0.19229275
    0.12979148
   -0.09757361
    0.11983918
   -0.04921085
   -0.02436804
    0.15381847
   -0.13737933
    0.02097422
    0.04507358
   -0.02998305
    0.03747075
    0.03440444
   -0.05496879
    0.19725343
   -0.14727398
    0.09232747
   -0.08039700
   -0.07957636
    0.01823020
   -0.04697611
    0.10586861
   -0.14010424
    0.29843103
   -0.36600807
   -0.02569799
    0.04322270
   -0.02914352
    0.17878344
   -0.07539162
   -0.06531654
