           1           2   1.5422154078671866     
           1           3  0.26854585682932280     
           2           3   1.0172860983678895     
           3           4   1.3370403226634153     
           3           5  0.18720605693489570     
           4           5   1.0986793557669290     
           5           6   1.2713172246484346     
           5           7  0.15153435795682235     
           6           7   2.5278635927690729     
           7           8   1.0199586177277580     
           8           9   1.6538330631485230     
           8          10   1.1931641159568986     
           9          10  0.11122758673227341     
          10          11   1.2551725116256143     
          11          12   1.2084236937950756     
          10          13  0.12890689221663607     
          12          13   1.7651033865492338     
          13          14   1.2679454187271151     
          14          15   1.2333009186058534     
          12          16  0.15293166975214498     
          15          16   1.5908648268900014     
          16          17   1.5853419213088118     
          17          18   1.2203400005295566     
          16          19  0.14833951177389051     
          18          19   1.3375533592404076     
          19          20   1.1884540434104793     
          20          21   1.2769678205655717     
          21          22   1.6288814820339397     
          21          23  0.39744499147127743     
          22          23   1.6197712434364744     
          23          24   1.3590456659045254     
          24          25  0.99296899580302922     
          20          26   1.3116076859180694     
          21          26  0.15839266547905334     
          22          26  0.39566082728798618     
          23          26  0.14631325761189160     
          24          26   1.4282055031538239     
          14          27   1.1316672375349994     
          18          27   1.1655910607873095     
          11          28   1.2877585834562575     
          12          28  0.21590257987915429     
          13          28  0.16173101461113215     
          27          28   1.3940548987700310     
