           1           2   1.4927605994945194     
           1           3  0.68702270473278804     
           2           3   1.4396765282265991     
           2           4  0.90957384139527253     
           3           5  0.16790420219073149     
           4           5   1.3801707737760864     
           5           6   1.2429311570581112     
           6           7   2.5410411730440714     
           7           8   1.0208503181182189     
           8           9   1.6644965381502996     
           8          10   1.1778069370214372     
          10          11   1.2703801415293339     
          11          12   1.2165207372920093     
          10          13  0.11596060161113921     
          12          13   1.8074721523400852     
          13          14   1.3092488854040036     
          14          15   1.0999254458309662     
          12          16  0.12115980756354711     
          15          16   1.6768398822680954     
          16          17   1.6418867654247244     
          17          18   1.1868656465924161     
          18          19   1.5678068987271609     
          19          20   1.1407336005044553     
          20          21   1.2529258938059162     
          21          22   1.6839673812539151     
          22          23   1.3717593985283414     
          23          24  0.99822504394693556     
          21          25  0.10126868434930288     
          23          25   1.2547862701247057     
          25          26   1.0076597149099240     
          20          27   1.3191708548208616     
          21          27  0.35999707213223991     
          22          27  0.16184242132786281     
          25          27   1.4450799660502849     
          14          28   1.1708322223502698     
          18          28   1.0027809646437860     
          11          29   1.2474037340408448     
          12          29  0.12276507903750271     
          13          29  0.16599719031331309     
          28          29   1.4918006514150148     
           4          30  0.91830619447379236     
           1          31  0.10972748942958423     
           3          31  0.10671402578319319     
           5          31  0.15598714435590877     
          30          31   1.4823081686085249     
           1          32  0.17962826526170034     
           3          32  0.16003380925375787     
          30          32   1.4445228669007213     
          31          32  0.65568228871107681     
