   -0.00638071
   -0.03820004
    0.14803530
   -0.07445915
    0.11187868
   -0.13637955
    0.08573257
    0.02050957
    0.12444730
   -0.18402101
    0.13193332
   -0.12024022
    0.14059837
   -0.02862322
   -0.02157416
    0.06344479
   -0.00695794
    0.11781293
   -0.19984802
    0.13864793
    0.05234096
   -0.02415925
   -0.00339018
    0.02788223
   -0.00310207
   -0.03561171
   -0.07294014
    0.12497868
    0.10708548
   -0.07816870
   -0.10216254
    0.01226121
   -0.06056625
    0.09337840
   -0.16515203
    0.28703132
   -0.39523878
    0.00218873
   -0.01255061
   -0.01196750
    0.18618862
   -0.09716334
   -0.09751932
