           1           2   1.5113279748796615     
           2           3   1.0319042124117446     
           1           4  0.22639019323931914     
           3           4   1.3568988816436691     
           4           5   1.3715521925853464     
           5           6   1.0718781220438720     
           6           7   1.6144955437208612     
           7           8   1.1899229726673024     
           8           9   1.3141901456214165     
           9          10   1.7271334154658262     
          10          11   1.1233040165299020     
          11          12   1.3597857179405117     
           9          13  0.31448655121964902     
          12          13   1.6948786439604695     
          13          14   1.3823017752120466     
          14          15  0.98910840246664866     
          12          16  0.28627204619009972     
          13          16  0.10343531185002640     
          14          16   1.3702136880211178     
           8          17   1.0898769654781306     
          11          17   1.1303925850575542     
          16          17   1.4466093890996190     
           7          18  0.85820622056825024     
          18          19   1.7061160995119460     
          18          20   1.2599831233728720     
          19          20  0.16398961404563647     
           6          21  0.91822141846088745     
          20          21   1.2246530011879881     
          20          22  0.13822381961655364     
          21          22   1.7057476842095505     
           4          23  0.36690669581981233     
           5          23   1.3277746298387814     
          23          24   1.3799465369595405     
          24          25  0.97739576701391118     
          23          26  0.11388395362067621     
          25          26   1.5280027204249991     
           3          27   1.2646014839718196     
          24          27   1.3047909701126128     
          27          28  0.96745608242776138     
           1          29  0.13268461661351744     
          26          29  0.12478320659809267     
          28          29   1.4814377960110705     
