   -0.06555121
    0.08723484
   -0.04616373
    0.10465290
    0.30383186
   -0.31843121
   -0.12608269
    0.07413534
   -0.00463699
    0.09408176
   -0.05617688
    0.05636927
   -0.11768607
    0.03108037
   -0.03685330
   -0.17392351
    0.13630869
    0.00262092
    0.00962616
    0.30598789
   -0.30043462
   -0.24202000
    0.19944410
   -0.14165585
    0.16640310
   -0.15799569
    0.19208698
   -0.16600785
    0.13861285
   -0.03953010
   -0.04849071
    0.06572385
    0.04130060
   -0.01384745
   -0.01702167
    0.08714265
   -0.00091867
    0.07226215
   -0.02620085
   -0.00417493
    0.03430049
   -0.00003595
   -0.02098311
   -0.05935883
   -0.01902491
