           1           2   1.6082949563706535     
           1           3  0.38239679869518389     
           2           3   1.3313304288941972     
           3           4   1.1420208488562753     
           4           5  0.95976321572938428     
           5           6   1.7252784555506331     
           5           7   1.1522919362346560     
           6           7  0.10433715432053536     
           7           8   1.6942648436372227     
           7           9  0.13427258446064555     
           8           9   1.4246093802075204     
           9          10   1.2391578115631634     
          10          11   1.0413508417944906     
           8          12  0.11277754300468915     
          11          12   1.5488155134375290     
          12          13   1.1667779074076232     
          13          14   1.1376244711734065     
           9          15  0.20058220891862646     
          10          15   1.1015308371119656     
          11          15  0.16740736754287724     
          12          15  0.11431737320872146     
          14          15   1.4142454795320412     
           1          16  0.15220984326030523     
           4          16   1.5216107291570442     
           1          17  0.10298657244736004     
           2          17  0.93683446570883344     
          16          17   1.1733287131657781     
           4          18  0.11378624069198018     
          17          18   1.5890831425848877     
          18          19   1.6358327569340561     
          19          20  0.83730686469585336     
          20          21   1.7516844761737371     
          20          22   1.2157278787925185     
          21          22  0.14215930967085255     
          22          23   1.2697335870563460     
          23          24   1.2390063729019973     
          24          25   1.5933085622248333     
          25          26   1.6312431937844185     
          26          27   1.1926618004301657     
          25          28  0.15559267516619590     
          27          28   1.2140977512208257     
          28          29   1.2732024706360898     
          29          30   1.2533164772497933     
          30          31   1.6793618413946771     
          31          32   1.3350181535943004     
          32          33   1.1012593032549454     
          31          34  0.19755072225266679     
          33          34   1.1657460144066767     
          30          35  0.16701891691610865     
          34          35   1.8183811839800759     
          32          36   1.1124890313686087     
          35          36   1.1522648591572775     
          34          37  0.15208621478766721     
          36          37   1.1333174954048182     
          37          38   1.0481374388682700     
          37          39  0.11241858951856164     
          38          39   1.3183010364429850     
          37          40  0.11633620203047193     
          39          40   1.5638856312154350     
          38          41  0.10808872870073442     
          39          41  0.17268899269216648     
          40          41   1.6152984467037672     
          39          42  0.22331197181888346     
          41          42   1.6285117994300555     
          37          43  0.12145783616099104     
          38          43   1.3186277468813461     
          39          43  0.11193348413643621     
          40          43  0.21910837228156288     
          41          43  0.17443884465533502     
          42          43   1.5713794635675831     
          29          44   1.2214811443881899     
          30          44  0.28317908578965834     
          31          44  0.17159296735022120     
          33          44   1.4288609508989689     
          37          44  0.10836034269138882     
          19          45   1.0491090772878870     
          23          45   1.2117432786029301     
          25          45  0.11087256247962068     
          27          45   1.3294734425150978     
