   -0.11904902
    0.12874657
    0.03667710
    0.05894579
    0.09786587
   -0.04306092
    0.19846340
   -0.24779026
    0.25891252
   -0.21688967
   -0.04978864
    0.00228931
    0.31503758
   -0.35091161
   -0.13253440
    0.07370152
    0.08637070
    0.03128332
   -0.00571560
    0.02956780
    0.08293047
    0.06138462
   -0.13974322
    0.32346885
   -0.33774989
    0.03294354
    0.13803417
   -0.17787248
    0.02147053
    0.09104640
   -0.00997046
   -0.01302640
    0.22854351
   -0.27717224
    0.21809034
   -0.26702143
   -0.06795727
   -0.05952043
