           1           2   1.5622034127798288     
           1           3  0.42124147978764676     
           2           3   1.0217519277236244     
           3           4   1.2803110061859873     
           3           5  0.10886154626171343     
           4           5   2.5130635666730692     
           5           6   1.0198952309307332     
           6           7   1.6366226144025546     
           6           8   1.2100067554898482     
           7           8  0.13743259892673781     
           8           9   1.2248986965907500     
           9          10   1.2273045573434263     
           8          11  0.13383787786275222     
          10          11   1.7064640323480225     
          11          12   1.2933829380563253     
          12          13   1.2326312282947438     
          10          14  0.13620740670306120     
          13          14   1.6723713936939502     
          14          15   1.3889116794025893     
          15          16   1.0813184028967329     
          16          17   2.8157227915656398     
          15          18   1.2272100075806804     
          14          19  0.16477675827795230     
          18          19   1.2302119303351589     
          19          20   1.2179233590960772     
          20          21   1.2584073671769154     
          21          22   1.6329525312769773     
          21          23  0.41001536709790054     
          22          23   1.6156164727379183     
          23          24   1.3550952140234744     
          24          25  0.99359091847304548     
          20          26   1.2929108830293541     
          21          26  0.16508561824915874     
          22          26  0.41344802609244985     
          23          26  0.13887295912168893     
          24          26   1.4332133820908008     
          12          27   1.1191560080324077     
          18          27   1.2113302773427470     
           9          28   1.3068468693681035     
          10          28  0.27639234625808351     
          11          28  0.16138042065821578     
          27          28   1.3494276759371304     
