   -0.30861670
    0.30731377
   -0.12319752
    0.08048163
   -0.00173497
    0.08160853
   -0.01965846
    0.04372446
   -0.11581200
    0.05612720
   -0.05001884
    0.12411111
   -0.19652073
    0.13957867
    0.02751213
    0.04217234
    0.28321390
   -0.32937721
   -0.21882565
    0.19652878
   -0.14470834
    0.17612827
   -0.15538456
    0.18489455
   -0.12820235
    0.13840502
   -0.03163922
   -0.02992671
    0.19254411
   -0.15221348
    0.08939307
   -0.07085192
   -0.07911501
   -0.00650862
    0.01673456
   -0.01815980
