           1           2   1.7249008822948599     
           2           3   1.1389097975418652     
           3           4   1.6855790363505077     
           3           5  0.13597284199101939     
           4           5   1.3708437927581745     
           5           6   1.2782922035945650     
           5           7  0.17195144101854798     
           6           7   1.0438442868038367     
           7           8   1.4323666373024082     
           8           9   1.1629611923852499     
           5          10  0.11799056795393310     
           9          10   1.1225367709275615     
           6          11   1.0796159831021390     
           7          11  0.17157871169217681     
          10          11   1.4900487025555964     
           2          12  0.95316273263290141     
          12          13   1.5408914066952990     
          13          14   1.1098613344204533     
          12          15  0.12030297114814589     
          14          15   1.5953342324749538     
          15          16   1.4776986967882013     
          16          17   1.0390932263248314     
          17          18   1.5692824809832318     
          17          19   1.2154377303132455     
          19          20   1.3132426754903319     
          20          21   1.2267901137394093     
          21          22   1.5719134080528065     
          22          23   1.7047607771117368     
          23          24   1.1534643412126666     
          22          25  0.19661336793099160     
          24          25   1.3480096853333996     
          25          26   1.2320091278925283     
          26          27   1.2262706124497447     
          27          28   1.7112810377200871     
          28          29   1.3612190823097783     
          29          30   1.0050887029108853     
          29          31   1.2504566107825497     
          31          32   1.0054391324457617     
          26          33   1.2667253443046773     
          27          33  0.34706774910651661     
          28          33  0.15834365443946030     
          31          33   1.4646891243472306     
          16          34   1.1785023364725127     
          20          34   1.1631373576174504     
          24          34   1.2249641150639023     
          12          35  0.10003233162120639     
          13          35  0.11795676999057125     
          14          35   1.0600765545405919     
          12          36   1.0585526356778820     
          15          36  0.10408821763921564     
          35          36   2.1930284169267584     
