           1           2   2.0626924596368217     
           2           3   1.1349776519224817     
           2           4  0.10108586432258942     
           3           4   1.0868390451795349     
           1           5  0.12921690345918888     
           3           5  0.12311160448393976     
           4           5   2.1690968568544378     
           1           6  0.13039190827877928     
           3           6   1.1725537194490903     
           5           6  0.10967308691663477     
           5           7  0.10848611569495374     
           6           7   1.6859781288398761     
           7           8   1.2666615025160739     
           6           9  0.10434220004418493     
           8           9   2.5023454200213893     
           9          10   1.0165729362198646     
          10          11   1.6612489275501630     
          10          12   1.1819001871599277     
          12          13   1.2854404053347748     
          13          14   1.1903591743209139     
          14          15   1.8288989012668333     
          15          16   1.2683490763870175     
          16          17   1.2578620663300375     
          14          18  0.13659118057622907     
          17          18   1.5700901492346684     
          18          19   1.6140913123821838     
          19          20   1.2192248230421900     
          18          21  0.14986574060224531     
          20          21   1.3282785716652035     
          21          22   1.2435273090711989     
          22          23   1.2264075142810911     
          23          24   1.7829256825855326     
          24          25   1.3591370939807337     
          25          26   1.0039933573647237     
          25          27   1.2506804346056815     
          27          28   1.0050302306378258     
          22          29   1.2695678322205826     
          23          29  0.32558396170924769     
          24          29  0.15706766637095915     
          27          29   1.4577481322492902     
          16          30   1.1176466191686203     
          20          30   1.1696817056164093     
          13          31   1.2830421260139069     
          14          31  0.18404803485193361     
          15          31  0.16615031569506361     
          21          31  0.10844707339647591     
          30          31   1.4004735386141869     
