           1           2   2.7892972624717927     
           2           3   1.0566785129963046     
           1           4  0.15523989532016164     
           3           4   1.8384256307660942     
           4           5   1.1872223318302633     
           5           6   1.3751380585948765     
           6           7   1.3130107302407421     
           7           8   1.4774968428317516     
           7           9   1.0229194937405135     
           6          10  0.11904649151369950     
           9          10   1.6044075638023239     
           9          11   1.1083530839895335     
          11          12   1.2054957412487257     
          12          13   1.2825103190315790     
          12          14  0.15719348721476520     
          13          14   1.1381980521228705     
          14          15   1.1085084234636575     
          14          16  0.11419651289660784     
          15          16   1.2870218848511279     
          14          17  0.14888976234176124     
          16          17   1.5888514544578181     
          16          18  0.18386417485257608     
          17          18   1.5959932640265808     
          16          19  0.22600540461040119     
          18          19   1.6097031218033153     
          14          20  0.14062806642931347     
          15          20   1.2983133489803511     
          16          20  0.10014796128517106     
          17          20  0.21082764205078791     
          18          20  0.18516355194952111     
          19          20   1.6048929229381788     
           5          21   1.2102725646361427     
           6          21  0.42652356710370976     
          10          21  0.14660379082712316     
          11          21   1.4243168003505016     
           3          22  0.84303845855260118     
           4          23  0.22548273448013165     
          22          23   1.4411204465980716     
          22          24   1.5592871023549888     
          23          24  0.20235821384158437     
