           1           2   1.8283032170044420     
           2           3  0.97056753005494556     
           3           4   1.4832173520941474     
           1           5  0.34372794406027762     
           4           5   1.6765810551285023     
           5           6   1.3408024877466531     
           4           7  0.17535206826841074     
           6           7   1.3105800609141591     
           7           8   1.7622567491689853     
           8           9  0.82543420551287072     
           7          10  0.13202378318883318     
           9          10   1.7009971223007614     
           7          11  0.12004093551834533     
           9          11   1.2623102704282951     
          10          11  0.16929107131549090     
          11          12   1.2091014173875489     
          12          13   1.3583055437056197     
          13          14   1.6940400206220769     
          13          15  0.29879870679429332     
          14          15   1.6125506098362314     
          15          16   1.2150851662517292     
          13          17  0.11569041211989606     
          14          17  0.18573879817213657     
          15          17  0.16841695162373069     
          16          17   1.3857578192787519     
           8          18   1.0966024377680903     
          12          18   1.1796113391784149     
          14          18  0.10083400355660857     
          16          18   1.2059760574213418     
           3          19   1.1360940341195735     
           4          19  0.12509583121447368     
           5          19  0.11249844897719380     
           6          19   1.0726171819755357     
