   -0.06573018
    0.07955291
   -0.00620008
    0.09623829
    0.30383250
   -0.34073912
   -0.10891762
    0.08238495
    0.00108140
    0.12611840
    0.02631305
   -0.10849353
    0.01961212
   -0.08337186
   -0.14382310
    0.13307880
    0.01462472
    0.04281288
    0.28706666
   -0.32041649
   -0.19436951
    0.19418614
   -0.15028653
    0.17437531
   -0.15484232
    0.18279065
   -0.14443984
    0.13934076
   -0.03590554
   -0.02938500
    0.19294543
   -0.15329734
    0.09011695
   -0.06167016
   -0.06613359
   -0.01845008
