           1           2   1.7093358149521520     
           2           3  0.98479194891375099     
           3           4   2.4853825641640901     
           3           5  0.19363001761903095     
           4           5   1.1209064647455893     
           1           6  0.12633507492972504     
           2           6   1.1480453255368877     
           6           7   1.5227954272083017     
           7           8   1.0623496715496299     
           8           9   1.7041102067125256     
           9          10  0.96349495322522871     
          10          11   1.6243753451728848     
          11          12   1.0993129382759086     
          12          13   1.3092289774270620     
          13          14   1.6180148616071319     
          13          15  0.39430124373981162     
          14          15   1.6303256085342055     
          13          16  0.10130346829087621     
          15          16   1.3653297198436576     
          16          17  0.99557394861462833     
          12          18   1.3559855120599624     
          13          18  0.15898572300067854     
          14          18  0.40628486487354110     
          15          18  0.15476500175695235     
          16          18   1.4170924923213757     
          10          19   1.1699697292704250     
          11          20  0.10435397659863703     
          19          20   1.6931681964045431     
          20          21   1.6849685710387894     
           9          22   1.0086276437757147     
          21          22   1.1538034099142609     
           8          23  0.38136262224631218     
          22          23   1.4271009827656385     
           7          24   1.1811821401649107     
           8          24  0.10974211489185223     
          23          24   1.6541478503769740     
