           1           2   2.7905056614665646     
           2           3   1.0527304141762446     
           1           4  0.15212392100337710     
           3           4   1.7853574733623097     
           4           5   1.1928159441524926     
           4           6  0.12794475406477210     
           5           6   1.1428604874507593     
           4           7  0.23786728664297507     
           6           7   1.7294702388338581     
           7           8   1.2239235417809222     
           6           9  0.19452516745499956     
           8           9   1.5930417133130235     
           8          10  0.96915463020395776     
           7          11  0.10170265652665664     
           9          11  0.14730644421083453     
          10          11   1.5579633874846326     
           5          12   1.4102885027954437     
           6          12  0.35023225386861889     
           7          12  0.28789360448980822     
          10          12   1.2683166246232147     
           3          13  0.91966640912597453     
          13          14   1.7577695708541745     
          13          15   1.1260148421261889     
          14          15  0.11971019172497301     
          15          16   1.1031346157678672     
          16          17   1.4707172261989163     
          17          18   1.1441788118957119     
          18          19   1.3405972313804615     
          19          20   1.6988155321003717     
          19          21  0.13629604522614916     
          20          21   1.8242105364172172     
          19          22  0.38229751657843863     
          20          22  0.11034786986165622     
          21          22   1.6094564715966955     
          15          23   1.0622123230804348     
          18          23   1.1495300845645424     
          20          23  0.10736071337677165     
          22          23   1.4368721324628171     
