           1           2   1.5332854494873145     
           1           3  0.10386854546711601     
           2           3   1.0315660480618938     
           1           4  0.20196560757598961     
           3           4   1.4490198955458116     
           4           5   1.3750903100685341     
           5           6   1.2374652191162698     
           6           7   1.6646830677801510     
           7           8   1.3790978534994571     
           8           9   1.0806158274184920     
           9          10   2.8149777166065197     
           8          11   1.2333339492398836     
           7          12  0.28559270000960391     
          11          12   1.2513431248308051     
          12          13   1.2107319505347256     
          13          14   1.2659179045501185     
          14          15   1.6600190762938021     
          14          16  0.37710667143392357     
          15          16   1.6322021992923932     
          16          17   1.3604670238931540     
          17          18  0.99428907410021594     
          13          19   1.2890621770366835     
          14          19  0.15406203459794976     
          15          19  0.43538898586851382     
          16          19  0.14955932556944701     
          17          19   1.4221977588071049     
           5          20   1.0800212385858132     
          11          20   1.1830119833501975     
           1          21  0.12937708486356059     
           4          21  0.36839679967141098     
          20          21   1.4226898185000629     
           3          22   1.0910330470662613     
          21          22   1.3927989010559867     
           1          23  0.15463552642070233     
          22          23   1.2559260007349338     
          23          24   1.2036600873803673     
          23          25  0.14114898564061737     
          24          25   1.6335947074366421     
          24          26   1.0203042186597606     
          26          27   2.5164942947073716     
          27          28   1.2720038552253445     
          28          29  0.95134191204485208     
          26          30  0.10426349462230930     
          28          30  0.49949734847556715     
          29          30   1.3585171238867793     
          26          31  0.11050676438963511     
          28          31  0.51060079137786307     
          29          31   1.3565787211227631     
          30          31  0.53541552877950283     
