   -0.06284187
    0.00347829
    0.33586001
   -0.29167097
   -0.23918298
    0.20612919
   -0.15967478
    0.08536267
    0.18965026
   -0.10444464
    0.13041734
   -0.03927784
   -0.02536539
    0.18205711
   -0.16613325
    0.08922711
   -0.07272189
   -0.07104714
   -0.17140810
    0.16447969
   -0.16930598
    0.11583171
   -0.01337462
    0.05750617
   -0.00266309
    0.00838649
   -0.00918380
   -0.00049461
    0.09223341
   -0.02344800
    0.04281939
   -0.10473184
    0.04396235
   -0.02043040
