           1           2   2.7938018124883159     
           2           3   1.0532171196932263     
           1           4  0.14689912070161973     
           3           4   1.7686883659476045     
           4           5   1.2165256105047899     
           4           6  0.12754045236735484     
           5           6   1.1451395301265785     
           4           7  0.20799928303584550     
           6           7   1.7393695716537296     
           7           8   1.2290540068258637     
           6           9  0.18777472791298025     
           8           9   1.5928633713613238     
           8          10  0.96897170677881406     
           7          11  0.10633208980463232     
           9          11  0.14073920745636548     
          10          11   1.5587452866203737     
           5          12   1.3946378395958574     
           6          12  0.34113184355727061     
           7          12  0.28508342441456913     
          10          12   1.2653762609894248     
           3          13  0.93427339786479446     
          13          14   1.7021748922055204     
          13          15   1.1632932952045620     
          14          15  0.10771742257849089     
          15          16   1.5694314532529259     
          15          17  0.14125744975699048     
          16          17   1.4194431219689532     
          15          18  0.11432876418574270     
          16          18  0.14436068594819246     
          17          18   1.7619108155813774     
          18          19   1.0649309832524567     
          19          20   1.3106637362890423     
          20          21   1.5529991816357649     
          19          22  0.10175190816044430     
          20          22  0.16021969143648079     
          21          22   1.6136782280941759     
          20          23  0.22012828883916474     
          22          23   1.6588263696080281     
          19          24   1.3105056026594730     
          20          24  0.12094790406848720     
          21          24  0.21573025079885794     
          22          24  0.17949836631253702     
          23          24   1.5464073989486733     
