   -0.02725302
   -0.00772376
    0.30197657
   -0.35922246
   -0.12575870
    0.10158950
   -0.04423696
    0.01285596
    0.20365349
   -0.12568541
    0.13102975
   -0.04094288
   -0.01364937
    0.18098988
   -0.16462988
    0.08945946
   -0.06074730
   -0.06423780
   -0.17894826
    0.17291900
   -0.14601517
    0.11916198
   -0.08667040
    0.15627894
   -0.13580589
    0.05353277
    0.01070949
    0.00977608
    0.09510121
   -0.02074847
    0.03830360
   -0.07961410
    0.03901108
   -0.03445893
