           1           2   2.8059369969526471     
           2           3   1.0295942900592814     
           1           4  0.10048173833543789     
           3           4   1.3304322140906737     
           4           5   1.6200034683443616     
           3           6  0.10021796622004335     
           4           6  0.34089130081647062     
           5           6   1.6097325693030398     
           6           7   1.2731065619684088     
           7           8   1.1924997477797601     
           8           9   1.3009117725121917     
           9          10   1.1631536296146099     
           8          11  0.20327419483596701     
          10          11   1.6447255294510206     
          11          12   1.5752084937005353     
          12          13   1.2586216961448351     
           9          14   1.2774974883643784     
          13          14   1.2233068716907360     
          14          15   1.0958423179925580     
          15          16   1.7840154556144623     
          16          17   1.2375931924051342     
          17          18   1.3443312956798255     
          18          19   1.1931398479508091     
          19          20   1.0105127397446498     
          20          21   1.6797337211621477     
          20          22   1.1481918190067255     
          21          22  0.10302608458477301     
          22          23   1.5997891584757133     
          22          24  0.14239157869518818     
          23          24   1.5528978431466303     
          24          25   1.0818830371618262     
          25          26   1.0777108068267551     
          26          27   1.4873457504848921     
          27          28   1.1048442108634364     
          26          29  0.34169432990169818     
          27          29  0.16077364773124461     
          28          29   1.1043353927671322     
          24          30  0.14149604533891769     
          25          30   1.0881825276907258     
          26          30  0.26430516752265243     
          27          30  0.28607200846898451     
          29          30   1.4698813956817998     
          18          31  0.15628529547287673     
          19          31   1.4740606330870616     
          17          32   1.0793385548769687     
          31          32   1.1352701672379584     
          17          33  0.10851211440712355     
          18          33  0.19206451932563773     
          31          33  0.13171214253600433     
          32          33   1.6610582386946868     
          15          34  0.78570053856696553     
          16          35  0.17193263305802203     
          34          35   1.7382316483878679     
          13          36   1.2312149596267350     
          16          36  0.21713442154206547     
          34          36   1.2720294742675262     
          35          36  0.17295090508962060     
           3          37   1.3878973243947044     
           4          37  0.15599203306103909     
           5          37  0.29182483695113737     
           6          37  0.16429993191961059     
           7          37   1.3038784489045692     
