   -0.07395976
    0.10575928
   -0.13638985
    0.15298043
   -0.07288395
    0.11368618
   -0.13267680
    0.08959009
    0.01335419
    0.11961437
   -0.19685070
    0.13094109
   -0.10086791
    0.12996287
   -0.04261712
   -0.06209815
    0.16992680
   -0.11790762
    0.06713548
    0.07607010
   -0.01549595
   -0.00201156
    0.04200391
   -0.00543599
   -0.03441849
    0.09272224
   -0.04649418
   -0.08604497
    0.00895751
   -0.05432824
    0.09541967
   -0.16137751
    0.30031210
   -0.35040694
    0.00150806
    0.00623071
    0.01745607
    0.08445038
   -0.06268080
   -0.05897929
    0.14116417
   -0.06212402
   -0.04837113
   -0.03482479
