           1           2   2.1310828969708435     
           1           3  0.10801895848655485     
           2           3   1.1083870918158560     
           3           4   1.0073809957628996     
           4           5   1.5182809540513593     
           5           6   1.3568166610416978     
           6           7   1.1806092425535077     
           7           8   1.6419024108748124     
           8           9   1.5642646916701848     
           9          10   1.1050738749810889     
          10          11   2.7764419325915570     
           9          12  0.97969587636504107     
           8          13  0.16468879802986067     
          12          13   1.6464788251835525     
          13          14   1.1382521329541799     
          14          15   1.2498063980057552     
          15          16   1.7771427573043987     
          16          17   1.3118220612563094     
          17          18   1.0694722814555151     
          18          19   1.1463847275455514     
          19          20   1.2243340804926570     
          20          21   1.2417025059572129     
          21          22   1.6364482606966075     
          21          23  0.20887889136996393     
          22          23   1.5927477915075900     
          21          24  0.23156190982102881     
          23          24   1.5664641275114464     
          20          25   1.2378307630153831     
          22          25  0.26082249710670080     
          23          25  0.19722321679377250     
          24          25   1.6169976441593037     
          17          26   1.1883784531442598     
          26          27   1.0180232155526718     
          14          28   1.3231361920227480     
          15          28  0.29611198863735511     
          16          28  0.17881592693145004     
          26          28   1.4656220475824104     
           6          29   1.1380604013851312     
          12          29   1.0592937257521431     
           5          30  0.48546819210218695     
          29          30   1.4844080637154073     
           4          31   1.1339274370945747     
          30          31   1.4138552475824389     
          31          32   1.1602862315300806     
          32          33   1.4882558977601306     
          32          34  0.16868220665255071     
          33          34   1.4014964680529587     
          33          35  0.95178796255320819     
          34          35  0.11929641424414592     
          35          36   2.1559635674394153     
          34          37  0.16200284543373303     
          35          37  0.14419629981244658     
          36          37   1.4299724425344547     
          37          38   1.0815862784631374     
          38          39   1.0980553422861570     
          39          40   1.3528070135237829     
          40          41   1.0699964627304228     
          39          42  0.47148913782090940     
          40          42  0.14704050575200883     
          41          42   1.5052712246677382     
          37          43  0.13359256359581129     
          40          43  0.21315619078874748     
          41          43   1.0280743042693623     
          42          43  0.10651037258713196     
          38          44   1.2224995549942068     
          39          44  0.13746392794828677     
          40          44  0.21355176275021540     
          42          44  0.26184963270438422     
          43          44   1.3628689463217918     
