           1           2   2.7941966781809802     
           2           3   1.0505153264494249     
           1           4  0.15448449322027288     
           3           4   1.7438920199745036     
           4           5   1.2316349118920031     
           5           6   1.5246535585133156     
           6           7   1.1773469473307900     
           6           8  0.11336907747537958     
           7           8   1.6687010610162745     
           7           9  0.86555327566627538     
           9          10   1.8539649730588643     
           4          11  0.24389766573725161     
           6          11  0.21870671688918714     
           9          11   1.0291523958693052     
           4          12  0.17798967286444689     
           5          12   1.0150471792917519     
           6          12  0.27960832924805140     
          10          12  0.15782285315253800     
          11          12   1.9887099677875404     
           3          13  0.94651973338737361     
          13          14   1.6873963864867063     
          13          15   1.1647550470471775     
          14          15  0.10514411221427029     
          15          16   1.5985297536219749     
          15          17  0.11209864663516607     
          16          17   1.5879306531041288     
          15          18  0.14875659370450769     
          16          18  0.13965282826827807     
          17          18   1.5425388761788781     
          16          19  0.12845168360887915     
          17          19  0.15325871234823979     
          18          19   1.5897194407707889     
          19          20   1.1732286562714254     
          19          21  0.12167559566835487     
          20          21   1.7120545058380088     
          20          22  0.90779280673521556     
          22          23   1.0525474901538234     
          23          24   2.7865799216423253     
          22          25   1.7801098137067795     
          24          25  0.15142491029859154     
          25          26   1.1732930549758560     
          25          27  0.13659703117294159     
          26          27   1.1451559709612038     
          25          28  0.26341155253902865     
          27          28   1.7319578219639404     
          28          29   1.2240685468542403     
          27          30  0.19550558988405853     
          29          30   1.5953492270280440     
          29          31  0.97375882006756476     
          30          32  0.15843119331106495     
          31          32   1.5786105449083474     
          26          33   1.4317989289955011     
          27          33  0.36428364798660529     
          28          33  0.26698594823353805     
          31          33   1.2541558162781949     
