           1           2   1.8069696559035786     
           1           3  0.16041871618718367     
           2           3   1.1159956770969295     
           3           4   1.4259299315686624     
           4           5  0.90519289866856334     
           5           6   1.6715003326410705     
           5           7   1.3172459269497068     
           6           7  0.23091610047099845     
           1           8  0.20005837826208286     
           4           8   1.2949927357969711     
           2           9  0.89455010559701675     
           8           9   1.2870488539561284     
           3          10  0.22271163502394284     
           9          10   1.5500186464672538     
          10          11   1.4881776454518152     
          11          12   1.0212723757434350     
          12          13   1.5835491318526003     
          10          14  0.12308620730161796     
          12          14   1.2123345631541156     
          14          15   1.3088198003053921     
          15          16   1.2348664790186901     
          16          17   1.5736038316656717     
          17          18   1.7306978779484776     
          18          19   1.1516789588785623     
          17          20  0.20676416563264086     
          19          20   1.3490663165061114     
          20          21   1.2391951714578802     
          21          22   1.2159339790573047     
          22          23   1.7802726139240617     
          23          24   1.3642061016849303     
          24          25   1.0138971609402874     
          24          26   1.2411118705892323     
          26          27   1.0157659263363850     
          21          28   1.2772610271249909     
          22          28  0.32802511052708194     
          23          28  0.16475538561874567     
          26          28   1.4560746190973752     
          11          29   1.1919685578219450     
          15          29   1.1592337598162925     
          19          29   1.2238240401988623     
