           1           2   2.0156765766263725     
           2           3   1.1728705158550405     
           3           4   1.0817707054714889     
           1           5  0.15188567276073636     
           2           5  0.11704250739289351     
           3           5  0.10903357962752976     
           4           5   2.0791335149794845     
           3           6   1.1621700450920918     
           4           6  0.21653682008736463     
           5           6  0.11903315588999153     
           6           7   1.2678425234694759     
           6           8  0.10238090829664245     
           7           8   2.5373412197669243     
           8           9   1.0226523099327485     
           9          10   1.6604539624313641     
           9          11   1.1837326723963362     
          10          11  0.10450139875385694     
          11          12   1.2687616822149235     
          12          13   1.2116026069986954     
          11          14  0.13811437681694277     
          13          14   1.7058568780761907     
          14          15   1.3100199783626501     
          15          16   1.1030210543164105     
          16          17   1.6797067566168840     
          17          18   1.6295414800064520     
          18          19   1.1559112165222489     
          17          20  0.12753785470285392     
          18          20  0.10746851882486622     
          19          20   1.5831021883446703     
          20          21   1.0959166123619528     
          21          22   1.2911372855351197     
          22          23   1.6545258434459273     
          23          24   1.3798134839958967     
          24          25  0.99367394305979195     
          22          26  0.10639756062506359     
          24          26   1.2669811028765339     
          26          27   1.0063489045833112     
          21          28   1.3437087126412028     
          22          28  0.34654203636765513     
          23          28  0.15566095199172009     
          26          28   1.4319842035978840     
          15          29   1.1883634779494001     
          19          29   1.0239057622407441     
          12          30   1.2569436195385262     
          13          30  0.25695049008006127     
          14          30  0.14457566906430533     
          29          30   1.4564886782805295     
