           1           2   1.5593750525397021     
           2           3   1.0351607125730071     
           1           4  0.10849826553440581     
           3           4   1.4506173086114009     
           4           5   1.2832168711846963     
           5           6   1.2164469598861787     
           6           7   1.8720952198920231     
           7           8   1.0429579042095065     
           6           9  0.17257538998097063     
           8           9   2.7902170589917699     
           7          10  0.83418720516765266     
           6          11  0.15924251222548197     
          10          11   1.4261705727976244     
           6          12  0.15563728693773410     
          10          12   1.5850554334900648     
          11          12  0.19740591337448246     
           4          13  0.42817943636686256     
           5          13   1.2735638763253470     
          13          14   1.4385301380491753     
          14          15   1.1666526455822286     
          15          16   1.3521665443697339     
          16          17   1.1890572754805588     
          15          18  0.11682183963091583     
          16          18  0.13312685017343784     
          17          18   1.8814981175711560     
          18          19  0.85340185506497135     
          19          20   1.6495445682361867     
          17          21  0.17291876100374975     
          18          21  0.14138601259936437     
          19          21   1.3726373970263877     
          20          21  0.23441793392595484     
           3          22   1.1142396067340010     
          14          22   1.1090389058206656     
           4          23  0.13922077842353736     
          13          23  0.16730360295009838     
          22          23   1.5048426146043312     
