           1           2   1.6568401281720728     
           2           3   1.0008693933051520     
           3           4   2.5935039835016815     
           4           5   1.1769096575835114     
           3           6  0.14867851791832132     
           5           6   1.8755640354272065     
           1           7  0.10628416553436679     
           2           7   1.1984314251794004     
           7           8   1.2766659278741750     
           8           9   1.2109119659832090     
           7          10  0.11268693245248157     
           9          10   1.7864037303076097     
          10          11   1.2927816634675460     
          11          12   1.1705833602362408     
           9          13  0.11243957633931249     
          12          13   1.5592422294055874     
          13          14   1.7645628926862222     
          14          15   1.1085144292751832     
          15          16   1.6176214294828035     
          16          17   1.1236271621320202     
          17          18   1.2732392472432272     
          18          19   1.6739603582673701     
          19          20   1.3788115344598530     
          20          21  0.99862333458415808     
          18          22  0.10268708561928644     
          20          22   1.2558650622399461     
          22          23   1.0054098008052026     
          17          24   1.3169581569009203     
          18          24  0.34922688910568822     
          19          24  0.16622355529877028     
          22          24   1.4435935636683817     
          11          25   1.1513129710135646     
          15          25   1.0126495577754566     
           8          26   1.2425784723237321     
           9          26  0.13728802525284653     
          10          26  0.16946052834864972     
          25          26   1.5038789775791752     
