   -0.37472382
    0.29388286
   -0.00940775
    0.04020864
   -0.00551350
    0.09328858
   -0.04055955
   -0.02350765
    0.09996596
    0.05680763
   -0.02273349
    0.00561639
    0.02965301
   -0.00011814
   -0.02259708
   -0.10122146
    0.00494086
   -0.13483220
    0.13643315
   -0.03460887
   -0.01882566
    0.12887182
   -0.17078592
    0.16881905
   -0.19155188
    0.20106047
   -0.15436185
    0.13217761
    0.00714588
   -0.02077963
    0.00941391
    0.11344387
   -0.06352284
   -0.07890390
    0.00270807
   -0.05588254
