   -0.00660180
   -0.03261325
    0.15127199
   -0.09472333
    0.12000352
   -0.11094914
    0.06020871
    0.03402426
    0.12358294
   -0.18260196
    0.13107734
   -0.14841567
    0.14453605
   -0.05778093
   -0.03597637
    0.06623965
   -0.02181182
    0.13180935
   -0.20434326
    0.11555419
    0.05511783
   -0.01466220
   -0.00208421
    0.02845969
   -0.00074084
   -0.03419438
   -0.06940336
    0.07740892
    0.10449410
   -0.06947021
   -0.05904149
    0.01681494
   -0.04604893
    0.11130882
   -0.24731637
    0.31911327
   -0.36215635
   -0.00953622
    0.03931010
   -0.02278039
    0.16797893
   -0.09771773
   -0.06734443
