           1           2   1.5745241794695277     
           2           3  0.94741101159764196     
           3           4   1.5202439566518364     
           4           5   1.3412720945647574     
           5           6   1.2508456799548471     
           6           7   1.6613172310663962     
           7           8   1.3829539050698485     
           8           9   1.0820264627805229     
           9          10   2.8142419600642810     
           8          11   1.2290033933116487     
           7          12  0.18730620247309071     
          11          12   1.2349717838389451     
          12          13   1.2735860336756881     
          13          14   1.1939366900795387     
          14          15   1.8431694528396043     
          15          16   1.2919431286208380     
          14          17  0.11757031089099063     
          15          17  0.12413043220489953     
          16          17   1.1620191512662239     
          17          18   1.2322262354888427     
          18          19   1.4779016251858259     
          19          20   1.2168164427657120     
          20          21   1.0692314026654586     
          21          22   1.3222433655952808     
          22          23   1.5602466703476705     
          21          24  0.10715136435115827     
          22          24  0.18138773219252197     
          23          24   1.6415105855706651     
          22          25  0.21251731516028002     
          24          25   1.6347531824661474     
          21          26   1.3254504795874191     
          23          26  0.22566023922583564     
          24          26  0.16803451657352786     
          25          26   1.5534068474386546     
          17          27  0.33306815407272472     
          20          27   1.4150207448768359     
          18          28   1.0396365578966063     
          19          28  0.17366537471002111     
          27          28   1.3324081930635856     
          16          29   1.1871622109397777     
          29          30   1.0096244870042548     
          13          31   1.2724886776193263     
          14          31  0.19087691662032977     
          15          31  0.20557973898026277     
          17          31  0.13953891123567430     
          29          31   1.5149395176610674     
           5          32   1.0841520613822719     
          11          32   1.1955394181566954     
           4          33  0.44673394382604537     
          32          33   1.4119275298088279     
           3          34   1.1151101575418527     
          33          34   1.3916402888238346     
          34          35   1.2361639574852505     
          35          36   1.2146830575881222     
          35          37  0.13146609541611259     
          36          37   1.6373016057744063     
          36          38  0.98274530179828012     
          38          39   2.3631826296075409     
          39          40   1.2529660045869808     
          40          41   1.0718806321753167     
          40          42  0.50815631964392682     
          41          42   1.2840285190576157     
          40          43  0.14485972963529942     
          41          43   1.2681049709963648     
          42          43  0.54251691757947040     
