           1           2   1.5717246791996637     
           2           3   1.0182269214617186     
           1           4  0.16199987154241338     
           3           4   1.6237467797309779     
           4           5   1.1121222550898997     
           5           6   1.5898418410181676     
           6           7   1.5633378620119287     
           7           8   1.0784156415491677     
           6           9  0.13567402207483734     
           8           9   2.7948273165661548     
           7          10   1.1376582825350605     
           6          11  0.17205929077840543     
          10          11   1.5141975281910653     
          10          12   1.2340795591113483     
          11          12  0.67676748178583335     
           4          13  0.38651501172061592     
           5          13   1.1071315889462658     
          13          14   1.6859716052966280     
          13          15  0.11507922601415704     
          14          15   1.1140216795915876     
          15          16   1.4580644161768568     
          16          17  0.96880226491974153     
          17          18   1.3975761831407794     
          18          19   1.6096831721978992     
          17          20  0.11840098895509921     
          18          20  0.14239250360450434     
          19          20   1.7698894822463183     
          18          21  0.33049797369707512     
          19          21  0.13210707344362127     
          20          21   1.6645535045730866     
          17          22   1.2977915696196043     
          19          22  0.14813119310655201     
          21          22   1.4066907649212768     
          22          23  0.87007120817514649     
          23          24   1.6528835098395367     
          23          25   1.3557591394702848     
          24          25  0.22659266919943216     
           3          26  0.95876122266751729     
          14          26  0.94970269609862012     
           4          27  0.10740146424688615     
          13          27  0.15442054571114477     
          26          27   1.7798304365063864     
