           1           2   1.5987471888763580     
           1           3  0.20841469385507391     
           2           3   1.0843498311423974     
           3           4   1.5114004992642769     
           3           5  0.17657638492368510     
           4           5   1.4236263322889939     
           4           6  0.85807661564735516     
           6           7   1.0643615894007914     
           7           8   2.8016064651454937     
           5           9  0.15415078445260769     
           6           9   1.8396513665713055     
           8           9  0.14620481562692614     
           9          10   1.1912568182955983     
           9          11  0.11732421297592791     
          10          11   1.1298118776777533     
           9          12  0.15326825030225802     
          11          12   1.7621633483708443     
          12          13   1.2254755882851986     
          11          14  0.19456249467019318     
          13          14   1.5953867142977929     
          13          15  0.97022511493484975     
          14          16  0.15862744283443608     
          15          16   1.5835755270509040     
          10          17   1.4251885111080143     
          11          17  0.31482526427047852     
          12          17  0.23463569736292192     
          15          17   1.2497654926698705     
           2          18   1.0006510655937628     
          18          19   1.3335843831067993     
           1          20  0.10569736958219418     
          19          20   1.5711996038255838     
          18          21  0.11292160977717938     
          19          21  0.17381869710679757     
          20          21   1.6251291655379376     
          19          22  0.20903393093572895     
          21          22   1.6357862087054251     
           1          23  0.10131582161235797     
          18          23   1.3426284589553246     
          20          23  0.18542170002516778     
          21          23  0.17586092388062602     
          22          23   1.5744475338671469     
