   -0.06053126
    0.01364298
    0.30247527
   -0.41944267
   -0.17038158
    0.11928110
   -0.03822768
    0.01338461
    0.20792344
   -0.14871758
    0.13163620
    0.00875088
   -0.02126381
    0.01226046
    0.11323496
   -0.06295454
   -0.08547476
   -0.19072203
    0.18202809
   -0.14339527
    0.11417041
   -0.06495801
    0.16325017
   -0.10412709
    0.04791102
    0.00462055
    0.03621866
    0.07619079
   -0.04206364
   -0.02149239
    0.13538104
   -0.06470369
   -0.02538776
   -0.01851687
