           1           2   1.7193290236788075     
           2           3   1.0130718946578925     
           3           4   2.5604042096032633     
           4           5  0.97819040952874914     
           5           6   1.6853735235976868     
           5           7   1.1825880387431658     
           7           8   1.2693855522863948     
           8           9   1.3123573080492790     
           9          10   1.4471727735217730     
          10          11   1.1321044835396576     
          11          12   1.3645133324892438     
          12          13   1.2087393393568193     
          13          14   1.2464407327876392     
          14          15   1.7708962418041947     
          15          16   1.3630482092953256     
          16          17  0.99978364166225697     
          16          18   1.2566456115596536     
          18          19   1.0034494387344444     
          13          20   1.2819319701732033     
          14          20  0.32494507953368901     
          15          20  0.14436724123698028     
          18          20   1.4494308607717477     
          11          21   1.2255733792622046     
          12          22  0.20701423571975316     
          21          22   1.6020011623918040     
          22          23   1.5812491955663110     
          10          24   1.1229771608747232     
          23          24   1.2407827485810456     
           9          25  0.36752527733570095     
          24          25   1.2849938565134869     
           8          26   1.1910681364920233     
           9          26  0.10147723282603682     
          25          26   1.7423883615258338     
           2          27   1.1112697608505886     
          27          28   1.7085686751073426     
          28          29   1.3164550315916916     
          29          30   1.8389047050879657     
          30          31   1.1157041137078858     
          31          32   1.0948895710832722     
          32          33   1.5184605921817336     
          33          34   1.1102354668376344     
          32          35  0.31246266168921744     
          33          35  0.17787073752206486     
          34          35   1.1266268318857111     
          30          36  0.10826098268624799     
          31          36   1.0673140662779748     
          32          36  0.20561195918742958     
          33          36  0.33822280448582814     
          35          36   1.4511837145513082     
