           1           2   2.5823323485089706     
           2           3  0.92376363526747496     
           1           4  0.21638443908620852     
           3           4   1.6557437180520611     
           1           5  0.13491002029159158     
           3           5   1.2137428640356804     
           4           5  0.12835420367108480     
           5           6   1.2492214234369332     
           6           7   1.2226889311167357     
           5           8  0.10682706757167205     
           7           8   1.8005052675457132     
           8           9   1.3150591473371576     
           9          10   1.0929737409149249     
           7          11  0.11364357975827166     
          10          11   1.6820403267500783     
          11          12   1.6432492906964595     
          12          13   1.1867612446095022     
          13          14   1.5685787040194890     
          14          15   1.1436534648572616     
          15          16   1.2465107095916974     
          16          17   1.6943637467437600     
          17          18   1.3703190377130632     
          18          19   1.0011837727421042     
          18          20   1.2500815482409335     
          20          21   1.0100338258331487     
          15          22   1.3180591475526302     
          16          22  0.34216470631871898     
          17          22  0.15194603619292207     
          20          22   1.4469469999266198     
           9          23   1.1740560513022154     
          13          23   1.0016020697302193     
           6          24   1.2585025624420234     
           7          24  0.11589904969762710     
           8          24  0.16390861043408148     
          23          24   1.4882817204880645     
