           1           2   2.5351410239645902     
           2           3  0.92618708611490486     
           1           4  0.11701926388840669     
           3           4   1.6855055014762623     
           3           5   1.1854087764740533     
           5           6   1.2819410392767447     
           6           7   1.3214413641268881     
           7           8   1.5373081741644743     
           8           9  0.98943187651946596     
           9          10   1.6411307203652177     
          10          11   1.1011563600673555     
          11          12   1.3057359182604400     
          12          13   1.6179963423528354     
          12          14  0.38936264174342428     
          13          14   1.6333994440084838     
          12          15  0.10131242847769868     
          14          15   1.3671436437315425     
          15          16  0.99709747338431320     
          11          17   1.3527797207829355     
          12          17  0.16198049360257477     
          13          17  0.39317309694897079     
          14          17  0.15247023186453487     
          15          17   1.4163843084527037     
           9          18   1.1082583619712696     
          10          19  0.10423931662863402     
          18          19   1.7975546682096795     
          19          20   1.5915085921209449     
           8          21   1.1194606422935565     
          20          21   1.1483959582634038     
           7          22  0.44567633231288012     
          21          22   1.3810483546313475     
           6          23   1.0915039041697352     
          22          23   1.4868757526695064     
          23          24   1.0633214068245407     
          24          25   1.1712937357467637     
          25          26   1.4536577662267196     
          25          27  0.24671300644256447     
          26          27   1.5943926070316952     
          27          28   1.4793598780135344     
          28          29   1.0212497116420345     
          28          30  0.14675627329484470     
          29          30   1.3140994965952868     
          26          31  0.16243705215249346     
          28          31  0.47412288062386165     
          29          31   1.2981684752494513     
          30          31  0.43935154664226006     
