   -0.15720928
    0.13145500
    0.02897178
    0.05543461
    0.08697931
   -0.00533874
   -0.00974190
    0.22500873
   -0.24386777
    0.21303464
   -0.25801518
   -0.06480746
    0.31978118
   -0.32518931
   -0.15152785
    0.09338733
    0.03125920
    0.03106271
    0.09910106
   -0.09780713
    0.29781673
   -0.37762076
    0.04123863
    0.12582137
   -0.14123116
    0.06685872
    0.08981068
   -0.00018764
   -0.02585758
    0.22619984
   -0.24102829
    0.22675981
   -0.22797446
   -0.06257680
