           1           2   2.7873339488604887     
           2           3   1.0546716285851132     
           1           4  0.15005021360357734     
           3           4   1.7823441403838101     
           4           5   1.2051009688593890     
           4           6  0.13926114445852286     
           5           6   1.1490758964053001     
           4           7  0.22023824998860522     
           6           7   1.7335263936310241     
           7           8   1.2223429479446160     
           6           9  0.19847491071243348     
           8           9   1.6008390286123506     
           8          10  0.96918243639256763     
           7          11  0.11285748288645073     
           9          11  0.15257750203796347     
          10          11   1.5618474153562807     
           5          12   1.4003946435939310     
           6          12  0.33260628510065998     
           7          12  0.28814257752073863     
          10          12   1.2692908126745075     
           3          13  0.92169228723379193     
          13          14   1.7124423503332342     
          13          15   1.1776584598089976     
          14          15  0.12071675566967145     
          15          16   1.6355425060527371     
          15          17  0.10901401063515408     
          16          17   1.5260023124540449     
          16          18  0.20187682234958815     
          17          18   1.5838009771485886     
          17          19  0.15754466457390820     
          18          19   1.4268164876457932     
          17          20  0.12279259004778839     
          18          20  0.12856870644103496     
          19          20   1.5693234382648085     
          20          21   1.3527629686340805     
          19          22  0.11277182522329388     
          21          22   1.5076177398415036     
          21          23  0.96367063400026043     
          23          24   1.0415126685750811     
          24          25   2.7980827101343850     
          23          26   1.7680478585718196     
          25          26  0.14995650391973453     
          26          27   1.2072059442298819     
          26          28  0.15182593559315305     
          27          28   1.1730881707984808     
          26          29  0.11079614178433266     
          28          29   1.7564269328598334     
          29          30   1.2397143318007893     
          28          31  0.17753186806132257     
          30          31   1.5999339962458579     
          30          32  0.95955680837281299     
          29          33  0.11111405934580745     
          31          33  0.14453218153527081     
          32          33   1.5641215306041658     
          27          34   1.3796158918306050     
          28          34  0.27041713570012499     
          29          34  0.31205368074950979     
          32          34   1.2543174106433643     
