   -0.00166994
   -0.03160408
    0.15027390
   -0.07489172
    0.11796043
   -0.11333005
    0.05675338
    0.03783523
    0.12385567
   -0.17250220
    0.12921325
   -0.15398540
    0.14065953
   -0.06155333
   -0.02850982
    0.08956745
    0.03582803
   -0.01390207
    0.06018031
   -0.13417743
    0.03947490
    0.09671967
   -0.07232987
   -0.05547070
    0.02530385
   -0.05127540
    0.09903536
   -0.17082266
    0.29306188
   -0.37823821
   -0.01976796
    0.05517768
   -0.02261663
    0.16945040
   -0.06596906
   -0.09773437
