           1           2   1.5408004765086019     
           2           3   1.0187648711229764     
           1           4  0.14785519422198035     
           3           4   1.4499624444934616     
           4           5   1.3746273016798145     
           5           6   1.2450257701519545     
           6           7   1.6491709975995854     
           7           8   1.3752893928696452     
           8           9   1.0812374173075996     
           9          10   2.8163728481417829     
           8          11   1.2383169274387631     
           7          12  0.24329098845069760     
          11          12   1.2507804415963502     
          12          13   1.2495351578790816     
          13          14   1.2185128325352044     
          14          15   1.7137277834458780     
          15          16   1.3319709404246225     
          16          17   1.0595998787451213     
          15          18  0.17772915461649380     
          17          18   1.1682935562877959     
          18          19   1.5253165618620561     
          18          20  0.10212248736798010     
          19          20   1.3020674930193179     
          17          21   1.1518422273187734     
          18          21  0.26778876119490047     
          19          21  0.53403549199085376     
          20          21   1.4745226714094668     
          16          22   1.2484206182656572     
          22          23   1.0021558015487648     
          13          24   1.2706623116146309     
          14          24  0.38904432026046903     
          15          24  0.13320653047765038     
          22          24   1.4646447279401098     
           5          25   1.0834727516605582     
          11          25   1.1841138930908561     
           1          26  0.15586743428644223     
           4          26  0.35376212241661065     
          25          26   1.4130819823212215     
           3          27   1.1140952602822765     
          26          27   1.4432868789530917     
          27          28   1.1623620574927720     
          28          29   1.4866105772749356     
          28          30  0.19325036269942125     
          29          30   1.3899318740906608     
          29          31  0.97347674839217824     
          31          32   2.3268501287316581     
          31          33  0.10836900646735345     
          32          33   1.2584319088767542     
          33          34   1.0396038070225531     
          34          35   1.2843825187878992     
          33          36  0.48119906296568671     
          34          36   1.2990229187710702     
          35          36  0.44434027737794524     
