           1           2   2.5803661162740430     
           2           3  0.90809174964190320     
           1           4  0.14824061175825076     
           3           4   1.7523758661215623     
           1           5  0.15825290575831610     
           3           5   1.1345865130445403     
           4           5  0.10245624799433015     
           5           6   1.5011580393763488     
           6           7   1.3116937352244600     
           7           8   1.3624164265897003     
           8           9  0.97123854211822280     
           9          10   1.6314311677171707     
          10          11   1.1031137766057992     
          11          12   1.2861965247828893     
          12          13   1.6725831926021335     
          13          14   1.3793670710238999     
          14          15  0.99719944678736150     
          12          16  0.10289262823568777     
          14          16   1.2586574479616424     
          16          17   1.0039048905006258     
          11          18   1.3231042344562756     
          12          18  0.31113759510990230     
          13          18  0.19913041176138807     
          16          18   1.4418216253419338     
           9          19   1.1237876600851964     
          19          20   1.7183975464870638     
          20          21   1.5415769939451018     
           8          22   1.2587888833066527     
          21          22   1.2068946487341266     
           7          23  0.18790809409296247     
          21          23  0.12151933369485736     
          22          23   1.2267009969714826     
           6          24  0.90422052054021318     
          23          24   1.6675077158110783     
          24          25   1.0787281627126497     
          25          26   1.0808128051745491     
          26          27   1.7859247465140848     
          26          28  0.29040563089925880     
          27          28   1.6287694761457256     
          28          29   1.1755360504194783     
          29          30   1.1908476727609743     
          30          31   1.2750070656844632     
          31          32  0.99541869388801119     
          30          33  0.13614572428093996     
          31          33  0.40727302205807653     
          32          33   1.4934803047357617     
          30          34  0.21348459157761604     
          31          34  0.23930702468644091     
          32          34   1.0321398770568757     
          33          34  0.20812220288996350     
          29          35   1.0596304601829489     
          30          35  0.25747405717660843     
          33          35  0.29047151362844642     
          34          35   1.3770369912332396     
