   -0.08029898
    0.08646265
   -0.11420272
    0.16087785
   -0.06250320
    0.12150728
   -0.11709315
    0.08969060
    0.02053999
    0.12064589
   -0.18673916
    0.13015752
   -0.08840496
    0.12371146
   -0.04045210
   -0.03502894
    0.16467966
   -0.15239935
    0.05591856
    0.07870764
    0.00615399
    0.01659920
    0.03994866
    0.00781644
   -0.00942643
    0.09503392
   -0.05113443
   -0.07548338
    0.01326356
   -0.03826046
    0.12190905
   -0.16288672
    0.30333363
   -0.37780374
    0.02280243
    0.04109135
    0.00171440
    0.19794310
   -0.06790214
   -0.04420152
    0.03045892
    0.23259054
   -0.25342858
    0.22666071
   -0.26392439
    0.18946658
   -0.27369974
    0.19077716
   -0.32988157
    0.14558190
   -0.21088900
