           1           2   1.3328066160963727     
           1           3  0.57713049332015887     
           2           3   1.2917314850137078     
           2           4   1.1095670532222313     
           1           5  0.10251914775031051     
           3           5  0.10741488335755611     
           4           5   2.4799535792742926     
           5           6  0.98399791027541594     
           6           7   1.6895449679028083     
           6           8   1.1777014221783246     
           8           9   1.2844597701822187     
           9          10   1.1980514841592056     
          10          11   1.8327728057801895     
          11          12   1.3077041958359605     
          12          13   1.1031184567547532     
          10          14  0.10707381685425778     
          13          14   1.6807841691073793     
          14          15   1.6286262708969923     
          15          16   1.1522299163694829     
          14          17  0.11668412285046434     
          15          17  0.10250291758981483     
          16          17   1.5822858073018740     
          17          18   1.0889884236279086     
          18          19   1.3214292171443842     
          19          20   1.6220478116498480     
          18          21  0.10140524340368429     
          19          21  0.38668744030825891     
          20          21   1.6309655864817876     
          19          22  0.10126042626235707     
          21          22   1.3658138790935825     
          22          23  0.99405184988942308     
          18          24   1.3567354238482485     
          19          24  0.15768887591216843     
          20          24  0.38089210337388935     
          21          24  0.15547823788778661     
          22          24   1.4149105587884623     
          12          25   1.1825184120505408     
          16          25   1.0275981427350640     
           9          26   1.2549949200329416     
          10          26  0.17168668118740729     
          11          26  0.14767459674714278     
          25          26   1.4599569431580905     
