           1           2   2.0107643981578605     
           2           3   1.1733403182733324     
           3           4   1.0813311596282495     
           1           5  0.15087850641895484     
           2           5  0.11668204166432100     
           3           5  0.10851940566075004     
           4           5   2.0802590837250818     
           3           6   1.1614046278274206     
           4           6  0.21157039606805406     
           5           6  0.11539164212895983     
           6           7   1.2693377172408959     
           6           8  0.10032651056033766     
           7           8   2.5341570772518640     
           8           9   1.0262610564360184     
           9          10   1.6490551751527973     
           9          11   1.1842287994047651     
          11          12   1.2809030444038287     
          12          13   1.2081398168592770     
          13          14   1.8780001811674527     
          14          15   1.3166769345699960     
          15          16   1.0957033047978184     
          13          17  0.11864816282818592     
          14          17  0.10306152022803464     
          16          17   1.6746496897451344     
          17          18   1.6571736780590407     
          18          19   1.1789514538871946     
          19          20   1.5743554877460333     
          20          21   1.1198066367843311     
          21          22   1.3080452556067199     
          22          23   1.6288968406953002     
          22          24  0.38482393070999910     
          23          24   1.6344229252017615     
          24          25   1.3663317529196570     
          25          26  0.99430615558888247     
          21          27   1.3330332501874247     
          22          27  0.15767179054460370     
          23          27  0.35716415184884248     
          24          27  0.15369298123281744     
          25          27   1.4151560394673879     
          15          28   1.1720416863341010     
          19          28   1.0057008743474138     
          12          29   1.2481681555451511     
          13          29  0.10623945588082974     
          14          29  0.16395085918241609     
          28          29   1.4799044335347324     
