           1           2   1.5893567472498871     
           1           3  0.40293552009156991     
           2           3   1.0139198226466735     
           3           4   1.3938744639163525     
           3           5  0.13347487869209071     
           4           5   1.1547617435037520     
           3           6  0.16215951100340717     
           5           6   1.3439681420994254     
           3           7  0.10012288061997104     
           5           7  0.38964034629276584     
           6           7   1.4314212316203545     
           4           8  0.94096381256196115     
           6           8  0.10717748181598001     
           7           8   1.0794847587927805     
           6           9  0.14834310730990030     
           7           9  0.10439385615794050     
           8           9   1.1635754271035470     
           9          10   1.3696748444391438     
           9          11  0.13545430246973891     
          10          11   2.2242619099389191     
          11          12  0.97390134770750647     
           9          13  0.12069048931553827     
          11          13  0.15021493285869136     
          12          13   1.3945391001160641     
          12          14   1.4847557334127883     
          13          14  0.17611614151756885     
          14          15   1.1758166780144035     
          15          16   1.2412484819634539     
          16          17   1.7315582896004011     
          17          18   1.2964386771204677     
          18          19   1.1643086464098700     
          16          20  0.11388625254910646     
          19          20   1.5839560526380247     
          20          21   1.7284571165703257     
          21          22   1.0904542191522777     
          20          23  0.13081653419328790     
          22          23   1.5900521676268018     
          23          24   1.0897112459918807     
          24          25   1.3224421129802801     
          25          26   1.6255329136002568     
          24          27  0.10025456314951352     
          25          27  0.38622342890073175     
          26          27   1.6336795999553984     
          25          28  0.10163856811202315     
          27          28   1.3669001732046429     
          28          29  0.99501470686861060     
          24          30   1.3527141382698467     
          25          30  0.15495442251658248     
          26          30  0.38783043317439142     
          27          30  0.15552645107094662     
          28          30   1.4130682699611199     
          18          31   1.1718679593799965     
          22          31   1.0563066080226995     
          15          32   1.3039684736635850     
          16          32  0.23726151808011051     
          17          32  0.17319219538398611     
          31          32   1.4375874202125731     
