           1           2   1.9635833170075674     
           2           3   1.1303538966040512     
           3           4   1.0907792525472004     
           4           5   1.4787274000368422     
           5           6   1.3863542922411853     
           6           7   1.2369315800035607     
           7           8   1.6715471415970748     
           8           9   1.3841835616714320     
           9          10   1.0827526472901843     
          10          11   2.8115857927711159     
           9          12   1.2259410101952373     
           8          13  0.13678489451254155     
          12          13   1.2427537177574943     
          13          14   1.3016702039119286     
          14          15   1.1980586398459290     
          15          16   1.8459542640076385     
          16          17   1.2427494732052180     
          17          18   1.2807508871739204     
          18          19   1.6369376018619355     
          19          20   1.1353913020997368     
          20          21   1.3500864480511450     
          21          22   1.5861823913565039     
          20          23  0.10818780408579931     
          21          23  0.21217800635981740     
          22          23   1.7452207459422073     
          23          24   1.2881131843236941     
          24          25   1.2789209949958005     
          25          26   1.7393463078669655     
          25          27  0.15481888205567215     
          26          27   1.6761554430269008     
          25          28  0.40164514786894556     
          26          28  0.11075998742959153     
          27          28   1.7050087896819921     
          20          29   1.1699895646054539     
          24          29   1.1099230046043183     
          28          29   1.3600004101740224     
          17          30   1.1444828828766562     
          30          31   1.0095318910376314     
          14          32   1.2367002821194284     
          15          32  0.29288419015289996     
          16          32  0.16122373798668738     
          30          32   1.5293266962890619     
           6          33   1.0650380751047699     
          12          33   1.1859415439192069     
           5          34  0.44751061720058916     
          33          34   1.4367037116148966     
           4          35   1.0634260479530935     
          34          35   1.3861445801359202     
          35          36   1.2709230227535955     
          36          37   1.1846002412250443     
          36          38  0.10213241638937041     
          37          38   1.6648106165579997     
          37          39  0.98785346978633159     
          39          40   2.2837949693931439     
          40          41   1.3485726334232599     
          41          42  0.96240093465000387     
          39          43  0.15627088413740930     
          41          43  0.45002194356352415     
          42          43   1.3509344220580659     
          39          44  0.13193137650231515     
          41          44  0.44395890139833355     
          42          44   1.3530405823319056     
          43          44  0.50821105801854993     
