           1           2   1.6515262801871498     
           2           3   1.0286799954044623     
           3           4   2.4997394648864710     
           4           5   1.2991201714530807     
           5           6   1.1617456119169578     
           6           7   1.1366736862523235     
           7           8   1.4224627744695824     
           8           9   1.1464142879510937     
           5          10  0.11845069805850610     
           7          10  0.13387679967716112     
           8          10  0.18965992638302870     
           9          10   1.1316519862534538     
           5          11  0.10470472086214386     
           6          11   1.1277760699592418     
           7          11  0.16292024121063481     
           8          11  0.19856062724629708     
          10          11   1.4099795732813611     
           1          12  0.11424073160823213     
           2          12   1.1857926800677632     
          12          13   1.2603445449910851     
          13          14   1.2069196062200878     
          12          15  0.12509063891793754     
          14          15   1.7617946605568622     
          15          16   1.2689176077044588     
          16          17   1.2326524401003740     
          14          18  0.15078263116853402     
          17          18   1.5913315881950238     
          18          19   1.5880910352222886     
          19          20   1.2183251006731290     
          18          21  0.14824531459483042     
          20          21   1.3409591635826099     
          21          22   1.1860722797158429     
          22          23   1.2781499267546357     
          23          24   1.6288833411290735     
          23          25  0.39662371055354462     
          24          25   1.6197362077194124     
          25          26   1.3591946726765665     
          26          27  0.99369432862972962     
          22          28   1.3127578812189451     
          23          28  0.15787857284965803     
          24          28  0.38915018326921830     
          25          28  0.14640752801159262     
          26          28   1.4275282066803048     
          16          29   1.1326494975437504     
          20          29   1.1647324475257848     
          13          30   1.2832459385627171     
          14          30  0.21749344891933087     
          15          30  0.14838990455133555     
          29          30   1.3936688313314716     
