           1           2   1.5492952594397107     
           2           3  0.98443250569791108     
           3           4   1.4808371622012944     
           4           5   1.3434052116909800     
           5           6   1.2541552856294467     
           6           7   1.6521196999765897     
           7           8   1.3971029922373097     
           8           9   1.0827686310531404     
           9          10   2.8135248676199391     
           8          11   1.2132324298300698     
           7          12  0.20544164698479073     
          11          12   1.2859654419524811     
          12          13   1.2344354641975588     
          13          14   1.2418978389368540     
          14          15   1.7414822603478930     
          15          16   1.3800567535527812     
          16          17  0.98267208625652436     
          17          18   1.0605423342597802     
          18          19   1.3396958184349266     
          19          20   1.5274023967543930     
          18          21  0.10475145068676789     
          20          21   1.5665997474478588     
          19          22  0.23386851134441825     
          20          22  0.30240813553158097     
          21          22   1.5616280255746291     
          18          23   1.3332424373554090     
          20          23  0.23117430563474323     
          22          23   1.5277615263466158     
          16          24   1.2691362968741005     
          24          25  0.99250020572020692     
          13          26   1.2646060943105291     
          14          26  0.31297381572193206     
          15          26  0.16975553327837423     
          24          26   1.4576751907319223     
           5          27   1.0857409032859660     
          11          27   1.1720113806695052     
           1          28  0.14903338002380348     
           4          28  0.34694799138341925     
          27          28   1.4242032275504457     
           3          29   1.1151801675621382     
          28          29   1.3801571780520376     
          29          30   1.2357825669551192     
          30          31   1.2209580871000765     
          30          32  0.12563111872633792     
          31          32   1.6435285620253060     
          31          33  0.97330481470466901     
          33          34   2.3294987970714045     
          33          35  0.14395511282362547     
          34          35   1.2895026326667391     
          35          36   1.0654190293487136     
          35          37  0.10363826399336633     
          36          37   1.2690758721540485     
          33          38  0.13230809137628410     
          35          38  0.42283790548933109     
          36          38   1.2838306869474496     
          37          38  0.54351227971991323     
