           1           2   1.6161687143103836     
           1           3  0.20572725532687203     
           2           3   1.0834137491051223     
           3           4   1.5305995088166247     
           1           5  0.11004010934240221     
           3           5  0.17905927375336481     
           4           5   1.4384540236587182     
           4           6  0.84908573601092185     
           6           7   1.0442473473834430     
           7           8   2.8026310769342246     
           6           9   1.6276744250519586     
           8           9  0.12106406437953815     
           9          10   1.5607796264287201     
          10          11   1.0019740058341102     
           9          12  0.11169205412662761     
          11          12   1.9694640590506818     
          12          13   1.0488305068015531     
          11          14  0.13873640175295626     
          13          14   1.8400532575615043     
          13          15  0.84960472745928028     
          15          16   1.5098331835213110     
          10          17   1.2173942394022008     
          11          17  0.18013350844072745     
          12          17  0.15859682590377286     
          15          17   1.4053366068866322     
           2          18   1.0172847943076104     
          18          19   1.3318924394988405     
          19          20   1.6240637303243970     
          18          21  0.10859471523644457     
          19          21  0.18265841378304026     
          20          21   1.6280263127240919     
          19          22  0.20963298351272580     
          21          22   1.6156831955406961     
          18          23   1.3242622375437980     
          20          23  0.20236307783884933     
          21          23  0.17935514806006780     
          22          23   1.6272403614482658     
