   -0.10672305
    0.10765606
   -0.11777827
    0.16207692
   -0.07583981
    0.11500726
   -0.12663276
    0.09545084
    0.02465081
    0.12628156
   -0.17617754
    0.13658596
   -0.12754196
    0.13004949
   -0.05808086
    0.09318022
   -0.07684507
    0.12909288
   -0.13357473
    0.01440582
    0.07533608
   -0.01607851
    0.00568501
    0.02424931
    0.00575130
   -0.01825905
    0.09273351
   -0.07598775
   -0.04576630
    0.00685877
   -0.06364663
    0.12119071
   -0.18658366
    0.29953975
   -0.39962238
    0.01561884
    0.03641396
   -0.02947734
    0.17750913
   -0.09269851
   -0.06801001
