           1           2   2.1939243566507272     
           1           3  0.11242977442547597     
           2           3   1.1050209119079661     
           3           4   1.0294463089311228     
           4           5   1.4906704130092312     
           5           6   1.3703537123843670     
           6           7   1.1668800192681534     
           7           8   1.6840075314175644     
           8           9   1.5831448537861641     
           9          10   1.0990720514496752     
          10          11   2.7924100676110579     
           9          12  0.99367156927290612     
           8          13  0.10986196460027765     
          12          13   1.6660107989351853     
          13          14   1.1084298597353555     
          14          15   1.3327364089851050     
          15          16   1.4243417997395831     
          16          17   1.0088759145010024     
          16          18   1.3025890802735585     
          18          19   1.0142108996568124     
          19          20   1.3181828483594691     
          20          21   1.0311377109480648     
          21          22   1.3423206930861482     
          22          23   1.6775508060667990     
          21          24  0.12400339568665228     
          22          24  0.18105085158920742     
          23          24   1.6111177748755070     
          22          25  0.21282767104137965     
          24          25   1.6085874466512773     
          21          26   1.3411949482897276     
          23          26  0.21465522918967986     
          24          26  0.18355976185278725     
          25          26   1.6749629248008531     
          15          27  0.10209910269171053     
          18          27   1.3046106489572273     
          27          28   1.0102256289382328     
          14          29   1.3419941277257352     
          15          29  0.56795507124845557     
          16          29  0.10276377438288274     
          27          29   1.4262730178095275     
           6          30   1.1214958395779080     
          12          30   1.0267008502478716     
           5          31  0.45798846018059136     
          30          31   1.5173974032156334     
           4          32   1.1249840395163373     
          31          32   1.3570957978681175     
          32          33   1.2123329932279352     
          33          34   1.4165382778458901     
          33          35  0.14655764552210265     
          34          35   1.4074564341250333     
          34          36   1.0129804678793410     
          36          37   2.3685648602700065     
          36          38  0.10324586633359926     
          37          38   1.2413461541290778     
          38          39   1.0696128624788366     
          38          40  0.50160486615034106     
          39          40   1.2940162080143773     
          38          41  0.15631855546389656     
          39          41   1.2706841922507854     
          40          41  0.53470291130374836     
