           1           2   2.8000963324899528     
           2           3   1.0712557468671289     
           1           4  0.13841467599755053     
           3           4   1.8122843561780069     
           4           5   1.1957669188231941     
           5           6   1.5465756736356773     
           6           7   1.0972139820090505     
           7           8   1.8390631552672567     
           7           9  0.86310889986291550     
           6          10  0.11614187013923612     
           9          10   1.5954649995530330     
           4          11  0.23879692911984909     
           6          11  0.19213967178799074     
           9          11   1.0886078466596691     
           4          12  0.10091377374940294     
           5          12   1.0368239663713623     
           6          12  0.18199935908097023     
           9          12  0.11778608184235884     
          10          12  0.21174966575776938     
          11          12   2.0544069634014770     
           3          13  0.87104832801641519     
          13          14   1.7723789222189013     
          13          15   1.1247919904095385     
          14          15  0.10777111483590723     
          15          16   1.1393839665270560     
          16          17   1.3645948343198753     
          17          18   1.1366054729783590     
          18          19   1.0866171566584815     
          19          20   1.3171146336411641     
          20          21   1.5516573560165587     
          19          22  0.10335011146719403     
          20          22  0.16855754114970289     
          21          22   1.6568813523869279     
          20          23  0.21465895520235800     
          22          23   1.6566116604481513     
          17          24  0.12068536488951437     
          19          24   1.3206334421793768     
          21          24  0.21501886899993206     
          22          24  0.16443583514802862     
          23          24   1.5407177093856081     
          17          25  0.13764423061322631     
          18          25   1.1738371718656655     
          15          26   1.0693140902235652     
          16          26  0.18589528027736749     
          25          26   1.3752674070628339     
