   -0.09045841
    0.09118373
   -0.10992685
    0.16709134
   -0.07350826
    0.12111872
   -0.11250160
    0.06562580
    0.03076543
    0.12101502
   -0.18561703
    0.12713552
   -0.13793098
    0.13432928
   -0.06328690
   -0.04472807
    0.16890153
   -0.18581612
    0.17732483
   -0.03577494
    0.00104789
    0.03170120
    0.00589158
   -0.05816843
    0.09244015
   -0.06827333
   -0.06160837
    0.02552806
   -0.04405235
    0.12031681
   -0.16565780
    0.30449614
   -0.40571243
    0.00246252
    0.03759030
   -0.02257954
    0.18171632
   -0.06354862
   -0.07853215
