           1           2   1.6005664255466159     
           1           3  0.20412297268146384     
           2           3   1.3415940101415511     
           3           4   1.2294219216405406     
           4           5  0.95959938253487742     
           5           6   1.7091816207338812     
           5           7   1.1602705754757685     
           6           7  0.11166164950709548     
           7           8   1.6722613835131130     
           7           9  0.13027849404179115     
           8           9   1.5226626803796113     
           9          10   1.2048372029426035     
          10          11   1.1117875137120892     
           9          12  0.10046179535478257     
          11          12   1.4212660462906774     
          12          13   1.1338989433267317     
          11          14  0.22589019854187220     
          12          14  0.20577592589278573     
          13          14   1.1248321253426257     
           8          15  0.10330534723128951     
          10          15   1.1061444888608492     
          11          15  0.16084219125043317     
          12          15  0.21429550827562230     
          14          15   1.4466916726994521     
           1          16  0.16812404048392063     
           4          16   1.4242078110311449     
           1          17  0.10957355041614021     
           2          17  0.92373931085025285     
          16          17   1.2221819768880284     
           3          18  0.17411397111288338     
          17          18   1.5119658852734226     
          18          19   1.3902926098028112     
          19          20  0.82194614874393090     
          20          21   1.7574695185752611     
          18          22  0.12114396167828796     
          20          22   1.2072959111861443     
          21          22  0.11415606219664046     
          22          23   1.2928559563155109     
          23          24   1.2540204076708459     
          24          25   1.5631792880210562     
          25          26   1.6641833008594138     
          26          27   1.1699207097020328     
          25          28  0.16482404593409261     
          27          28   1.2867080142729757     
          28          29   1.2586476879917639     
          29          30   1.2076758230903750     
          30          31   1.7878119263588570     
          31          32   1.3571269171855238     
          32          33   1.0120523572729438     
          32          34   1.2399973847193650     
          34          35   1.0122738449505169     
          29          36   1.2705773891110357     
          30          36  0.30238150426355737     
          31          36  0.16489028421795338     
          34          36   1.4621197917959567     
          19          37   1.1139684078029239     
          23          37   1.1819764292818842     
          27          37   1.2825501876562551     
