   -0.16596336
    0.12544749
   -0.02156999
    0.02569620
    0.04719058
   -0.04862031
    0.12950478
   -0.13026004
    0.29599755
   -0.37248919
   -0.03137425
    0.04016941
    0.07620924
   -0.00487021
   -0.02681023
    0.07057091
    0.07449818
   -0.01272835
   -0.02880111
    0.13255866
   -0.14389661
    0.14909092
   -0.15697283
    0.20246303
   -0.14129115
    0.14318528
   -0.03053302
   -0.06851101
    0.17084299
   -0.13161513
    0.04638182
    0.06731697
    0.02119477
   -0.02710785
   -0.01158459
    0.20316518
   -0.16462413
   -0.08011504
    0.08698079
   -0.08495665
   -0.10259798
    0.00939991
   -0.07410946
   -0.03106762
   -0.02539453
