           1           2   1.5762189616192861     
           2           3   1.1956815552997480     
           1           4  0.14302261057823132     
           3           4   1.7535827962021662     
           3           5  0.13543659114529022     
           4           5   1.6562903811158871     
           1           6  0.14323018234704366     
           3           6  0.32875354792794714     
           4           6  0.10641581847323803     
           5           6   1.6927941683812135     
           2           7   1.0323476812230270     
           6           7   1.3527336816692628     
           1           8  0.15674592578567126     
           7           8   1.2604791099911634     
           8           9   1.4510539513441432     
           8          10  0.19978772358470606     
           9          10   1.4080716428773232     
           9          11  0.98697196085800465     
          11          12   2.4675325262324672     
          12          13   1.0807433330375800     
          13          14   1.3268998099698266     
          14          15   1.5729903778438041     
          15          16   1.3562512273478566     
          16          17  0.96938118160712838     
          17          18   1.3135893885963166     
          18          19   1.6496150257450770     
          19          20   1.3154208210683713     
          20          21   1.2024341254195825     
          18          22  0.11078351978748920     
          21          22   1.6315641791545077     
          22          23   1.5553905470000329     
          23          24   1.2850850385679773     
          22          25  0.11441686484749894     
          24          25   1.2389596136895786     
          25          26   1.2974895631060175     
          26          27   1.2000557217992103     
          27          28   1.8171254579778782     
          28          29   1.3153059798364040     
          29          30   1.0623000250449481     
          30          31   1.1914138455842382     
          31          32   1.0865427744259726     
          32          33   1.3155891817704561     
          33          34   1.6595266174528442     
          31          35  0.10343360678173742     
          32          35  0.10388776151741627     
          33          35  0.36821936924897924     
          34          35   1.5993995351271337     
          33          36  0.10052884417481320     
          35          36   1.3458429985021005     
          36          37  0.99371494472108124     
          32          38   1.3640474568231198     
          33          38  0.17077847760770426     
          34          38  0.44321911263375918     
          35          38  0.14087996253697027     
          36          38   1.3917115760787442     
          29          39   1.1943243814841678     
          39          40   1.0012948660917818     
          26          41   1.2427989004760105     
          27          41  0.29779962819770778     
          28          41  0.17245752791697547     
          39          41   1.5008288455854220     
          20          42   1.1399996966703947     
          24          42   1.1931988312262332     
          17          43   1.4324968483818332     
          18          43  0.25829254134373297     
          19          43  0.23583174675278817     
          42          43   1.3162193046615582     
          14          44  0.14182306612638879     
          15          44  0.11120423618380566     
          16          44   1.3392792929631119     
          13          45   1.3176002433998799     
          15          45  0.15354287585545548     
          44          45   1.5720705150483623     
