           1           2   1.5413131678627776     
           1           3  0.27034716190305452     
           2           3   1.0851521892509131     
           3           4   1.2388064951449758     
           4           5   2.5392004012016343     
           5           6   1.0148514652080411     
           6           7   1.4154032744414156     
           6           8   1.4397422437315042     
           7           8  0.23923288806928733     
           8           9   1.2060503903569366     
           9          10   1.2501245549531750     
          10          11   1.7963589054512901     
          11          12   1.2906866282237244     
          12          13   1.1787409042532200     
          10          14  0.17392417751522596     
          13          14   1.6451249513512753     
          14          15   1.5725220772632547     
          15          16   1.1009929430963992     
          16          17   2.7928276046016225     
          15          18  0.99102948630983057     
          18          19   1.6560575065587491     
          19          20   1.1001645522132599     
          20          21   1.3173727361541319     
          21          22   1.6236883018243231     
          21          23  0.38889803147450835     
          22          23   1.6398559475901591     
          23          24   1.3639062349673805     
          24          25  0.99722478836849493     
          20          26   1.3446781134730419     
          21          26  0.16036553593885872     
          22          26  0.38570553947998942     
          23          26  0.15161858875498230     
          24          26   1.4145223237190785     
          12          27   1.1411358694379246     
          18          27   1.0498523274577003     
           9          28   1.2580623093912475     
          10          28  0.16335842093938580     
          11          28  0.21404729771173153     
          27          28   1.4811957737029477     
