           1           2   2.7938309466156777     
           2           3   1.0462595599791666     
           1           4  0.15693860156805350     
           3           4   1.7856770780272784     
           4           5   1.2203053967705086     
           4           6  0.14045127277385622     
           5           6   1.1420525935264791     
           4           7  0.21220411246265269     
           6           7   1.7446362218879408     
           7           8   1.2230046003467103     
           6           9  0.19557598471704807     
           8           9   1.5939611979281405     
           8          10  0.96997829345634179     
           7          11  0.10851830182362716     
           9          11  0.14473686786878615     
          10          11   1.5615140379433012     
           5          12   1.3950132209880399     
           6          12  0.33046603676656133     
           7          12  0.28731386496155931     
          10          12   1.2651294815902712     
           3          13  0.92512413457559139     
          13          14   1.6684361239091721     
          13          15   1.2126112319408460     
          14          15  0.10408066561870405     
          15          16   1.2176626238764401     
          16          17   1.2504273553302354     
          15          18  0.11064418099068472     
          17          18   1.6772212582385846     
          17          19  0.18423135633000698     
          18          19   1.6109128316839527     
          17          20  0.19486616581919503     
          19          20   1.5897114819948690     
          16          21   1.2521876355766635     
          18          21  0.17464092671722706     
          19          21  0.17383106019240041     
          20          21   1.7446557598724191     
