           1           2   1.2812597894008018     
           1           3  0.45040076074267565     
           2           3   1.2945774813359934     
           2           4   1.0532662671375261     
           3           4  0.48637818746365863     
           4           5   1.2497190994116256     
           5           6   2.3612371472812028     
           6           7  0.98915407626342433     
           7           8   1.6449212767781303     
           7           9   1.2001732546358350     
           8           9  0.10657684177260360     
           9          10   1.2727930518223982     
          10          11   1.2124072310849383     
          11          12   1.8734005077887845     
          12          13   1.3167928250133498     
          13          14   1.0961063237089197     
          11          15  0.11622357583458276     
          12          15  0.10406561348896584     
          14          15   1.6699271930824353     
          15          16   1.6583776173322331     
          16          17   1.1786965538669723     
          17          18   1.5758462089396355     
          18          19   1.1189205729168221     
          19          20   1.3009631095562237     
          20          21   1.6196289535338932     
          20          22  0.38887839894855847     
          21          22   1.6316656295262524     
          22          23   1.3651246174995773     
          23          24  0.99390595055371511     
          19          25   1.3431201581247689     
          20          25  0.16129846516856516     
          21          25  0.35706714856626215     
          22          25  0.15244991217242226     
          23          25   1.4181821926589322     
          13          26   1.1720260612125641     
          17          26   1.0061913770188338     
          10          27   1.2528278621382791     
          11          27  0.10616644781598716     
          12          27  0.16922327250240893     
          26          27   1.4795919990987472     
