           1           2   2.5943230771651096     
           2           3  0.89887799889249365     
           1           4  0.13763756158891774     
           3           4   1.6868547293361913     
           3           5   1.2092829494353194     
           5           6   1.2126067220576773     
           6           7   1.2247907303062997     
           7           8   1.7683179449301187     
           8           9   1.2766592484291970     
           9          10   1.2335392352139827     
          10          11   1.5967943374824152     
          11          12   1.5869515461073300     
          12          13   1.2592632265725712     
          11          14  0.14632542757253783     
          13          14   1.2851174438768871     
          14          15   1.2181680353661639     
          15          16   1.2603494217339088     
          16          17   1.6606420303052112     
          16          18  0.38608831842885283     
          17          18   1.6194858585776775     
          18          19   1.3462305958833545     
          19          20  0.99989067534199216     
          15          21   1.2870371977173418     
          16          21  0.15539740826669815     
          17          21  0.41520494941581459     
          18          21  0.15074553383928457     
          19          21   1.4193051269688457     
           9          22   1.1291511752474754     
          13          22   1.1801068851560523     
           6          23   1.3118373600005968     
           7          23  0.17459218100568263     
           8          23  0.19259996045554029     
          22          23   1.3593066024865021     
