   -0.07737258
    0.08251018
   -0.04617570
    0.13142772
    0.04050544
    0.03684243
    0.28446151
   -0.32584128
   -0.22480349
    0.19646821
   -0.14372197
    0.18213597
   -0.15075356
    0.18091611
   -0.15277725
    0.13978612
   -0.03892020
   -0.02696076
    0.19559878
   -0.15064751
    0.08998972
   -0.05746550
   -0.07076980
   -0.00723411
   -0.16534348
    0.12597037
    0.29309424
   -0.30857045
    0.02555251
   -0.01597759
   -0.03704810
    0.13958523
   -0.06465475
   -0.01931962
   -0.06048682
