           1           2   2.1978952344125231     
           1           3  0.11538379382263277     
           2           3   1.1068822029279990     
           3           4   1.0283339093400148     
           4           5   1.4994023699669030     
           5           6   1.3564429367178279     
           6           7   1.1841226365472919     
           7           8   1.6481598678619922     
           8           9   1.5806720023036389     
           9          10   1.0993816498287303     
          10          11   2.7932995275386188     
           9          12  0.98430395311023033     
           8          13  0.12700047767363892     
          12          13   1.6706800803899453     
          13          14   1.0925816729517404     
          14          15   1.2914855161013403     
          15          16   1.6678995034195663     
          16          17   1.3667031823535432     
          17          18  0.98140128448028663     
          18          19   1.1845904995362266     
          19          20   1.0889891701494179     
          20          21   1.5726172812813224     
          21          22   1.1936163208194865     
          22          23   1.3171794337356288     
          23          24   1.7127169482621754     
          23          25  0.14328090836306862     
          24          25   1.8205039050507144     
          23          26  0.39536847108908324     
          24          26  0.12438622777009148     
          25          26   1.6857460508771607     
          22          27   1.2045273173680953     
          24          27  0.10310868764730190     
          26          27   1.3701963199030540     
          20          28   1.1225959348447900     
          21          28  0.13967763207224543     
          27          28   1.1053531559027785     
          15          29  0.10825363150541401     
          17          29   1.2529341146525430     
          29          30   1.0056051624802083     
          14          31   1.3328242280727844     
          15          31  0.27578689586657967     
          16          31  0.19757765796785989     
          29          31   1.4419298576435950     
           6          32   1.1162796295466790     
          12          32   1.0308977322067550     
           5          33  0.43767900975983398     
          32          33   1.5212075830146212     
           4          34   1.1216100712694779     
          33          34   1.3469812447035536     
          34          35   1.2202202156540038     
          35          36   1.4052411790613144     
          35          37  0.15933759224970589     
          36          37   1.4181118526737795     
          36          38   1.0201568412963484     
          38          39   2.2909619480394974     
          39          40   1.3235212634424840     
          40          41  0.96278920243570798     
          38          42  0.16684374474016472     
          40          42  0.48358179020516728     
          41          42   1.3518643821469380     
          38          43  0.16685094380969950     
          40          43  0.50401551444664239     
          41          43   1.3492791691808921     
          42          43  0.51084406494701662     
