           1           2   2.5909011096118655     
           2           3  0.91107966300758925     
           1           4  0.26614258386071227     
           3           4   1.3520054657632665     
           3           5   1.5268691293302399     
           4           5  0.17517574264539210     
           5           6   1.1684184092057925     
           6           7   1.2480356523242659     
           7           8   1.7333901560808742     
           8           9   1.2949667568089467     
           9          10   1.1809465740344309     
          10          11   1.5562899871763429     
          11          12   1.7417016652058843     
          12          13   1.0875107543670541     
          11          14  0.16055982233079361     
          13          14   1.5974107150083081     
          14          15   1.0954476922291712     
          15          16   1.2919368296363694     
          16          17   1.6662107773267529     
          17          18   1.3763842400432003     
          18          19  0.99299148193896503     
          16          20  0.10913221184296872     
          18          20   1.2711181683948660     
          20          21   1.0050302688661732     
          15          22   1.3445285155261570     
          16          22  0.34693557989061186     
          17          22  0.14463575004512116     
          20          22   1.4328891282391600     
           9          23   1.1620292593836461     
          13          23   1.0544284097410550     
           6          24   1.2999825489274472     
           7          24  0.22025944969530376     
           8          24  0.18345224058283907     
          23          24   1.4487996311277449     
