           1           2   2.0344821837895073     
           2           3   1.1307989094330706     
           3           4   1.0663943752583833     
           4           5   1.4963239591329209     
           5           6   1.3705651430354602     
           6           7   1.1889593651810400     
           7           8   1.6391723945084264     
           8           9   1.5862013367700154     
           9          10   1.0995546194165295     
          10          11   2.7930016700075031     
           9          12  0.98066772767074673     
           8          13  0.11561899151594482     
          12          13   1.6818585685029814     
          13          14   1.0830800505495950     
          14          15   1.3083509024242719     
          15          16   1.6847747278213949     
          16          17   1.3649579333966173     
          17          18   1.0112348801531785     
          18          19   1.2020188652696726     
          19          20   1.7244797842364259     
          20          21   1.0526042651575331     
          21          22   1.3087154718715055     
          22          23   1.5751520399413563     
          21          24  0.10125749700082720     
          22          24  0.16362529002272982     
          23          24   1.6213260018444964     
          22          25  0.22376993020775898     
          24          25   1.6371410642825426     
          21          26   1.3108973869595588     
          23          26  0.21145922790914623     
          24          26  0.18226885029344495     
          25          26   1.5697911563246956     
          15          27  0.10457425736858669     
          17          27   1.2512359202087266     
          27          28   1.0015755794202188     
          14          29   1.3319201989013136     
          15          29  0.26188906672424339     
          16          29  0.19613295085400848     
          27          29   1.4400347014162385     
           6          30   1.1030565735690521     
          12          30   1.0243652861718242     
           5          31  0.44405568651692717     
          30          31   1.5457629205996357     
           4          32   1.0793530221997059     
          31          32   1.3137053605211788     
          32          33   1.3238472722478174     
          33          34   1.1800373709939942     
          34          35   1.6575851170970433     
          34          36  0.99004619241231662     
          36          37   2.2870208768413569     
          36          38  0.13867009126805732     
          37          38   1.3239055141682692     
          38          39   1.0677428747112545     
          39          40   1.2744593287059613     
          36          41  0.12410185267906106     
          38          41  0.40101669031589726     
          39          41   1.2894686948019161     
          40          41  0.55365394520036648     
