           1           2   1.4556417857038702     
           1           3  0.57350551669023209     
           2           3   1.4680335022247393     
           2           4  0.93439660002241032     
           4           5   1.7007457051889530     
           5           6   1.1214543388401457     
           6           7   1.5794131710792039     
           7           8   1.5745027364397974     
           8           9   1.0325537752196794     
           7          10  0.12062016170764775     
           9          10   1.5485557326696779     
           9          11   1.2289514162005117     
          11          12   1.2539517572682726     
          12          13   1.3175919516711307     
          13          14   1.6814364482002619     
          13          15  0.12254205298628605     
          14          15   1.8269113560530053     
          13          16  0.36651226267770198     
          14          16  0.11631903949881407     
          15          16   1.6393467140052915     
           8          17   1.1388381851178717     
          12          17   1.0999208692808355     
          16          17   1.3792526339539062     
           5          18  0.41138425323089195     
           6          18   1.0876223429627809     
          18          19   1.7259908005353897     
          19          20  0.90937758792511580     
          20          21   1.4725425604138913     
          20          22   1.4747962496888698     
          21          22  0.54019597614123327     
           4          23  0.96205277198322026     
          19          23  0.95905470148289929     
           5          24  0.12219097867770690     
          18          24  0.13315503250111618     
          23          24   1.7764409470504692     
