           1           2   1.4067351340365655     
           2           3   1.0578745844295137     
           1           4  0.20173781157043755     
           3           4   1.4610215483101672     
           3           5  0.29551446577878215     
           4           5   1.4959594141998900     
           5           6   1.5332305959686878     
           6           7  0.91089619533598043     
           7           8   1.6807667591500541     
           7           9   1.2235828793287562     
           8           9  0.10768657776935821     
           9          10   1.2390879700841655     
          10          11   1.2223597490923663     
           9          12  0.10853389572582006     
          11          12   1.7304977927765781     
          12          13   1.3100241664469985     
          13          14   1.0898184768184986     
          11          15  0.10884149127665059     
          14          15   1.6976896370342776     
          15          16   1.6229807111203232     
          16          17   1.1558497805605035     
          15          18  0.11642660704755324     
          16          18  0.10931298794015823     
          17          18   1.5761861903287371     
          18          19   1.0883621622848825     
          19          20   1.3209172629068615     
          20          21   1.6216131810624697     
          19          22  0.10129196794331533     
          20          22  0.38599350557548395     
          21          22   1.6303534962432888     
          20          23  0.10147268670023005     
          22          23   1.3662281967381618     
          23          24  0.99333369863659482     
          19          25   1.3567963667432530     
          20          25  0.15690366724426225     
          21          25  0.38644893873501363     
          22          25  0.15553046752516775     
          23          25   1.4148354844066728     
          13          26   1.1930575016124652     
          17          26   1.0286473897341042     
          10          27   1.2675301311377558     
          11          27  0.23259673502792669     
          12          27  0.13790556716699615     
          26          27   1.4491030204179163     
           1          28  0.11518390841813239     
           2          28   1.0926947081160889     
           3          28  0.13468749209297970     
           4          28  0.25999098858615372     
           5          28  0.18084812058208102     
           6          28   1.2311252704526043     
