           1           2   2.5668918491226087     
           2           3  0.92749186023522756     
           1           4  0.19638338808302641     
           3           4   1.6630655330267285     
           3           5   1.2013993651509303     
           4           5  0.10767383654313784     
           5           6   1.2796380498710420     
           6           7   1.2063256593558320     
           5           8  0.10938689161370756     
           7           8   1.7758115081298098     
           8           9   1.2912064060826636     
           9          10   1.1722909217684911     
           7          11  0.11346861545010531     
          10          11   1.5523877906430568     
          11          12   1.7680133459856497     
          12          13   1.1032307179161438     
          13          14   1.6224425601483259     
          14          15   1.1196433293527492     
          15          16   1.2653290603739527     
          16          17   1.6840326082317802     
          17          18   1.3747365722067073     
          18          19  0.99752549195861973     
          16          20  0.10298493291716142     
          18          20   1.2571073190278348     
          20          21   1.0095025166174920     
          15          22   1.3297883447654055     
          16          22  0.34541326264717187     
          17          22  0.15092621020844726     
          20          22   1.4401894527389267     
           9          23   1.1511297500864108     
          13          23   1.0112444777119971     
           6          24   1.2415829830726834     
           7          24  0.13937712424365051     
           8          24  0.17940783869347898     
          23          24   1.5042662996705973     
