   -0.09543262
    0.03008332
    0.11730313
    0.02692726
   -0.09861643
   -0.00038571
   -0.00353328
    0.07543847
   -0.13630475
    0.32822511
   -0.33034567
   -0.01335211
    0.00731177
    0.32077290
   -0.33491320
   -0.19886031
    0.19956531
   -0.04658977
    0.02492449
    0.19631325
   -0.16223886
    0.13516410
    0.02784818
   -0.01262817
    0.01754864
    0.11378553
   -0.05743230
   -0.08041124
   -0.15288779
    0.16227095
   -0.13071409
    0.13432973
    0.01712096
   -0.08028680
