           1           2   2.5599834578638143     
           2           3  0.91246800912870940     
           1           4  0.12258945646894261     
           3           4   1.6956133884751960     
           3           5   1.1900619746289032     
           5           6   1.2527492633964639     
           6           7   1.3606960892540854     
           7           8   1.5021487683843533     
           8           9   1.0295321168371989     
           9          10   1.6184694093812919     
          10          11   1.0885435097383591     
          11          12   1.3186674156573863     
          12          13   1.6285019702896739     
          12          14  0.39894219732966579     
          13          14   1.6306999390111709     
          12          15  0.10200451074694383     
          14          15   1.3651465746828493     
          15          16  0.99488021677864857     
          11          17   1.3503981156720630     
          12          17  0.15304744684923402     
          13          17  0.42401919646951941     
          14          17  0.15373430152382175     
          15          17   1.4165358444082570     
           9          18   1.0840347255005567     
          10          18  0.11251143842381647     
          10          19  0.18244054270090909     
          18          19   1.7585425491738436     
          19          20   1.5930894939264937     
           8          21   1.1444502647844179     
          20          21   1.1536294782987491     
           7          22  0.48554667183744971     
          21          22   1.3499539433615124     
           6          23   1.1191055336598537     
          22          23   1.5364577602690019     
          23          24   1.0028335682351479     
          24          25   1.2522251692291977     
          25          26   1.4753887750222268     
          24          27  0.13099671496600493     
          25          27  0.14739506660896889     
          26          27   1.7776206039981317     
          27          28   1.1385832769765087     
          28          29   1.1777254685545955     
          29          30   2.0407627141217839     
          27          31  0.10622574593691260     
          28          31   1.0772507704784051     
          28          32  0.11110176023138801     
          29          32  0.10342753113959234     
          30          32  0.13949005237452136     
          31          32   2.1084235659003268     
