           1           2   1.6309720128045357     
           2           3   1.0631674689373904     
           3           4   1.1945496146024499     
           4           5   2.2234430746258282     
           5           6  0.84253544870723684     
           6           7   1.6650261584500166     
           6           8   1.3751187669819240     
           7           8  0.27505002635306508     
           1           9  0.17929542869796081     
           3           9   1.3033217197026801     
           1          10  0.17507169177412502     
           9          10   1.5277577199770145     
           2          11   1.1097329490339911     
          10          11   1.2324612322868191     
          11          12   1.3204763965291746     
          12          13   1.8451075867088143     
          13          14  0.80997893554416633     
          12          15  0.12579039913810089     
          14          15   1.7340585244965550     
          12          16  0.13703736457292043     
          14          16   1.2433781737894607     
          15          16  0.15095363190321823     
          16          17   1.2287797542830816     
          17          18   1.3831654189527642     
          18          19   1.4160469279328418     
          19          20  0.99920686530509351     
          20          21   1.3482226721334563     
          21          22   1.5934708783055687     
          20          23  0.11992810936435444     
          21          23  0.18542758304029452     
          22          23   1.6317094895242850     
          21          24  0.20490480024840893     
          23          24   1.6221246984153255     
          20          25   1.3480194540939796     
          22          25  0.19934096680035474     
          23          25  0.17681788346678920     
          24          25   1.5969179756409340     
          18          26  0.13972440157947430     
          19          26   1.3040452223002612     
          18          27  0.26430215224379011     
          26          27   1.6165552044333864     
          13          28   1.0455812773699975     
          17          28   1.0968064216124693     
          27          28   1.4624417877308196     
