           1           2   1.6587088604630063     
           1           3  0.11360552385939678     
           2           3  0.97650024119277501     
           3           4   2.2593059509599738     
           3           5  0.22158173687416333     
           4           5   1.3729238577341354     
           5           6   1.0178266467758059     
           6           7   1.1956606292309502     
           7           8   1.3411186345227137     
           7           9  0.22775549797301417     
           8           9   1.5429825998531639     
           7          10  0.24674851111670063     
           8          10  0.20242825263856615     
           9          10   1.5351925497322458     
           6          11   1.2042693343769664     
           7          11  0.16083674554053029     
           8          11  0.25332017211154456     
           9          11  0.21894976637150437     
          10          11   1.3364191919327606     
           2          12   1.2005850887798910     
          12          13   1.2586760485480255     
          13          14   1.2068486080393774     
          12          15  0.11979191129974087     
          14          15   1.7699457127738867     
          15          16   1.2640145598955741     
          16          17   1.2375213785539982     
          14          18  0.15347585320995522     
          17          18   1.5869931785982776     
          18          19   1.5896290192410631     
          19          20   1.2187029268868756     
          18          21  0.14850787858977063     
          20          21   1.3405495357948087     
          21          22   1.1860705796020967     
          22          23   1.2772180956942643     
          23          24   1.6302315294633893     
          23          25  0.39718704621389855     
          24          25   1.6183947869084478     
          25          26   1.3597902404575892     
          26          27  0.99455461434743075     
          22          28   1.3132777673537954     
          23          28  0.15870508787717838     
          24          28  0.39239660890908085     
          25          28  0.14658191065522302     
          26          28   1.4265625217619506     
          16          29   1.1307888273215696     
          20          29   1.1655629687460451     
          13          30   1.2825629506998277     
          14          30  0.21136968303369691     
          15          30  0.14908167957263282     
          29          30   1.3962903836078555     
