           1           2   2.5564857052882877     
           2           3  0.94192668253200706     
           1           4  0.13394051054936479     
           3           4   1.6952327118399069     
           3           5   1.1263766697644224     
           5           6   1.4717528984307546     
           5           7  0.11433660539653287     
           6           7   1.3122050011346702     
           7           8   1.3422145845796314     
           8           9  0.95889536663680164     
           9          10   1.5901274463958781     
          10          11   1.1248038757333187     
          11          12   1.2643250765425398     
          12          13   1.6935792026584016     
          13          14   1.3707020220666406     
          14          15   1.0007452040758351     
          12          16  0.10290530039798522     
          14          16   1.2596166544798044     
          16          17   1.0102567776667792     
          11          18   1.3266923753150976     
          12          18  0.32338367137981017     
          13          18  0.16003985122052167     
          16          18   1.4415365748583346     
           9          19   1.1948747346498416     
          10          19  0.15195600775204615     
          10          20  0.10087525965240379     
          19          20   1.6182205201925763     
          20          21   1.6714065225127528     
           8          22   1.3117684366596822     
          21          22   1.1113358989748485     
           7          23  0.21133624246706401     
          22          23   1.2358431721563079     
           6          24  0.92774534828029909     
          23          24   1.6423380122882343     
          24          25   1.0325229994386524     
          25          26   1.5328659906580491     
