           1           2   2.5467514273001282     
           2           3  0.92736557683528797     
           1           4  0.11900300604463881     
           3           4   1.6958134091708437     
           3           5   1.1768564811344933     
           5           6   1.2871741530746568     
           6           7   1.3721103364007809     
           7           8   1.4667425000525878     
           8           9   1.1474488310714168     
           9          10   1.3587724070461842     
          10          11   1.2114474708790093     
          11          12   1.2470377354595148     
          12          13   1.7814730571821924     
          13          14   1.3632323016090651     
          14          15  0.99997350623147252     
          12          16  0.10015474288208251     
          14          16   1.2631377233968304     
          16          17   1.0033746088307471     
          11          18   1.2773242183326472     
          12          18  0.31076275297632239     
          13          18  0.14634602403902991     
          16          18   1.4555146620255153     
           9          19   1.2085159795895428     
          10          20  0.21865995407058886     
          19          20   1.6337656523833766     
          20          21   1.5762504652452638     
           8          22   1.0748581647963418     
          21          22   1.2438194079085911     
           7          23  0.47555219452277753     
          22          23   1.3572574841201668     
           6          24   1.0598218351396003     
          23          24   1.4880974246978189     
          24          25   1.0851723490392506     
          25          26   1.1142466502540842     
          26          27   1.6983262812619455     
          26          28  0.24241331865452045     
          27          28   1.6406072115667236     
          28          29   1.1780265886071750     
          28          30  0.14757299879991370     
          29          30   1.0694129813074813     
          30          31   1.3452683298271404     
          31          32   1.1741317045114745     
          32          33   1.1309480150069429     
          29          34   1.0738668777083453     
          30          34  0.14209011346673983     
          33          34   1.5787444023398469     
