           1           2   1.5874622915241501     
           1           3  0.19990857663815353     
           2           3   2.2987790687331557     
           3           4   1.0534713305927117     
           1           5  0.11762547006576439     
           3           5  0.10918518413727649     
           4           5   1.6151254277722229     
           1           6  0.17654222706777076     
           4           6   1.1937315424516151     
           5           6  0.14708736892773200     
           6           7   1.2610879157179748     
           7           8   1.2161441416369885     
           6           9  0.13439965901480300     
           8           9   1.7444568250518881     
           9          10   1.3150991439010733     
          10          11   1.0897822706053704     
           8          12  0.10756371226330981     
          11          12   1.6982272919678263     
          12          13   1.6244502835713512     
          13          14   1.1546845941470723     
          12          15  0.11664859366925850     
          13          15  0.11349198166353246     
          14          15   1.5797525307083937     
          15          16   1.0894114769348664     
          16          17   1.3216913756246684     
          17          18   1.6234631643739188     
          16          19  0.10118758655588213     
          17          19  0.38534752208936629     
          18          19   1.6292696667823265     
          17          20  0.10142038655293470     
          19          20   1.3661986061196931     
          20          21  0.99395283015173430     
          16          22   1.3553505048877919     
          17          22  0.15503871337874311     
          18          22  0.38081617999192813     
          19          22  0.15605962496181019     
          20          22   1.4146874272037586     
          10          23   1.1953995329946503     
          14          23   1.0269825195105200     
           7          24   1.2627380465596847     
           8          24  0.24464683268246731     
           9          24  0.19531938159864645     
          23          24   1.4529977106994476     
