           1           2   2.6185422946207044     
           2           3  0.88342522383313293     
           1           4  0.13893555536446198     
           3           4   1.6808115513749524     
           1           5  0.12398702185666642     
           3           5   1.2300884036022626     
           4           5  0.11441256547842268     
           5           6   1.1706754459026432     
           6           7   1.2413973535716332     
           7           8   1.7397550223089040     
           8           9   1.3106327557047535     
           9          10   1.1688958145531441     
          10          11   1.3320317642795325     
          11          12   1.1858389096582829     
          12          13   1.2763642890011515     
          13          14   1.6292248321960308     
          13          15  0.39229996769519704     
          14          15   1.6181755421620643     
          15          16   1.3594353354650097     
          16          17  0.99562175623311644     
          12          18   1.3110672910095174     
          13          18  0.15669439759349876     
          14          18  0.37723041648989442     
          15          18  0.15075877301335802     
          16          18   1.4267616854551703     
          10          19   1.2079861037686739     
          11          19  0.10714998041764805     
          11          20  0.20532158342051057     
          19          20   1.5923688221417593     
          20          21   1.6218941699962166     
           9          22   1.1362014493574548     
          21          22   1.1978268852920186     
           6          23   1.3442372740603530     
           7          23  0.17652746996758981     
           8          23  0.22634713531535611     
          22          23   1.3452307826575078     
