   -0.16562422
    0.13133409
    0.02895400
    0.03928111
    0.09015445
   -0.00627496
   -0.01828141
    0.22952346
   -0.27579580
    0.21881649
   -0.25526366
   -0.07059344
    0.32019966
   -0.33305437
   -0.13239199
    0.06514753
    0.08886719
    0.03212924
   -0.00843599
    0.03136886
    0.09009094
    0.06331026
   -0.12762860
    0.32482736
   -0.30965511
    0.02986818
    0.13211892
   -0.11526414
    0.04552074
    0.08470581
   -0.01190161
   -0.03302907
    0.25128756
   -0.22907811
    0.20187688
   -0.28727545
   -0.05688064
   -0.06295418
