   -0.08411834
    0.15193050
   -0.15207783
    0.16463510
   -0.16002998
    0.19245400
   -0.15966629
    0.14468722
   -0.03795216
   -0.07512452
    0.17358129
   -0.12064979
    0.05013239
    0.07306171
    0.02995054
   -0.01463161
    0.00477971
    0.20619281
   -0.15768885
   -0.08409829
    0.08925529
   -0.05893996
   -0.07850136
    0.04736583
   -0.04998781
    0.15768495
   -0.18027254
    0.30358003
   -0.30823452
   -0.11917189
    0.08097745
   -0.00370913
    0.09031640
   -0.01720098
    0.04131648
   -0.12233047
    0.03602766
   -0.05354304
