           1           2   2.7767236505281323     
           2           3   1.1069351239411873     
           3           4   1.5607576226319693     
           4           5   1.6237823707822938     
           5           6   1.1984531449810136     
           6           7   1.2680299349205051     
           4           8  0.14782040136455871     
           7           8   1.7962897691379407     
           8           9   1.2082884217941907     
           7          10  0.10874769831892078     
           9          10   1.2963655563723679     
          10          11   1.1800617401780418     
          11          12   1.6556061008720557     
          11          13   1.0270907892364021     
          13          14   2.5256714587784534     
          13          15  0.10416957359501798     
          14          15   1.2749738189666207     
          15          16   1.1930970578164122     
          15          17  0.18457605808865177     
          16          17   1.0584652410801685     
          17          18   1.6596920770395598     
          17          19  0.14549817526129646     
          18          19   1.2084918091553729     
          19          20   1.1132323287940438     
          16          21   1.0974554966257142     
          19          21  0.14805658544383962     
          20          21   1.8531777301603667     
           7          22  0.15985460388997760     
           8          22  0.20165962448567129     
           9          22   1.2371009646111422     
           6          23   1.1578221833097677     
          22          23   1.4647359344118549     
           3          24  0.97980390527230909     
          23          24   1.0688084000386773     
           4          25  0.12723989413213799     
          24          25   1.6522026109815475     
          25          26   1.1016041073442429     
          26          27   1.3117983095798549     
          27          28   1.6194084106994708     
          27          29  0.39350350732138112     
          28          29   1.6433495625444625     
          27          30  0.10150985630176956     
          29          30   1.3677458248628207     
          30          31  0.99290691156859423     
          26          32   1.3524505075289071     
          27          32  0.16165127399317231     
          28          32  0.43088101264746603     
          29          32  0.14514132882913747     
          30          32   1.4142309922273011     
