   -0.09046141
    0.09495440
   -0.12633052
    0.15563891
   -0.06720965
    0.11449931
   -0.12521067
    0.09260150
    0.02602770
    0.12580838
   -0.17311637
    0.13548796
   -0.10899787
    0.13524625
   -0.03690504
   -0.06627197
    0.16882432
   -0.12395411
    0.06204976
    0.07602225
   -0.02446408
    0.02606612
    0.04776878
    0.00125288
   -0.01390941
    0.08794318
   -0.06919241
   -0.10411319
    0.00967179
   -0.07475126
    0.10042691
   -0.16464067
    0.29136312
   -0.39476500
   -0.02092575
    0.05247142
   -0.02703287
    0.17025173
   -0.09448250
   -0.06764190
