           1           2   2.8030078651357999     
           2           3   1.0714118275060827     
           1           4  0.14494617043779570     
           3           4   1.8352969709193754     
           4           5   1.1968200099927615     
           5           6   1.5340294064482138     
           6           7   1.0751664044783733     
           7           8   1.8472521655543901     
           7           9  0.86610777555180452     
           6          10  0.10740577958445870     
           9          10   1.6076991316777107     
           4          11  0.17567304809515225     
           6          11  0.16759571820894686     
           9          11   1.0951572898465716     
           5          12   1.0492330922016067     
           6          12  0.18617019257084902     
           9          12  0.11418908358376924     
          10          12  0.20601220194378184     
          11          12   2.0549046905913126     
           3          13  0.86307598751405212     
          13          14   1.7738278615834540     
          13          15   1.1256164719779165     
          14          15  0.11210234409892794     
          15          16   1.0855490329861428     
          16          17   1.3874643910402775     
          17          18   1.1404965505053370     
          18          19   1.1230568453059024     
          18          20  0.10818325630889611     
          19          20   1.7779643327663959     
          19          21  0.86787850737732564     
          21          22   1.0666501211140975     
          22          23   2.8029010669885959     
          20          24  0.10299046251290993     
          21          24   1.8207335574600807     
          23          24  0.14406869204759420     
          24          25   1.1939433203610887     
          24          26  0.11964226978062167     
          25          26   1.1705425513655014     
          26          27   1.7508437407250312     
          27          28   1.2488073567519560     
          26          29  0.17906226542428064     
          28          29   1.5819469267129067     
          28          30  0.96588457556333185     
          27          31  0.10995498568650185     
          29          31  0.14056761854551555     
          30          31   1.5524978921533319     
          25          32   1.3844808104047754     
          26          32  0.27532825657699733     
          27          32  0.26603398728565780     
          30          32   1.2537597022215685     
          17          33  0.18054656486074439     
          18          33   1.0657486780240957     
          15          34   1.1140996152346299     
          16          34  0.16882937851155383     
          17          34  0.10414724198909886     
          33          34   1.4915300387704780     
