           1           2   1.6485728255811158     
           2           3   1.0260476640411700     
           3           4   2.5014937822859000     
           4           5   1.2820200050408195     
           5           6   1.1179612844442126     
           6           7   1.0811243918021314     
           5           8  0.19656605221913578     
           7           8   1.4728230269416014     
           8           9   1.1531577133877644     
           5          10  0.16358312013225598     
           6          10  0.11161930072428357     
           9          10   1.1653355363664184     
           5          11  0.21367589696107697     
           6          11   1.1199092766171894     
           7          11  0.17875849368287924     
          10          11   1.3624213895006321     
           1          12  0.10264386103204250     
           2          12   1.1801964271003182     
          12          13   1.3094846547870926     
          13          14   1.1960852305214149     
          14          15   1.8236192854697981     
          15          16   1.2968487775508555     
          16          17   1.1707702548258019     
          14          18  0.12890720405494685     
          17          18   1.5553369551865603     
          18          19   1.7780003098972372     
          19          20   1.0996770781156877     
          20          21   1.6286639445386832     
          21          22   1.1031485526458245     
          22          23   1.3192789819643933     
          23          24   1.6301008312845331     
          23          25  0.38955695957425268     
          24          25   1.6352346292659403     
          25          26   1.3642445930452467     
          26          27  0.99309604212297509     
          22          28   1.3407749430115004     
          23          28  0.15434062878214422     
          24          28  0.37498068951584429     
          25          28  0.15518594940490948     
          26          28   1.4166032053397923     
          16          29   1.1501543554843614     
          20          29   1.0131120048132034     
          13          30   1.2346244800377733     
          14          30  0.13919471183418100     
          15          30  0.18413375492719880     
          29          30   1.4968844792054306     
