           1           2   1.5944814950058002     
           2           3   1.2459976279484548     
           3           4   1.2081693996408573     
           4           5   2.1825126204203649     
           5           6  0.83977299605498701     
           5           7  0.10863403609909467     
           6           7   1.6621222356537537     
           6           8   1.3843685563938066     
           7           8  0.25754688571299283     
           3           9   1.0493341902654425     
           9          10   1.6043431733022329     
          10          11   1.5992629296957934     
          11          12  0.86883839411508079     
          12          13   1.5255572772087380     
          12          14   1.4093877628275633     
          13          14  0.15168251396283833     
          14          15   1.1707600632325628     
          15          16   1.3581515601421676     
          16          17   1.7336990653872106     
          16          18  0.25687021721047965     
          17          18   1.6350615515628726     
          18          19   1.2317725937496868     
          16          20  0.10861813519515781     
          17          20  0.10985432364895940     
          18          20  0.10887379110916363     
          19          20   1.3585927854942530     
          11          21   1.0626992408258848     
          15          21   1.1944768907985435     
          17          21  0.10971170267792864     
          19          21   1.2125847413725326     
           1          22  0.15416719930559727     
           9          22   1.0702453830952989     
           1          23  0.13294972526354948     
           2          23  0.99515226493672804     
          10          23  0.11102450189670354     
          22          23   1.8314450309638886     
