           1           2   1.3408594819813753     
           1           3  0.46530142745560549     
           2           3   1.3309394699776664     
           1           4  0.26172892583462859     
           2           4  0.97993518048413819     
           3           4  0.31156415128200210     
           4           5   1.6921732890618497     
           4           6  0.11526860351555362     
           5           6   1.5540898974722404     
           4           7  0.11330165275886343     
           6           7   1.6771522032989667     
           7           8   1.1461096099585213     
           7           9  0.10468615933967249     
           8           9   1.6787462646356741     
           8          10   1.0039474977996212     
          10          11   2.5419430764422235     
          11          12  0.98503850528736703     
          12          13   1.6687150323412800     
          12          14   1.1900129623042377     
          14          15   1.2648895259352180     
          15          16   1.3168499239970974     
          16          17   1.4342396056622460     
          17          18   1.1342735812955236     
          18          19   1.3716793354743944     
          19          20   1.1765226398339956     
          20          21   1.2794788336563740     
          21          22   1.6286113822864055     
          21          23  0.39907421282848266     
          22          23   1.6192534806967005     
          23          24   1.3603323765410729     
          24          25  0.99583604932049707     
          20          26   1.3186708202366979     
          21          26  0.15737002014390597     
          22          26  0.38629776547446881     
          23          26  0.14921236597329005     
          24          26   1.4255916574790137     
          18          27   1.2190742047122185     
          19          27  0.10303101784544473     
          19          28  0.19800248975747026     
          27          28   1.5890351075960836     
          28          29   1.6106950732937964     
          17          30   1.1288666619038634     
          29          30   1.2196701736101554     
          16          31  0.36543032195759234     
          30          31   1.2956922887196551     
          15          32   1.1937326730412217     
          31          32   1.7429019323668078     
