           1           2   2.5731596717398366     
           2           3  0.93273606335426928     
           1           4  0.20866504097420238     
           3           4   1.6907007605391871     
           3           5   1.1518593414586569     
           5           6   1.4689956126153081     
           6           7   1.0968575370425129     
           7           8   1.6870563703700259     
           8           9  0.99375816059069588     
           9          10   1.6144480317013665     
          10          11   1.0915971824134814     
          11          12   1.2991109932957066     
          12          13   1.6837695169243221     
          13          14   1.3780753522741565     
          14          15  0.99099967609354145     
          12          16  0.11145563303715063     
          14          16   1.2824811426263365     
          16          17   1.0025137421597787     
          11          18   1.3416214831309610     
          12          18  0.35757588105937216     
          13          18  0.14954701791549663     
          16          18   1.4350443489623617     
           9          19   1.1502597099438838     
          10          19  0.12233202167147361     
          10          20  0.18196654925348044     
          19          20   1.6396508407120749     
          20          21   1.6659666625861234     
           8          22   1.0221280997993361     
          21          22   1.1658219878413172     
           7          23  0.36283754409752739     
          22          23   1.4061166949713475     
           6          24   1.1878221456798728     
          23          24   1.6659950131077341     
