   -0.09275120
    0.10873127
   -0.10970878
    0.16209422
   -0.07797857
    0.12050073
   -0.10307552
    0.06276674
    0.03977424
    0.12554247
   -0.17230048
    0.13069095
   -0.14935301
    0.13377802
   -0.06426873
   -0.04250722
    0.16712725
   -0.16308722
    0.04985259
    0.04405293
   -0.03609643
    0.03830127
    0.03232211
   -0.04335970
    0.11369235
   -0.06013645
    0.08784251
   -0.07975807
   -0.06213439
    0.01912862
   -0.05823091
    0.11716159
   -0.19685417
    0.29968625
   -0.39959895
    0.02347954
    0.01805283
    0.00092123
    0.19361356
   -0.08670749
   -0.09120598
