           1           2   2.7911360926702522     
           2           3   1.0520330009262429     
           1           4  0.15246868967512603     
           3           4   1.7644866241658137     
           4           5   1.2180625600311223     
           5           6   1.5289941687239061     
           6           7   1.1577376055557254     
           6           8  0.10281009636472377     
           7           8   1.6716132236496468     
           7           9  0.87130135290675537     
           9          10   1.8458024447177470     
           4          11  0.20750707499522411     
           6          11  0.24667916949264190     
           9          11   1.0291059575203327     
           4          12  0.18253200861976593     
           5          12   1.0268140699668880     
           6          12  0.26459857503305739     
          10          12  0.14837917682714918     
          11          12   2.0094888104203594     
           3          13  0.93458280101417446     
          13          14   1.6896432496435108     
          13          15   1.1915203544374799     
          14          15  0.13035744703582755     
          15          16   1.4393702777059778     
          16          17   1.1009849998601602     
          17          18   1.4577601054839577     
          17          19  0.26701627777343762     
          18          19   1.4406311369317617     
          15          20  0.11422750104476728     
          17          20  0.17123565681399763     
          18          20  0.14253305912507072     
          19          20   1.4756159748056854     
          16          21   1.0645511579746612     
          17          21  0.11844742090613733     
          18          21  0.30799728155264122     
          19          21  0.18846261210519594     
          20          21   1.5860208645491336     
