           1           2   2.1727351673567377     
           1           3  0.11478594419568891     
           2           3   1.1245812872108671     
           3           4   1.1082020134720878     
           4           5   1.4631576404364688     
           5           6   1.3920705000769500     
           6           7   1.2387729067790452     
           7           8   1.6764998223251126     
           8           9   1.3993285807363447     
           9          10   1.0803937668846635     
          10          11   2.8145977415403647     
           9          12   1.2180626474006158     
           8          13  0.25289227607232417     
          12          13   1.2968949718982361     
          13          14   1.2098807206048168     
          14          15   1.2746204166028146     
          15          16   1.4431300169390351     
          16          17   1.0048938212157370     
          16          18   1.2804520002096518     
          18          19  0.99435287503346548     
          19          20   1.0832787911565456     
          20          21   1.0532496396020288     
          21          22   1.3263024958395928     
          22          23   1.6738229645284410     
          21          24  0.11789038333585271     
          22          24  0.18828240420041092     
          23          24   1.5972020547046002     
          22          25  0.22775720153681012     
          24          25   1.5917744267468712     
          21          26   1.3264722839475391     
          23          26  0.24020386940353078     
          24          26  0.18824669184964637     
          25          26   1.6668389853258296     
          18          27   1.2734838427419115     
          27          28   1.0171276554076891     
          14          29   1.3018800616077630     
          15          29  0.49812184700103906     
          27          29   1.4533364387313248     
           6          30   1.0620722582035482     
          12          30   1.1667068421568614     
           5          31  0.48979448495740791     
          30          31   1.4596356377774602     
           4          32   1.0579652974498093     
          31          32   1.3732907405174970     
          32          33   1.2897738923658406     
          33          34   1.1860986498135710     
          34          35   1.6670977731124470     
          34          36  0.98556671864930179     
          36          37   2.2730976821775553     
          37          38   1.3522868671225863     
          38          39  0.95981400403645378     
          36          40  0.15840299140065472     
          38          40  0.46386320156900629     
          39          40   1.3568070637074872     
          36          41  0.14885177195676305     
          38          41  0.47057504687267249     
          39          41   1.3582961506401501     
          40          41  0.50969234094716953     
