           1           2   1.7108076107985302     
           2           3   1.0411203815396628     
           3           4   2.4032223642999191     
           4           5   1.2025986213884325     
           5           6   1.4249806612876241     
           6           7   2.0003075573735831     
           7           8   1.4752641513769513     
           8           9   1.0529450594948866     
           9          10   1.3101526559902243     
          10          11   1.7992383920301762     
          11          12   1.3527248160133136     
          12          13   1.0539671937418762     
          10          14  0.10072280060366115     
          13          14   1.7243055912998830     
          14          15   1.6426836075984754     
          15          16   1.1915206383370966     
          15          17  0.11551261389557285     
          16          17   1.5620730071709290     
          17          18   1.1385883187395600     
          18          19   1.2608896566648979     
          19          20   1.7055830741159654     
          20          21   1.3512591808659160     
          21          22   1.0340070717133518     
          22          23   1.2649013519366630     
          23          24   1.1032691962836931     
          24          25   1.3201087608630995     
          25          26   1.6793709774335821     
          23          27  0.12692347937240867     
          24          27  0.10494943813279557     
          25          27  0.34148215811242594     
          26          27   1.6123223730363492     
          25          28  0.10215730502463355     
          27          28   1.3563989754409278     
          28          29  0.99719912931704335     
          24          30   1.3477715467012701     
          25          30  0.16417693461489474     
          26          30  0.41188185330632843     
          27          30  0.15420810410429889     
          28          30   1.3800010733311265     
          21          31   1.2421311635242571     
          31          32   1.0039457749051306     
          18          33   1.3158241734988836     
          19          33  0.29307941795227516     
          20          33  0.16307595122691906     
          31          33   1.4489881123964345     
          10          34  0.10538669147429158     
          12          34   1.2031056734412398     
          16          34  0.99966646762838673     
           9          35   1.3683639478487675     
          10          35  0.12013667785300661     
          11          35  0.19169649885650614     
          34          35   1.4458185535523880     
           5          36   1.0982763354311789     
           6          36  0.13058739389393934     
           7          36  0.11880898576800827     
           8          36   1.1471480144332222     
           2          37   1.0958919319183540     
          37          38   1.6265988226692523     
