   -0.06895322
    0.08007720
   -0.01583346
    0.08512216
    0.29480033
   -0.32977715
    0.03685377
   -0.01976930
   -0.02353408
    0.13665473
   -0.06243756
   -0.03768421
   -0.03222413
   -0.14476894
    0.12474264
    0.01605634
    0.03064183
    0.30993006
   -0.26520100
   -0.21513647
    0.19407155
   -0.15369823
    0.16357085
   -0.16640939
    0.18612760
   -0.16063919
    0.14005888
   -0.03238977
   -0.03414741
    0.19338435
   -0.15539618
    0.08904401
   -0.06927213
   -0.07455975
   -0.01930472
