           1           2   1.6614734393753072     
           1           3  0.15169822065377989     
           2           3   1.1369801921722715     
           3           4   1.4666882488790980     
           4           5   1.0285214759139312     
           5           6   1.7384305339604582     
           5           7   1.0546317802424081     
           6           7  0.10059201293133672     
           7           8   1.0614025613820461     
           8           9   1.5119502991507519     
           9          10  0.97109007058084784     
           8          11  0.16203146405707952     
           9          11  0.22620992246833269     
          10          11   1.5557676590548137     
           8          12  0.20427159524081256     
           9          12  0.11205600108725677     
          10          12  0.96452398833780606     
          11          12  0.23006914062353423     
           7          13   1.0739917932480669     
           8          13  0.25275786221984503     
           9          13  0.21465046113058492     
          11          13  0.16193951768872492     
          12          13   1.4702960977366002     
           1          14  0.16988398662325560     
           3          14  0.14208031987051997     
           4          14   1.1921634280630882     
           1          15  0.10664818285449035     
           2          15   1.0781344265781654     
          14          15   1.3454457860678610     
          15          16   1.2449998370787687     
          16          17   1.7971502988025425     
          17          18  0.78842523106239049     
          16          19  0.16730824926557114     
          18          19   1.7382596993379114     
          16          20  0.21679440203102074     
          18          20   1.2704461856281446     
          19          20  0.17309339417595943     
          20          21   1.2321756436980713     
          21          22   1.2663138036417612     
          22          23   1.5587283661654683     
          23          24   1.6609288825804629     
          24          25   1.1669246353451415     
          23          26  0.19512446751945003     
          25          26   1.2914342371306280     
          26          27   1.2428610274571426     
          27          28   1.2239643893527161     
          28          29   1.7753369831549120     
          29          30   1.3583563417184488     
          30          31   1.0039144958984276     
          30          32   1.2490732219876626     
          32          33   1.0050239913941637     
          27          34   1.2707183089519842     
          28          34  0.31985947380832563     
          29          34  0.15209741240451494     
          32          34   1.4585441591613451     
          17          35   1.0908961392021508     
          21          35   1.2190990860493369     
          25          35   1.2841837317488505     
