           1           2   2.5261908273906863     
           2           3  0.98665257820976060     
           1           4  0.13345399799800309     
           3           4   1.7262708026347378     
           3           5   1.0615997383050308     
           4           5  0.10720545938663281     
           1           6  0.18563463251879875     
           5           6   1.0892477862341594     
           6           7   1.5021989291919251     
           6           8  0.11603263180229550     
           7           8   1.8066137999977157     
           8           9   1.1644180481607935     
           9          10   1.1298063456991951     
          10          11   1.4339146482550862     
          11          12   1.1350968836589519     
           8          13  0.11892301658969232     
          10          13  0.20452866371486328     
          11          13  0.19417756483222109     
          12          13   1.1344707349902741     
           9          14   1.1217266075060990     
          10          14  0.17469311051628381     
          11          14  0.23020674091404042     
          13          14   1.4161785949960486     
           5          15   1.0591569646640140     
          15          16   1.4007564720018357     
          16          17   1.4647668323744099     
          17          18   1.0283316477975295     
          18          19   1.6170648959455738     
          19          20   1.0863034023233560     
          20          21   1.3188871895861034     
          21          22   1.6283800009953435     
          21          23  0.39884089007983986     
          22          23   1.6319995127451437     
          21          24  0.10241694164236544     
          23          24   1.3660238555789164     
          24          25  0.99403781930060164     
          20          26   1.3517968548160719     
          21          26  0.15319322001272676     
          22          26  0.43848351265037860     
          23          26  0.15247585939077868     
          24          26   1.4158906911437839     
          18          27   1.0901074958753254     
          19          27  0.12339833902372728     
          19          28  0.17557599753599668     
          27          28   1.7393322786635295     
          27          29  0.10124669035165218     
          28          29   1.6076582105473074     
          17          30   1.1803275397899067     
          29          30   1.1440438561592194     
          16          31  0.45693840912782629     
          30          31   1.3521288653557770     
          15          32   1.2511485175309132     
          16          32  0.11118104119011586     
          31          32   1.6870083976915704     
