           1           2   2.5897463626539277     
           2           3  0.91589101953280527     
           1           4  0.22864855762912645     
           3           4   1.6429209559863929     
           1           5  0.14635468977658597     
           3           5   1.2336466463435165     
           4           5  0.14867265752243602     
           5           6   1.2285664188130911     
           6           7   1.2304584213002361     
           7           8   1.6481803669406916     
           8           9   1.2956336037556055     
           9          10   1.2526546464285206     
          10          11   1.6687423104431141     
          11          12   1.4104392271474966     
          12          13   1.0794426648030024     
          13          14   2.8191300177215326     
          12          15   1.2101259834072327     
          11          16  0.19857662963866426     
          15          16   1.2792318814526615     
          16          17   1.2159704679080161     
          17          18   1.2671054936409742     
          18          19   1.6595984255594107     
          18          20  0.37310746300739328     
          19          20   1.6247572324314903     
          20          21   1.3587598062322601     
          21          22  0.99633323257331829     
          17          23   1.2827739700105449     
          18          23  0.15331259615073356     
          19          23  0.40930287832381063     
          20          23  0.15573544135350692     
          21          23   1.4234866119593159     
           9          24   1.1246125325436303     
          15          24   1.1916016238646070     
           6          25   1.3405181536116022     
           7          25  0.31823036001483107     
           8          25  0.21906465783802079     
          24          25   1.3885854226720984     
