           1           2   1.5380009240881345     
           1           3  0.15068876474839199     
           2           3   1.0488105044534983     
           1           4  0.38443999336824858     
           3           4   1.6594048936479986     
           4           5   1.0517497785923542     
           3           6  0.27351695097883572     
           4           6  0.11720839200800906     
           5           6   1.4565095971362605     
           4           7  0.11275937917507087     
           5           7   1.0361502854102871     
           6           7  0.21110037945491897     
           7           8   1.2964320564854122     
           7           9  0.13232282501078474     
           8           9   2.2996100595421010     
           9          10  0.97400697851907747     
           7          11  0.12013939895285235     
           9          11  0.11321002512160995     
          10          11   1.3873250841931977     
          10          12   1.4893338405232552     
          11          12  0.17805804006671505     
          12          13   1.1792725919739231     
          13          14   1.2401284303223883     
          14          15   1.7423612716168839     
          15          16   1.3012467955698210     
          16          17   1.1621793696422540     
          14          18  0.11465466173528496     
          17          18   1.5862448364019714     
          18          19   1.7291527688909514     
          19          20   1.0904108893887057     
          18          21  0.13186867187913590     
          20          21   1.5910447293118217     
          21          22   1.0899566052922898     
          22          23   1.3190842436858652     
          23          24   1.6197517891267292     
          22          25  0.10047763751811488     
          23          25  0.39234263173846068     
          24          25   1.6334204236259948     
          23          26  0.10111891451782438     
          25          26   1.3648320399878113     
          26          27  0.99638335744925810     
          22          28   1.3579550227671418     
          23          28  0.15763949386468651     
          24          28  0.37591507725979451     
          25          28  0.15178613969083052     
          26          28   1.4153197391280270     
          16          29   1.1719600991866272     
          20          29   1.0556948165757418     
          13          30   1.2995326450290503     
          14          30  0.23154486416679720     
          15          30  0.17025269293364409     
          29          30   1.4390674821116896     
