           1           2   1.5372157010395340     
           2           3   1.0233841772966155     
           1           4  0.17198889936286335     
           3           4   1.4436636820081830     
           4           5   1.3797228238368608     
           5           6   1.1692749164026139     
           6           7   1.6652074035491622     
           7           8   1.5660899011663494     
           8           9   1.0970604012615905     
           9          10   2.7971912143836315     
           8          11  0.99461065243181346     
           7          12  0.13028050408355188     
          11          12   1.6621070923362644     
          12          13   1.1023540439326400     
          13          14   1.2867224224672584     
          14          15   1.6704424333745118     
          15          16   1.3817330343829941     
          16          17   1.0003117311988483     
          14          18  0.10374853168001907     
          16          18   1.2584904791490799     
          18          19   1.0093291485926554     
          13          20   1.3241899886123896     
          14          20  0.32512920767166242     
          15          20  0.17370851025395881     
          18          20   1.4336998504647844     
           5          21   1.1290789154251066     
          11          21   1.0293991269390594     
           1          22  0.10253895137267967     
           4          22  0.34099151648806714     
          21          22   1.5022909661788928     
           3          23   1.1244547351204446     
          22          23   1.3813904829889641     
          23          24   1.1862335705869413     
          24          25   1.4729387367537958     
          24          26  0.19365886533756360     
          25          26   1.4177844653652689     
          25          27  0.95289426207686134     
          27          28   2.4533384168131933     
          28          29   1.0842935248647327     
          27          30  0.16888293092385340     
          29          30   1.7084031707067586     
          29          31  0.95374610505507829     
          31          32   1.1468984644468012     
          30          33  0.10347811006558093     
          32          33   1.4567205274936679     
          33          34   1.1507956543715576     
          34          35   1.1668678785467939     
          31          36   1.1438951557977668     
          32          36  0.15403829468147656     
          35          36   1.3110874159146351     
