           1           2   1.6503243427593361     
           2           3   1.0206166642845576     
           3           4   2.5247769267006972     
           4           5   1.2678493493603851     
           5           6   1.2064402345140166     
           5           7  0.28950196486422847     
           6           7   1.1038324047550050     
           5           8  0.10755081980013192     
           7           8   1.2769611944501742     
           8           9   1.2003577644626195     
           9          10   1.1249163908063569     
           6          11   1.0444890288048430     
           7          11  0.15702029780691984     
          10          11   1.7055807095000184     
           1          12  0.10558997302362017     
           2          12   1.1893482255516388     
          12          13   1.2658715442477397     
          13          14   1.2120418472606487     
          12          15  0.12403085414371066     
          14          15   1.7326152958374827     
          15          16   1.3076389895844331     
          16          17   1.0944513207641178     
          14          18  0.10925383362722153     
          17          18   1.6928581632171680     
          18          19   1.6252031820117159     
          19          20   1.1548206368021738     
          18          21  0.11739766645462721     
          19          21  0.10873137708801167     
          20          21   1.5794107929261560     
          21          22   1.0883064534667592     
          22          23   1.3211348952014423     
          23          24   1.6222299549808461     
          22          25  0.10113297301304928     
          23          25  0.38633353106953949     
          24          25   1.6303155030259218     
          23          26  0.10145984468707261     
          25          26   1.3662564024505535     
          26          27  0.99399853130857929     
          22          28   1.3565126027064260     
          23          28  0.15675829557431223     
          24          28  0.38436882172709896     
          25          28  0.15545459246736179     
          26          28   1.4145106439489998     
          16          29   1.1916008404322607     
          20          29   1.0273871970074211     
          13          30   1.2568154800773448     
          14          30  0.23576413539772784     
          15          30  0.13840439731985787     
          29          30   1.4542957568024932     
