           1           2   2.6954914530270724     
           2           3  0.68182067602563445     
           3           4   1.5648535552201646     
           3           5   1.6038347066878567     
           4           5  0.12098905800889920     
           1           6  0.18033038167868135     
           3           6  0.89286987666753981     
           6           7   1.1891721564421907     
           7           8   1.2280006487682074     
           6           9  0.20396864623405725     
           8           9   1.7179342729888751     
           9          10   1.3129518637776767     
          10          11   1.0947617880202078     
           8          12  0.10463110911487430     
          11          12   1.6961566914490311     
          12          13   1.6294044367719915     
          13          14   1.1569953037818850     
          12          15  0.11769121230711403     
          13          15  0.11171671559986188     
          14          15   1.5776128621894177     
          15          16   1.0908435994288008     
          16          17   1.3209900890413171     
          17          18   1.6230568591913359     
          16          19  0.10070600013616676     
          17          19  0.38418571674152552     
          18          19   1.6281149972832525     
          17          20  0.10121570805318335     
          19          20   1.3660025812868002     
          20          21  0.99836499137010237     
          16          22   1.3549293742932607     
          17          22  0.15604317726919295     
          18          22  0.35697261382188111     
          19          22  0.15731181292319174     
          20          22   1.4136370044414204     
          10          23   1.1929347172461984     
          14          23   1.0271311377778796     
           7          24   1.3138613027201340     
           8          24  0.25402226666942657     
           9          24  0.18136953792525748     
          23          24   1.4435748034328224     
