   -0.09890484
    0.10913548
   -0.10564977
    0.16837575
   -0.07693755
    0.11704866
   -0.12469568
    0.09642570
    0.02372914
    0.12574066
   -0.17474629
    0.13482021
   -0.11304528
    0.12503347
   -0.04445683
   -0.05189119
    0.15058922
   -0.14158968
    0.07372491
    0.07596003
   -0.03386383
   -0.03702533
    0.20983617
   -0.15344061
   -0.03017689
   -0.01745401
    0.08909253
   -0.07120677
   -0.07057524
    0.01826122
   -0.06566478
    0.12968233
   -0.17252212
    0.29718247
   -0.41789597
    0.02208684
    0.01643393
    0.00130130
    0.19673724
   -0.09100493
   -0.08844968
