           1           2   2.1832619911567592     
           1           3  0.11087835601179731     
           2           3   1.1253837390378951     
           3           4   1.0988752063643157     
           4           5   1.4545848010026390     
           5           6   1.4096313012492849     
           6           7   1.1666197533946965     
           7           8   1.6842554916221033     
           8           9   1.5731168823485879     
           9          10   1.0991434647988267     
          10          11   2.7940176235511833     
           9          12  0.99229657439714902     
           8          13  0.11747437536590019     
          12          13   1.6619257211465870     
          13          14   1.0919997339586422     
          14          15   1.2886624291618327     
          15          16   1.7240567931452131     
          16          17   1.3623504476158104     
          17          18  0.94745302604528170     
          18          19   1.1668649006635603     
          19          20   1.0304435564272008     
          19          21  0.11698641474608017     
          20          21   1.3167542199805893     
          19          22  0.12181651432823259     
          21          22   1.6159299953499584     
          22          23   1.3433482514410384     
          23          24  0.99734695188703804     
          19          25  0.19278682770508343     
          21          25  0.23344143996254793     
          23          25   1.3325293297890783     
          19          26  0.13034156003030475     
          20          26   1.3109479494674237     
          21          26  0.11900703250840973     
          22          26  0.25479519320411964     
          25          26   1.5814834685093211     
          15          27  0.10835601484494629     
          17          27   1.2541460046666757     
          27          28   1.0077234194656695     
          14          29   1.3474514188343689     
          15          29  0.22964489572348043     
          16          29  0.19520492926530492     
          27          29   1.4427435965190312     
           6          30   1.1002684437579500     
          12          30   1.0268460581642180     
           5          31  0.48949570224814387     
          30          31   1.5307732010600354     
           4          32   1.0878627256975557     
          31          32   1.3603648721764554     
          32          33   1.2253977794445734     
          33          34   1.4220575480632152     
          33          35  0.18575614920105402     
          34          35   1.4001620377351156     
          34          36   1.0214422444878002     
          36          37   2.2801780327518579     
          37          38   1.3359064691031404     
          38          39  0.96616467556959085     
          36          40  0.16728930742455422     
          38          40  0.46305853183142637     
          39          40   1.3536570494902305     
          36          41  0.16336292436878802     
          38          41  0.49709163945152274     
          39          41   1.3483686125745602     
          40          41  0.51323692140015464     
