           1           2   1.5701669979710744     
           2           3  0.99430648887672701     
           3           4   1.6532267947369286     
           4           5   1.1146134154384875     
           5           6   1.5833848054344579     
           6           7   1.5877209451864933     
           7           8   1.0655454284021875     
           6           9  0.12540023064581196     
           8           9   2.7863188943428518     
           7          10  0.86485722272062315     
          10          11   1.4037733861504791     
           6          12  0.11450367125444899     
           7          12  0.10293795766070091     
          10          12   1.5811907642607252     
          11          12  0.20553222905853027     
           4          13  0.40864173421177147     
           5          13   1.1015335223374751     
          13          14   1.6682785727988998     
          13          15  0.10412011512776016     
          14          15   1.1231814273736356     
          15          16   1.1403250437409829     
          16          17   1.1155564776055507     
          17          18   1.5576758188393081     
          16          19  0.19922872512367107     
          18          19   1.2286524670251175     
          15          20  0.17158715297691920     
          19          20   1.5251367240905105     
          17          21   1.0674788409918448     
          18          21  0.17676692132832394     
          19          21  0.14759177279426205     
          20          21   1.2599929377346626     
           3          22  0.96390383503446420     
          14          22  0.95197893600739025     
           4          23  0.10613447774029842     
          13          23  0.12583592008489150     
          22          23   1.7640697820700835     
