   -0.09809658
    0.10059744
   -0.09378563
    0.16417691
   -0.08935856
    0.12075077
   -0.11323397
    0.06256436
    0.03330215
    0.12234271
   -0.17924878
    0.13059966
   -0.14335366
    0.14445828
   -0.06102591
   -0.06694479
    0.17599605
   -0.13450303
    0.05072116
    0.07449401
   -0.02966015
   -0.00798153
    0.03600766
   -0.00593190
   -0.02000477
    0.09235685
   -0.06043413
   -0.06184015
    0.02223442
   -0.05225115
    0.11519986
   -0.22303022
    0.32571561
   -0.34546332
    0.00301959
    0.04841992
    0.01631786
    0.13732971
    0.03547865
   -0.16160813
    0.15055015
   -0.21487741
