           1           2   2.1727332454765409     
           1           3  0.11494173792322782     
           2           3   1.1282818196335744     
           3           4   1.1068548793294450     
           4           5   1.4657569938200752     
           5           6   1.3946444212563360     
           6           7   1.2414861979425418     
           7           8   1.6682633977489028     
           8           9   1.3737704553506294     
           9          10   1.0817925383867679     
          10          11   2.8146002264064469     
           9          12   1.2378186077188142     
           8          13  0.17230487843851905     
          12          13   1.2425884979884578     
          13          14   1.2874763767034783     
          14          15   1.1896674809483050     
          15          16   1.7812525016401297     
          16          17   1.3015352424209885     
          17          18   1.0700479070700544     
          18          19   1.1098501058022758     
          19          20   1.2053104695638752     
          20          21   1.2528078858404539     
          21          22   1.6067202109941956     
          21          23  0.18934323856316779     
          22          23   1.5778420569145883     
          21          24  0.26022620024728238     
          23          24   1.6038977488116148     
          20          25   1.2537092732113366     
          22          25  0.22966139647785302     
          23          25  0.19810996153753840     
          24          25   1.6239340341863542     
          17          26   1.1908567434220556     
          26          27   1.0113098694715357     
          14          28   1.2557646741112096     
          15          28  0.32449048481697979     
          16          28  0.16131465593068980     
          26          28   1.5043199763685446     
           6          29   1.0613220844779843     
          12          29   1.1843652385310306     
           5          30  0.51425709851165302     
          29          30   1.4454387936602300     
           4          31   1.0559720146938580     
          30          31   1.3897484663509281     
          31          32   1.2822576933823053     
          32          33   1.2033952490423256     
          32          34  0.11208128990630759     
          33          34   1.6519876749590883     
          33          35  0.97311835385127654     
          35          36   2.3408536053220064     
          36          37   1.2962921554889781     
          37          38   1.3430161236669995     
          37          39  0.15422714050274769     
          38          39   1.1688473189759687     
          37          40  0.14277600727164622     
          39          40   1.4817609240932854     
          37          41  0.25765626291792931     
          39          41  0.41661588742713573     
          40          41   1.2768408660376862     
          38          42   1.1573312204649961     
          40          42  0.10691116303533924     
          41          42   1.5102296676998179     
