           1           2   2.3068741279682738     
           1           3  0.11730251088484898     
           2           3   1.2684296071943979     
           1           4  0.24368010399043316     
           3           4   2.3214267403013653     
           4           5  0.93921732390028800     
           5           6   1.6975001678346062     
           5           7   1.1861068383092037     
           6           7  0.13381035024926644     
           7           8   1.4796097700284918     
           8           9   1.0866068115904055     
           9          10   1.6770635285674349     
          10          11  0.99391304865122831     
          11          12   1.6123599757166185     
          12          13   1.0889159966107176     
          13          14   1.3179174005874759     
          14          15   1.6262084663883221     
          14          16  0.39751201256522883     
          15          16   1.6298287691880902     
          14          17  0.10205231183787621     
          16          17   1.3659852171186913     
          17          18  0.99429553532657178     
          13          19   1.3531383278633660     
          14          19  0.15447761470151963     
          15          19  0.42414404813454004     
          16          19  0.15395607807265260     
          17          19   1.4159717885253611     
          11          20   1.1475961743055625     
          12          20  0.13373929895768399     
          12          21  0.16475495631409320     
          20          21   1.6519638022205476     
          21          22   1.7003104464583652     
          10          23   1.0279165613520922     
          22          23   1.1415817309023233     
           9          24  0.40060947610283004     
          23          24   1.4176481441945832     
           8          25   1.1893539311007142     
           9          25  0.10962922302666778     
          24          25   1.6600389286101258     
