           1           2   1.8310219454754308     
           2           3  0.98748001957532083     
           3           4   1.1578405220493264     
           4           5   2.1533500733733111     
           5           6   1.1803165193066449     
           4           7  0.13485164713979969     
           6           7   1.3404600280120285     
           4           8  0.10616976469864647     
           6           8   1.3733295420346492     
           7           8  0.23766146753603665     
           3           9   1.4247628282323956     
           1          10  0.15322142119739648     
           9          10   1.4885280971224517     
           2          11  0.96861583539777996     
          10          11   1.2243685365045276     
           9          12  0.21555632746107781     
          11          12   1.4774879550936619     
          12          13   1.5006748997955799     
          13          14  0.79421064020389132     
          12          15  0.10944011062309715     
          14          15   1.7560714394225463     
          12          16  0.14110429003629388     
          14          16   1.2301581062761218     
          15          16  0.12048735064199961     
          16          17   1.2468086966437435     
          17          18   1.3619761249131010     
          18          19   1.4350238316909580     
          19          20  0.99228358236837078     
          20          21   1.3650893271919424     
          21          22   1.6384242421302428     
          20          23  0.11865610043418691     
          21          23  0.37025115612199189     
          22          23   1.6382237221665039     
          23          24   1.3129302250650057     
          24          25   1.0258085166436210     
          25          26   1.5455698357174155     
          20          27   1.3958177416752755     
          21          27  0.15329214827038823     
          22          27  0.43943029255008542     
          23          27  0.14597103825731400     
          24          27   1.3321197034518564     
          26          27  0.10089811837006125     
          18          28  0.19548186972656387     
          19          28   1.2841483141275971     
          18          29  0.24509660323538815     
          28          29   1.6340441674640438     
          13          30   1.0640700976913051     
          17          30   1.0965975906181591     
          29          30   1.4397598393389957     
