           1           2   1.4875269905035911     
           1           3  0.68495408306300498     
           2           3   1.4233502657840416     
           2           4  0.90517857689793624     
           3           4  0.12448555901226960     
           3           5  0.17700214378804141     
           4           5   1.3570740920531135     
           5           6   1.2361597441512102     
           6           7   2.5503507790410826     
           7           8   1.0291525570794784     
           8           9   1.7009957949612808     
           8          10   1.1263317817029432     
          10          11   1.5119286088220960     
          11          12   1.0688347145656736     
          12          13   1.7166396949995988     
          13          14  0.96765843040289623     
          14          15   1.6759842953532504     
          15          16   1.0860346875101214     
          16          17   1.3019864407470978     
          17          18   1.6516381197189618     
          18          19   1.3865937420508905     
          19          20  0.99334304368117143     
          17          21  0.10567931339207967     
          19          21   1.2638548203814735     
          21          22   1.0061363687194225     
          16          23   1.3390660390486415     
          17          23  0.33737331305639356     
          18          23  0.16263735151436540     
          21          23   1.4317475903992329     
          14          24   1.0982211737280447     
          15          25  0.11842028579077186     
          24          25   1.7858123166260809     
          25          26   1.5498155702328091     
          13          27  0.99659698613352810     
          26          27   1.2418644514156534     
          12          28  0.34265923962646133     
          27          28   1.3799773397424160     
          11          29   1.1771955790503517     
          12          29  0.10079708899317145     
          28          29   1.6741854116178430     
           4          30  0.90658648260254027     
           1          31  0.13257154762046811     
           3          31  0.13041880627398636     
           5          31  0.10813894945095369     
          30          31   1.4604061418855436     
           1          32  0.13875327775791546     
           3          32  0.12618931756807994     
          30          32   1.4710497528708388     
          31          32  0.74045046515584323     
