           1           2   1.2930872384741861     
           1           3  0.45667066083896657     
           2           3   1.2805197089476688     
           2           4   1.0506366572606791     
           3           4  0.36692448982624865     
           4           5   1.4827421458415728     
           3           6  0.17501543067632044     
           4           6  0.14369527076551675     
           5           6   1.4971449904905001     
           3           7  0.13172411562216554     
           5           7  0.11899378686294831     
           6           7   1.4793262359280377     
           7           8   1.3348427577195656     
           6           9  0.10375093735231065     
           8           9   1.4825997653793297     
           8          10   1.0285922162594074     
           9          11  0.10463483314106595     
          10          11   2.5216450042412921     
          11          12  0.99185487410236051     
          12          13   1.6927553953267540     
          12          14   1.1639197630007572     
          14          15   1.3243009423629830     
          15          16   1.1834613966842398     
          16          17   1.8581167974723969     
          17          18   1.2775012717663865     
          18          19   1.1974234649513036     
          16          20  0.12849417786679956     
          19          20   1.5468840273147850     
          20          21   1.7359678306137596     
          21          22   1.0854432824009042     
          20          23  0.13393995561430738     
          22          23   1.6060869233245625     
          23          24   1.0875728226836205     
          24          25   1.3227745256308525     
          25          26   1.6228880140593147     
          24          27  0.10076849508105026     
          25          27  0.38934372190401750     
          26          27   1.6336661017416656     
          25          28  0.10137668655165318     
          27          28   1.3654843527635927     
          28          29  0.99526859811832480     
          24          30   1.3564042733401385     
          25          30  0.15773125001289690     
          26          30  0.39202083285906103     
          27          30  0.15489705267661735     
          28          30   1.4150609550713322     
          18          31   1.1540731723476243     
          22          31   1.0515403243086376     
          15          32   1.2387325591632707     
          16          32  0.16689972103131248     
          17          32  0.16217715193721832     
          31          32   1.4722141773717730     
