           1           2   1.6459942954574727     
           2           3  0.97204230116558277     
           3           4   2.3383580653558886     
           3           5  0.10524231319611306     
           4           5   1.3006552049270512     
           5           6   1.0929793465938153     
           6           7   1.1735249315309368     
           5           8  0.23678872188669756     
           7           8   1.4894447875012007     
           5           9  0.11696622512348898     
           7           9  0.56114410377144330     
           8           9   1.4021716180619879     
           6          10   1.1546503130422983     
           7          10  0.15834853522156453     
           8          10  0.10168458240469259     
           9          10   1.4445161835861748     
           1          11  0.12416955780045910     
           2          11   1.2190121197936037     
          11          12   1.2405185781409318     
          12          13   1.2147375399679881     
          11          14  0.12458912219571415     
          13          14   1.7553545710890448     
          14          15   1.2708996483132595     
          15          16   1.2290859525423485     
          13          17  0.14169295354047209     
          16          17   1.5954175017239332     
          17          18   1.5849810108627485     
          18          19   1.2195136316750468     
          17          20  0.14999380819870312     
          19          20   1.3385208391448262     
          20          21   1.1865557532824544     
          21          22   1.2779683878383079     
          22          23   1.6290338643753532     
          22          24  0.39641415817951536     
          23          24   1.6187325798278620     
          24          25   1.3589029726278803     
          25          26  0.99338117921675495     
          21          27   1.3125271204343352     
          22          27  0.15763707382870309     
          23          27  0.38857269005086220     
          24          27  0.14758842538620667     
          25          27   1.4281578723271946     
          15          28   1.1345381372834116     
          19          28   1.1654618815565694     
          12          29   1.2942033725384494     
          13          29  0.21527485558495904     
          14          29  0.16566924032529395     
          28          29   1.3894447720265908     
