   -0.06297901
    0.08849012
   -0.05745431
    0.10135040
    0.29148263
   -0.30735861
    0.03892408
   -0.02808227
   -0.03833440
    0.14099083
   -0.05156894
   -0.04037791
   -0.03604681
   -0.15327223
    0.13035642
    0.00035765
    0.00969519
    0.31044377
   -0.28111427
   -0.23004086
    0.19805353
   -0.14677137
    0.17209647
   -0.16520265
    0.18587861
   -0.14075440
    0.14028342
   -0.03645709
   -0.03270464
    0.19480270
   -0.15072647
    0.09041171
   -0.05534494
   -0.07410756
   -0.00491876
