   -0.08985591
    0.11318982
   -0.10990133
    0.16050705
   -0.07365383
    0.11554623
   -0.12315908
    0.10315412
    0.02392377
    0.12641905
   -0.16873606
    0.13854966
   -0.12916516
    0.12567159
   -0.00243255
   -0.01567701
    0.02282933
    0.11558959
   -0.04201741
   -0.07411578
    0.01154856
   -0.07342097
    0.10014893
   -0.14791326
    0.29865107
   -0.35548078
   -0.00793653
    0.00187117
    0.02416134
    0.07932370
   -0.02450394
    0.02923315
   -0.12341894
    0.04391864
   -0.07284823
