   -0.14112008
    0.14169722
    0.03682479
    0.03521042
    0.08094696
   -0.02368520
    0.20365933
   -0.29324692
    0.21314380
   -0.27492518
    0.08176312
    0.00201386
   -0.03974709
    0.31741532
   -0.34675248
   -0.13800850
    0.10112287
    0.01657622
    0.10321613
   -0.12402843
    0.31810891
   -0.32654421
    0.02907275
    0.14051967
   -0.12943557
    0.04519529
    0.08085290
   -0.02458617
    0.19282794
   -0.30285415
    0.23809216
   -0.21480454
    0.06871942
   -0.02120789
   -0.04603267
