           1           2   2.7997359296976665     
           2           3   1.0464152143008825     
           1           4  0.14937323149088988     
           3           4   1.7877264179812924     
           4           5   1.2271434011103906     
           5           6   1.3808480804190426     
           6           7   1.2954239091820328     
           7           8   1.5034518020745755     
           7           9   1.0188935436686590     
           6          10  0.11065466948318999     
           8          10  0.11136657523929028     
           9          10   1.5981483224057700     
           9          11   1.1511218502234604     
          11          12   1.0279437218414376     
           5          13   1.1787558175800086     
           6          13  0.45975219387864708     
          10          13  0.19076499416657633     
          11          13   1.5565239121327650     
           3          14  0.93502667099143655     
          14          15   1.7027278326827728     
          14          16   1.1642218141420408     
          15          16  0.10180136468024073     
          16          17   1.5764383028773217     
          16          18  0.11421948237178364     
          17          18   1.5853103618554532     
          16          19  0.13756638392210141     
          17          19  0.14395112502877766     
          18          19   1.5219319799808606     
          17          20  0.11748805862900431     
          18          20  0.14897297433033874     
          19          20   1.6108829017301951     
          20          21   1.1799927841104290     
          20          22  0.10975133917567395     
          21          22   1.7156794108335258     
          21          23  0.88755682336696518     
          23          24   1.0528368004648538     
          24          25   2.8166204740684044     
          23          26   1.6645640599232545     
          25          26  0.12669635117934419     
          26          27   1.5572976636575815     
          27          28   1.1646741148332815     
          28          29   1.4422073238582871     
          29          30   1.4549111430206614     
          29          31  0.88550884653832784     
          28          32  0.11184908876827115     
          31          32   1.8519365333664108     
          31          33  0.97270145435120947     
          33          34   1.0310086911165077     
          27          35   1.0785437091305223     
          28          35  0.43095633490450114     
          32          35  0.15917590590764935     
          33          35   1.7471685460779149     
          34          35  0.10772563729872961     
