   -0.08874822
    0.10618724
   -0.11074845
    0.15972100
   -0.07907301
    0.11593987
   -0.12558129
    0.09823657
    0.02426222
    0.12574882
   -0.17324406
    0.13651535
   -0.11376832
    0.12447022
   -0.00942140
   -0.03832838
    0.07435610
    0.04168510
   -0.00473040
    0.02419229
   -0.14321473
    1.20555510
   -0.52289554
   -0.52353663
   -0.06721642
   -0.01557363
    0.00897215
    0.03101144
    0.01010034
   -0.04022877
   -0.07133107
    0.01663092
   -0.07170163
    0.10035204
   -0.14748522
    0.29538335
   -0.35667692
   -0.00278991
    0.00601876
   -0.00206030
    0.19125982
   -0.08245478
   -0.10578964
