           1           2   1.5036116304699654     
           1           3  0.13079412422159956     
           2           3   1.1082892515007285     
           1           4  0.12231320715565441     
           3           4   1.1783014904702056     
           3           5  0.11655341019194550     
           4           5   1.2455219752468636     
           3           6  0.19375048398930955     
           5           6   1.3866994224700102     
           3           7  0.16049729754430353     
           4           7  0.13086890082491429     
           5           7  0.25152708361269094     
           6           7   1.4191418696979972     
           4           8  0.92637479727960448     
           7           8   1.0454534772056312     
           5           9  0.10987242604938581     
           6           9  0.15217488489310516     
           7           9  0.11048841254842084     
           8           9   1.1292901587939299     
           9          10   1.2843876736766640     
          10          11   2.4898805823300210     
          11          12   1.0380552574807802     
          12          13   1.3885016110359596     
          12          14   1.4399963482140254     
          13          14  0.22243573521964843     
          14          15   1.1849522317988008     
          15          16   1.2601659718610658     
          16          17   1.7880220881340230     
          17          18   1.2860009197537579     
          18          19   1.1774472894659425     
          16          20  0.17898286105079178     
          19          20   1.6497510574998557     
          20          21   1.5604266031143459     
          21          22   1.1009685701117529     
          22          23   2.7924804765485325     
          21          24  0.99609583102397470     
          24          25   1.6470534689931724     
          25          26   1.1005680571729155     
          26          27   1.3094640451032489     
          27          28   1.6155559833939135     
          27          29  0.38938455916635517     
          28          29   1.6378765946280238     
          29          30   1.3634914515546408     
          30          31  0.99423407103594685     
          26          32   1.3553068713355236     
          27          32  0.16387005201621596     
          28          32  0.39241640071308059     
          29          32  0.15095768423891179     
          30          32   1.4171534273815334     
          18          33   1.1416900348502703     
          24          33   1.0533722540584511     
          15          34   1.2684043066014010     
          16          34  0.16429545031403459     
          17          34  0.18588267734990169     
          33          34   1.4715772573470001     
