           1           2   1.5509261417205946     
           2           3   1.0181350676780714     
           1           4  0.10534813203488297     
           3           4   1.3045668941863147     
           4           5   1.6350966605432706     
           4           6  0.31116516573152803     
           5           6   1.6423990733601281     
           4           7  0.11659240826003348     
           6           7   1.3572999370627179     
           7           8  0.99035119324669751     
           8           9   1.2958346908428522     
           9          10   1.6152288555730099     
          10          11   1.3937833214028736     
          11          12   1.1390947509972018     
          12          13   1.4878252515762491     
          13          14   1.5367421445923615     
          14          15   1.0315284833032028     
          13          16  0.28229690810908165     
          15          16   1.8351877942999668     
          16          17   1.0044188224568138     
          15          18  0.14727208898352742     
          16          18  0.14067817315913736     
          17          18   1.6298291336376975     
          14          19   1.1329883153775002     
          17          19   1.2170477373954938     
          19          20   1.2410472717037653     
          20          21   1.9456733181574437     
          21          22  0.86324954746428983     
          22          23   1.6383117668977503     
          20          24  0.14035580744339501     
          22          24   1.3692864176287880     
          23          24  0.22090283939286567     
          12          25   1.0430906454158146     
          25          26   1.5531503087396779     
          10          27  0.12540063854408401     
          25          27   1.2127682077972299     
          11          28   1.0639410781661978     
          27          28   1.2882298214016332     
           8          29   1.4225908585451505     
           9          29  0.26325325952778822     
          10          29  0.20808286321976327     
          28          29   1.3239431958730963     
           1          30  0.15541722279990716     
           3          30   1.3478179989465138     
           4          30  0.15448034510200712     
           5          30  0.36504934811012207     
           6          30  0.13967128589524100     
           7          30   1.4054813697807782     
