   -0.32857080
    0.30185742
   -0.11830171
    0.07581559
    0.01378589
    0.08213217
   -0.05375386
    0.05031237
   -0.12330771
    0.04095270
   -0.02973072
    0.12491589
   -0.21290866
    0.13948456
    0.03049564
    0.00889518
    0.30134635
   -0.28537723
   -0.23609679
    0.19795382
   -0.13808189
    0.16535460
   -0.16029260
    0.18870975
   -0.13128311
    0.13757630
   -0.03776003
   -0.02492789
    0.19463551
   -0.14817441
    0.08945524
   -0.06115116
   -0.07106097
    0.01582559
    0.01798752
   -0.01671253
