           1           2   2.5595797496709616     
           2           3  0.92778111795599705     
           1           4  0.22177918684022557     
           3           4   1.6386299864957727     
           1           5  0.16790932573500186     
           3           5   1.2348133389425060     
           4           5  0.16686231053766487     
           5           6   1.2602866456958364     
           6           7   1.3528738188216682     
           7           8   1.5018863185672291     
           8           9   1.0348806656901830     
           9          10   1.6152870528089696     
          10          11   1.0878200055959935     
          11          12   1.3179226140296942     
          12          13   1.6291012418932520     
          12          14  0.39672430962655980     
          13          14   1.6295478612176644     
          12          15  0.10241694559984801     
          14          15   1.3661301924398024     
          15          16  0.99483981836562629     
          11          17   1.3509126253351842     
          12          17  0.15278501231669334     
          13          17  0.43203830561866652     
          14          17  0.15506793868026245     
          15          17   1.4158702567347941     
           9          18   1.0830919403627650     
          10          18  0.11120039204593712     
          10          19  0.18561394560822797     
          18          19   1.7605274129501352     
          19          20   1.5919309313250560     
           8          21   1.1405762901088190     
          20          21   1.1601938714868936     
           7          22  0.46627760200822171     
          21          22   1.3537489881264502     
           6          23   1.1080495073381498     
          22          23   1.5154905812593353     
          23          24   1.0348648736225532     
          24          25   1.1730715766640403     
          25          26   1.5207812417407656     
          25          27  0.17986665378222588     
          26          27   1.5662231638723958     
          27          28   1.2290021673635623     
          28          29   1.0840445610927414     
          27          30  0.13922130912936315     
          29          30   1.4638429473498857     
          30          31   1.1297811404834448     
          31          32   1.1528119111560609     
          28          33   1.0308373554189458     
          29          33  0.16415235763857064     
          32          33   1.4710159845473383     
