   -0.00536952
   -0.02397857
    0.15573263
   -0.07391874
    0.11852627
   -0.11797463
    0.05629585
    0.03585286
    0.12465510
   -0.18052388
    0.12976802
   -0.16320501
    0.14003633
   -0.03018138
   -0.03032801
    0.05153698
    0.05290601
    0.19563836
   -0.12093017
    0.08491089
    0.00676920
    0.09492517
   -0.13233417
    0.09997459
   -0.11372766
   -0.10829257
    0.02489751
   -0.04923367
    0.11684231
   -0.20204077
    0.29978447
   -0.44370499
    0.00607543
    0.02750896
   -0.00877238
    0.18608836
   -0.09809338
   -0.10611579
