   -0.10076804
    0.09570084
   -0.09731995
    0.16431946
   -0.09000685
    0.12006762
   -0.11456644
    0.06288892
    0.03134311
    0.12225821
   -0.18502992
    0.13120803
   -0.15021990
    0.14010190
   -0.05330996
   -0.05227205
    0.06903207
    0.04023298
   -0.00699517
   -0.02381864
    0.08390236
   -0.01124482
    0.07218186
   -0.04139119
   -0.01062368
    0.03014273
   -0.01058393
   -0.02937651
   -0.05086250
    0.02013934
   -0.05014878
    0.11417274
   -0.22725216
    0.32306643
   -0.34094212
   -0.00544473
    0.02722072
   -0.00658239
    0.19092747
   -0.08838733
   -0.09175970
