           1           2   1.4473049964100797     
           1           3  0.37160297595082120     
           2           3   1.2447299070511977     
           1           4  0.19689263634478024     
           2           4   1.2041683828069401     
           3           4  0.21873941987562226     
           4           5   1.2621966978500592     
           5           6   1.2837040080406354     
           6           7   1.6525645838131684     
           6           8  0.15338965149066044     
           7           8   1.7694900451977036     
           6           9  0.38155490154203797     
           7           9  0.12485985185587541     
           8           9   1.6307786475479895     
           5          10   1.1673915092018858     
           7          10  0.10618164236692740     
           9          10   1.4338479329827629     
          10          11  0.99602363955968454     
          11          12   1.2910628370444610     
          12          13   1.2143837791070970     
          13          14   1.2985790350334845     
          14          15   1.4568300122907805     
          15          16   1.1866060168556221     
          16          17   1.8716136380454387     
          17          18   1.0478172365033998     
          16          19  0.17793239042603798     
          18          19   2.7802642185184654     
          17          20  0.81837450075501117     
          16          21  0.21546640136657108     
          20          21   1.4505212400847396     
          16          22  0.18987725208294937     
          20          22   1.5780010822733677     
          21          22  0.23364157514463627     
          14          23  0.37936268724839295     
          15          23   1.1267317825768894     
          23          24   1.6205649110377485     
          24          25   1.0166706507605943     
          23          26  0.11698324262415534     
          25          26   1.5571527800685807     
          13          27  0.98277526025447948     
          24          27  0.96787647069349703     
          26          28  0.14087264946172426     
          27          28   1.7459058394989360     
