           1           2   1.8941861525711541     
           1           3  0.24644133497150805     
           2           3   1.9401057777748862     
           3           4  0.99203666870202245     
           3           5  0.11431653838937172     
           4           5   1.6457502189909567     
           1           6  0.11117795705141838     
           3           6  0.10328567774059728     
           4           6   1.2082893029001427     
           5           6  0.14695134268375706     
           6           7   1.2078608758534597     
           7           8   1.2401856510549791     
           6           9  0.12105247534079426     
           8           9   1.7189947496948641     
           9          10   1.3229225514376990     
          10          11   1.0796770982679840     
          11          12   1.7101982153241617     
          12          13   1.6326184799788588     
          13          14   1.1541304340481169     
          12          15  0.12755446468776671     
          13          15  0.12426131426199541     
          14          15   1.5797283981036168     
          15          16   1.0907656288577487     
          16          17   1.3201465114844686     
          17          18   1.6241743622143661     
          16          19  0.10019446894634033     
          17          19  0.38599420619538299     
          18          19   1.6284673989186418     
          17          20  0.10150569761325026     
          19          20   1.3662378256648720     
          20          21  0.99458216794825283     
          16          22   1.3539291551965220     
          17          22  0.15447718841842714     
          18          22  0.38043074843873825     
          19          22  0.15624354814190838     
          20          22   1.4147513159757303     
          10          23   1.1983798932990228     
          14          23   1.0262806613797300     
           7          24   1.2867269090297533     
           8          24  0.20573482247305896     
           9          24  0.18888349479183650     
          23          24   1.4470317974340869     
