           1           2   1.5663245499818559     
           2           3  0.99277646223204163     
           1           4  0.10072717583408231     
           3           4   1.6672453636855946     
           4           5   1.1254955167455793     
           5           6   1.5567910660480255     
           6           7   1.6626855385962418     
           7           8   1.0498366727133968     
           6           9  0.12530578927591918     
           8           9   2.7938426951463140     
           7          10  0.86176312448914461     
          10          11   1.7014525494422064     
          10          12   1.2998742726444128     
          11          12  0.42094047038331461     
           4          13  0.38849961137154687     
           5          13   1.1169118389259942     
          13          14   1.5969629386866908     
          14          15   1.1894724584063718     
          15          16   1.2270426501606948     
          15          17  0.27954135963491678     
          16          17   1.3751824951232541     
          17          18   1.1028330205100505     
          18          19   1.2936424672183604     
          17          20  0.13059600991599196     
          19          20   1.5539862059385821     
          20          21   1.3494754253460151     
          21          22  0.99865541924852541     
          19          23  0.22703824618954299     
          21          23   1.3487227809560440     
          18          24   1.2854632958712227     
          19          24  0.18966340895044984     
          20          24  0.23837404308702292     
          23          24   1.5751646303258569     
           3          25  0.96155753743630323     
          14          25  0.95273738072228020     
           4          26  0.12255434444222106     
          13          26  0.11188675127992756     
          25          26   1.7812094577468096     
