           1           2   1.5542500532206609     
           2           3   1.0173852345585561     
           1           4  0.11597733974106249     
           3           4   1.6163748150228683     
           4           5   1.1321421574365236     
           5           6   1.5685668682345884     
           6           7   1.6987945300016229     
           7           8   1.0515399164093411     
           6           9  0.12920852998111618     
           8           9   2.8039757913537091     
           7          10  0.86035974945277305     
          10          11   1.7275759954829968     
          10          12   1.2739099131040421     
          11          12  0.46108357242125625     
           4          13  0.41278016632307396     
           5          13   1.1035332498382802     
          13          14   1.7001664628286290     
          14          15   1.0953483061696343     
          15          16   1.3659920956223222     
          16          17  0.95167747604985375     
          17          18   1.3717262566535489     
          18          19   1.4725648584604909     
          17          20  0.11301947884908778     
          18          20  0.15821933808242475     
          19          20   1.6437911753949548     
          18          21  0.23103812688597786     
          19          21  0.15252600352544504     
          20          21   1.6717249268592513     
          17          22   1.3631739751432979     
          18          22  0.19201992412755514     
          19          22  0.22283679281581581     
          20          22  0.16119185460844540     
          21          22   1.4761664973566992     
           3          23  0.96256980651898538     
          14          23  0.95038124401417001     
           4          24  0.10646607518161870     
          13          24  0.15599641595311575     
          23          24   1.7722650856326971     
