           1           2   1.3360257214390165     
           1           3  0.51897352830401555     
           2           3   1.3450088097868940     
           1           4  0.39267311368205293     
           2           4  0.96847387009949315     
           3           4  0.26688396714759466     
           1           5  0.17387584097083952     
           3           5  0.12351214621327833     
           4           5   1.7244707814961036     
           3           6  0.10672636796926432     
           5           6   1.3989344653809490     
           6           7   1.6367581697017723     
           7           8   1.1645809824460160     
           8           9   1.6946101907536937     
           8          10  0.98036067844415986     
          10          11   2.5234004124777387     
          11          12   1.0199337860214357     
          12          13   1.7822329412208806     
          12          14   1.0285505369248462     
          14          15   1.4847511845374819     
          14          16   1.0164779463835250     
          16          17   1.4428400770239715     
          17          18   1.4087630584147206     
          18          19   1.1268633080011263     
          19          20   1.3954974593033125     
          20          21   1.1677009618582395     
          21          22   1.2856842834157898     
          22          23   1.6268499673233852     
          22          24  0.40219069600149260     
          23          24   1.6062570602794963     
          24          25   1.3594880695727192     
          25          26  0.99303600439171380     
          21          27   1.3214799787278151     
          22          27  0.15515693019524471     
          23          27  0.39766411400250418     
          24          27  0.16213572703171011     
          25          27   1.4311454087909408     
          19          28   1.2058255139280858     
          20          28  0.12824575616719741     
          20          29  0.22573978215855195     
          28          29   1.5956756374872667     
          29          30   1.5862489352750424     
          18          31   1.1526136717932014     
          30          31   1.2161684457647104     
          17          32  0.47089043971079708     
          31          32   1.3204256993655363     
          16          33   1.2529636736107226     
          17          33  0.11526192245241930     
          32          33   1.7027186133935390     
