   -0.08651996
    0.09997835
   -0.12469609
    0.16281185
   -0.07620070
    0.11848209
   -0.13149591
    0.08866123
    0.01500298
    0.11917176
   -0.19428034
    0.12952570
   -0.09548365
    0.12009381
   -0.05799424
   -0.03730105
    0.15684273
   -0.15454371
    0.03375958
    0.16550216
   -0.02592563
    0.00256112
    0.06892624
   -0.14817423
    0.09202336
   -0.07574358
   -0.08283024
    0.01480091
   -0.04261209
    0.11815631
   -0.19213258
    0.32271201
   -0.35073844
   -0.00688487
    0.03186903
   -0.00246846
    0.19454846
   -0.08139027
   -0.08801363
