           1           2   2.5635806988519043     
           2           3  0.93246810393113488     
           1           4  0.13691985250578281     
           3           4   1.7105379533531782     
           3           5   1.1233722991769133     
           5           6   1.4652359630641043     
           5           7  0.10959662083890853     
           6           7   1.3482066266062884     
           7           8   1.3283497915607938     
           8           9   1.0204251073397677     
           9          10   1.6041337273359482     
          10          11   1.0940030767168218     
          11          12   1.2910746567072853     
          12          13   1.6820675426721177     
          13          14   1.3747261477940187     
          14          15  0.99434925632080018     
          12          16  0.10739654513233576     
          14          16   1.2684720517317227     
          16          17   1.0042361353086611     
          11          18   1.3377272653833494     
          12          18  0.34252598658932076     
          13          18  0.16007681968548465     
          16          18   1.4356004432974214     
           9          19   1.0975914755709322     
          10          19  0.12689600255590372     
          10          20  0.21433779768364047     
          19          20   1.7123706860526156     
          20          21   1.5467313190786318     
           8          22   1.2757013971651503     
          21          22   1.1956875069275941     
           7          23  0.23252847568264096     
          21          23  0.10038426323807048     
          22          23   1.2157442294249852     
           6          24  0.89605231708401079     
          23          24   1.6833149334639925     
          24          25   1.0669962194423974     
          25          26   1.1060735884470545     
          26          27   1.7385858090789206     
          27          28   1.0996655622838720     
          26          29  0.30137351300552140     
          27          29  0.14412566993288364     
          28          29   1.4667458699791054     
