   -0.00835962
   -0.01887381
    0.15310836
   -0.07880419
    0.11785881
   -0.11961202
    0.05600713
    0.03347489
    0.12390560
   -0.18792579
    0.13037287
   -0.15090846
    0.13871747
   -0.02767735
   -0.01539263
    0.04825260
    0.01777153
    0.12286869
   -0.18139971
    0.03355996
    0.04187728
    0.04623405
   -0.04373819
   -0.00528490
    0.02469455
   -0.00737715
   -0.04049824
    0.08480076
    0.09539309
   -0.10557133
   -0.11220675
    0.02382023
   -0.03446592
    0.11459978
   -0.25140694
    0.32109697
   -0.35320111
   -0.00053378
    0.01773383
   -0.00747691
    0.19062689
   -0.09504865
   -0.09101187
