           1           2   2.1497972055905681     
           1           3  0.12974228484431713     
           2           3   1.1559854875897699     
           3           4   1.0875914016214745     
           4           5   1.2297397689391125     
           5           6   1.7864578639902076     
           6           7   1.3508256089846351     
           7           8   1.1315447481066583     
           8           9   1.1278460574544131     
           9          10   1.0777592547405770     
          10          11   1.2956335375350301     
          11          12   1.1164169932886328     
          11          13  0.10406055222790801     
          12          13   1.6666750893241222     
          13          14   1.1196371632128985     
          14          15   1.5366846634040039     
          15          16   1.6939611880385295     
          16          17   1.0567907739579563     
          15          18  0.13215102315432717     
          17          18   2.7986733135630653     
          16          19  0.83031724014553754     
          15          20  0.11801732919159054     
          19          20   1.7212796560553827     
          19          21   1.2987753496602208     
          20          21  0.34569594425943401     
          13          22  0.42403161953880020     
          14          22   1.1370940484953889     
          22          23   1.6085430309699644     
          23          24   1.0077469665855543     
          24          25   1.5669896655859481     
          12          26  0.95968407609630513     
          23          26  0.97351700052800605     
          13          27  0.12177998035092620     
          25          27  0.10721362185757448     
          26          27   1.7455411986252496     
           8          28  0.15672924523585452     
           9          28   1.5595554081940606     
           7          29   1.1876390613782883     
          28          29   1.1869820206378840     
           4          30   1.3364321988662202     
           5          30  0.33284398344278537     
           6          30  0.19040496013817290     
          29          30   1.3639758057968989     
