           1           2   2.8826831617179929     
           2           3  0.90565200974439897     
           1           4  0.22716446635882978     
           3           4   1.6740247538093378     
           3           5   1.1838838486986980     
           5           6   1.4231833800478406     
           6           7   1.1088602930323164     
           7           8   1.6433241593467145     
           8           9   1.0196048364327421     
           9          10   1.3402049610626885     
          10          11   1.1888151070880728     
          11          12   1.2712876500582166     
          12          13   1.6382587155832231     
          12          14  0.40487171339728578     
          13          14   1.6102609276335145     
          14          15   1.3578295335067350     
          15          16  0.99467347023858643     
          11          17   1.3034724543336500     
          12          17  0.15778655222450583     
          13          17  0.39589862619332944     
          14          17  0.14825255007444260     
          15          17   1.4299014159835721     
           9          18   1.3808759539178814     
          10          18  0.10874346609940264     
          10          19  0.19857010261072838     
          18          19   1.4523444820260110     
          19          20   1.7649129823973422     
           8          21   1.0237805216735998     
          20          21   1.1508430566024348     
           7          22  0.37062223153935780     
          21          22   1.4307771258987054     
           6          23   1.2096051094605420     
          22          23   1.6154708031510487     
