           1           2   1.5478223869923224     
           2           3   1.0164281917972187     
           1           4  0.12066943399269708     
           3           4   1.4218501239555035     
           4           5   1.2973445781803081     
           5           6   1.1504503020558006     
           6           7   1.4968009802821569     
           6           8  0.16307756223735181     
           7           8   1.3998082342265394     
           7           9  0.94742244442149914     
           9          10   2.2514816385380709     
           8          11  0.12033130681685142     
           9          11  0.12535770249549882     
          10          11   1.3458545868702134     
          11          12   1.1676933500180064     
          11          13  0.26724599899775348     
          12          13   1.0948156474290029     
          13          14   1.2534067873038328     
          14          15   1.2026930743001030     
          11          16  0.10200756603469824     
          15          16   1.1131502937568489     
          12          17   1.0753238842434525     
          13          17  0.13301235604959774     
          16          17   1.6552485508504224     
           4          18  0.45697568744637218     
           5          18   1.3500123664197388     
          18          19   1.3499386602971521     
          19          20   1.1947536771377225     
          20          21   1.2486234235675397     
          21          22   1.2120705023611869     
          22          23   1.2632727830117259     
          23          24   1.6594623855143036     
          23          25  0.37968946965741279     
          24          25   1.6314623336008607     
          25          26   1.3607427648522319     
          26          27  0.99738259121920203     
          22          28   1.2873812938396672     
          23          28  0.15505501185322748     
          24          28  0.43094319947640181     
          25          28  0.14918922698225254     
          26          28   1.4206005460697924     
          20          29   1.2290048099521380     
          29          30   1.0790319216326107     
          30          31   2.8196573251174346     
          21          32  0.28178382414624481     
          29          32   1.3922475874994873     
          32          33   1.6269997836451859     
           3          34   1.1831779866733592     
          19          34   1.1750630339963450     
          33          34   1.2656955238279815     
