   -0.09350687
    0.09159063
   -0.10839455
    0.16200733
   -0.08887256
    0.12014555
   -0.10817378
    0.06446440
    0.03420690
    0.12235444
   -0.18029896
    0.13107913
   -0.13736714
    0.14608208
   -0.06514227
   -0.07469639
    0.17913638
   -0.11652961
    0.05803619
    0.07425249
   -0.02326055
   -0.00790648
    0.03592756
   -0.00968911
   -0.03685763
    0.09102267
   -0.05726363
   -0.06303811
    0.01987026
   -0.04960896
    0.11881213
   -0.23664315
    0.32611750
   -0.33733119
   -0.01023353
    0.01456971
    0.00985887
    0.07572880
   -0.03551388
   -0.04137835
    0.13077931
   -0.06280122
   -0.03277970
   -0.02875472
