   -0.08052262
    0.10555747
   -0.11007476
    0.16338574
   -0.05939276
    0.11709868
   -0.13359128
    0.09407633
    0.01092805
    0.11858377
   -0.19340054
    0.13088515
   -0.10432986
    0.12078282
   -0.04021742
   -0.03500561
    0.15960764
   -0.15062684
    0.06296470
    0.06996325
   -0.02014667
    0.00881498
    0.03167385
    0.00690052
   -0.01071834
    0.08937332
   -0.07255140
   -0.08486821
    0.01773789
   -0.05207650
    0.10031990
   -0.13857738
    0.29737709
   -0.35083760
    0.00133064
   -0.00512180
   -0.00606059
    0.02662346
   -0.07276942
    0.01099001
    0.36403327
   -0.33550589
   -0.07565188
    0.02303886
