   -0.10312093
    0.09243488
   -0.10027580
    0.16179439
   -0.08535768
    0.11807172
   -0.14096272
    0.08704326
    0.00857253
    0.11783018
   -0.20519791
    0.12967997
   -0.09387949
    0.11950049
   -0.04913937
   -0.04395731
    0.15028986
   -0.14524096
    0.01198588
    0.04633863
   -0.00576709
    0.00730099
   -0.03342584
    0.16191283
    0.09048783
   -0.09277908
   -0.08724669
    0.01985416
   -0.04122456
    0.12558087
   -0.22244731
    0.32345818
   -0.34271637
   -0.00119944
    0.02205131
   -0.00503077
    0.19023709
   -0.09541234
   -0.09004338
