           1           2   1.7261136908435419     
           2           3   1.0271633255248034     
           3           4   2.5042125198865386     
           4           5   1.0816065942044424     
           5           6   1.3266890823694029     
           6           7   1.6523215151571640     
           5           8  0.10184553713881295     
           6           8  0.38352090246812498     
           7           8   1.6065518558190435     
           6           9  0.11401806059427330     
           8           9   1.3656100464808145     
           9          10  0.99693712950799029     
          10          11   1.2957083544050525     
          11          12   1.7283205078409944     
          12          13   1.3132954162489852     
          13          14   1.1963201226558220     
          11          15  0.14729465447133375     
          14          15   1.6335635682732368     
          15          16   1.5763106345031161     
          16          17   1.2419848701663609     
          15          18  0.12158695068849605     
          17          18   1.2870096778389843     
          18          19   1.2666564703449017     
          19          20   1.1981841951978600     
          20          21   1.8257869479974680     
          21          22   1.3010053139220463     
          22          23   1.0759764898367474     
          23          24   1.1580684031245343     
          24          25   1.1178082193897865     
          25          26   1.2986387047345336     
          26          27   1.6697125138379429     
          24          28  0.10007540007641690     
          26          28  0.36302771763595582     
          27          28   1.5910252451062619     
          28          29   1.3450436722743708     
          29          30  0.99869860179554226     
          25          31   1.3470609929848845     
          26          31  0.17290036533681266     
          27          31  0.43484047550376842     
          28          31  0.13989412001361265     
          29          31   1.3920479223225009     
          22          32   1.1786248200449432     
          32          33   1.0075962911913621     
          19          34   1.2722785871073503     
          20          34  0.26276495890130808     
          21          34  0.16758766958928620     
          24          34  0.11074752933511732     
          32          34   1.5078523885124278     
          13          35   1.1430880419743330     
          17          35   1.1871692134113938     
          10          36   1.4361710598878143     
          11          36  0.21316373539298439     
          12          36  0.21184308103655131     
          35          36   1.3363805901953605     
           5          37   1.3674257492988118     
           6          37  0.15410280764657586     
           7          37  0.40331660834205951     
           8          37  0.17267753155092017     
           9          37   1.3933140915627555     
           2          38   1.0952670966846858     
          38          39   1.6154165842613657     
