   -0.09029232
    0.11655098
   -0.11367640
    0.15899763
   -0.07832632
    0.11657481
   -0.12381602
    0.08653299
    0.02581801
    0.12516044
   -0.17560162
    0.13317911
   -0.10683449
    0.13466999
   -0.05107560
   -0.06884127
    0.16945701
   -0.13623556
    0.06456997
    0.07693619
   -0.02884898
   -0.00699439
    0.03759519
   -0.00322544
   -0.01470018
    0.09137534
   -0.05539260
   -0.08042041
    0.01113420
   -0.06236320
    0.12094757
   -0.21488431
    0.32251036
   -0.35523395
    0.00858385
    0.02980520
    0.00852051
    0.13794125
    0.03511186
   -0.16897004
    0.14405267
   -0.22029202
