           1           2   1.6721095884710289     
           1           3  0.10324857006062990     
           2           3   1.0432104561323248     
           1           4  0.10255135059743306     
           3           4   2.3913885907473791     
           4           5   1.2160297414722059     
           5           6   1.3601872389603793     
           6           7   2.1483680607958586     
           7           8   1.3985705503930981     
           8           9   1.1082231600061427     
           9          10   1.2684871677017240     
          10          11   1.7259888556165330     
          11          12   1.3207926235843432     
          12          13   1.1479978160641355     
          13          14   1.5905639277787580     
          14          15   1.7331642713057975     
          15          16   1.0894794881435399     
          14          17  0.14640738213604812     
          16          17   1.5946659019077618     
          17          18   1.0926105303921503     
          18          19   1.2980180819147322     
          19          20   1.6456635044355958     
          20          21   1.3647323541822716     
          21          22  0.97018411501515422     
          22          23   1.1550876857858996     
          23          24   1.0326380803928266     
          24          25   1.3495979931628694     
          25          26   1.6500561484589131     
          23          27  0.10554132861049600     
          24          27  0.12162711831184476     
          25          27  0.34543166658239222     
          26          27   1.6094031168315517     
          25          28  0.10124249163137573     
          27          28   1.3483066276799078     
          28          29  0.99738434821400501     
          24          30   1.3791486184732014     
          25          30  0.16903871013488070     
          26          30  0.37893306524360637     
          27          30  0.14229993352351508     
          28          30   1.3822664444982289     
          19          31  0.10575316171394937     
          21          31   1.2549807089066782     
          31          32  0.99937538237363943     
          18          33   1.3410801611283349     
          19          33  0.30325044185087147     
          20          33  0.15453748787604274     
          31          33   1.4369264674439082     
          12          34   1.1817867146828360     
          16          34   1.0526268590139696     
           9          35   1.3487147549355152     
          10          35  0.23256743614457609     
          11          35  0.16961898199729294     
          34          35   1.4257912668790513     
           5          36   1.0604391367604031     
           8          36   1.0933400481746640     
           2          37   1.1171901730088551     
          37          38   1.5794233741286101     
