           1           2   1.5362389906049432     
           2           3   1.0229451875529334     
           1           4  0.13575353017473177     
           3           4   1.3456985168531421     
           4           5   1.6481712167024674     
           3           6  0.10123023010947893     
           4           6  0.14730140231992261     
           5           6   1.7728277670991577     
           4           7  0.36723204177066837     
           5           7  0.14838084680544678     
           6           7   1.6520986175263965     
           3           8   1.2243766544429935     
           5           8  0.13092327784215771     
           7           8   1.4113264082944350     
           8           9  0.99975610243753221     
           9          10   1.3110442361790060     
          10          11   1.6462797383362000     
          11          12   1.4464175929682124     
          12          13   1.1154304227126339     
           9          14   1.3982096945497660     
          10          14  0.19617669111911890     
          11          14  0.22139181833749288     
          13          14   1.3810857490929940     
          13          15   1.2118376867786804     
          15          16   1.2702061028529588     
          15          17  0.16999181935829311     
          16          17   1.7365890706311948     
          12          18   1.0467356823967779     
          16          18  0.78416581991181533     
          10          19  0.12032779267859418     
          15          19  0.19417011203327014     
          17          19  0.16290613835324305     
          18          19   1.8537620723609236     
          19          20   1.1977048465434483     
          20          21   1.4034637232899501     
          21          22   1.1730082243250401     
          20          23  0.11238609681973338     
          22          23   1.5396778854020889     
          22          24   1.1504322237290139     
          24          25   1.2556829298121994     
          25          26   2.1426501266195550     
          26          27  0.81079530585127435     
          26          28  0.10017535674307558     
          27          28   1.6869219412769278     
          26          29  0.18342055014319614     
          27          29   1.3883599912313365     
          28          29  0.26869244866416681     
          20          30   1.0946773723479744     
          24          30   1.1238136626144104     
          21          31  0.27986884711039905     
          30          31   1.6384416963736448     
