           1           2   2.0043916028993336     
           2           3   1.1185400275972286     
           3           4   1.0731394242309298     
           4           5   1.4733840212860025     
           5           6   1.3775696616367772     
           6           7   1.2404266794351368     
           7           8   1.6669470813442762     
           8           9   1.3914175198900878     
           9          10   1.0806071945027902     
          10          11   2.8167655684318742     
           9          12   1.2251613743884802     
           8          13  0.28908312409532538     
          12          13   1.2491889763440782     
          13          14   1.2130178190563854     
          14          15   1.2607991050499585     
          15          16   1.6336314353162096     
          15          17  0.40610742416256984     
          16          17   1.6178930536303699     
          17          18   1.3594193938833705     
          18          19  0.99854996708420896     
          14          20   1.2944165701152879     
          15          20  0.16314022058740460     
          16          20  0.39849103027312921     
          17          20  0.13764316429749454     
          18          20   1.4264795092356779     
           6          21   1.0782857078584984     
          12          21   1.1971955410049746     
           5          22  0.40314702067542291     
          21          22   1.4039232061669273     
           4          23   1.1032291082702899     
          22          23   1.4609702984688173     
          23          24   1.1488784346634782     
          24          25   1.5124544880262691     
          24          26  0.18294304231893088     
          25          26   1.3840717806775789     
          25          27  0.94999605450887326     
          26          27  0.10069947785495342     
          27          28   2.2180074889008488     
          26          29  0.16017518907678524     
          27          29  0.10323436034791671     
          28          29   1.3610172210306060     
          29          30   1.1362004757519477     
          30          31   1.0415129504577345     
          29          32  0.19286848288632330     
          31          32   1.5085322456796377     
          32          33   1.1735834447092257     
          29          34  0.16479715036953241     
          30          34  0.10513247587995571     
          33          34   1.1517739189655758     
          29          35  0.16687952189245789     
          30          35   1.1445063737516459     
          31          35  0.16507001148063741     
          32          35  0.15405250196083692     
          34          35   1.3338019793359772     
