   -0.06988977
    0.18345780
   -0.06014150
   -0.02671767
    0.04492303
   -0.01783735
    0.29857104
   -0.35930216
   -0.15386757
    0.09952386
   -0.04146051
    0.01103044
    0.20366063
   -0.12845396
    0.13108842
   -0.04046150
   -0.01294329
    0.18035981
   -0.16515431
    0.08933840
   -0.06272223
   -0.06594819
   -0.18044545
    0.17363699
   -0.14124851
    0.11531645
   -0.05767425
    0.16059943
   -0.19149722
    0.13305675
   -0.03950288
    0.07061020
   -0.11631974
    0.03641485
