           1           2   1.4503326173547935     
           1           3  0.71077915218290466     
           2           3   1.4623251170857947     
           2           4  0.89930197805287948     
           1           5  0.11635704499658379     
           3           5  0.10298718131579435     
           4           5   1.2516623614911015     
           5           6   1.2818449741176310     
           6           7   2.5045474509144432     
           7           8   1.0223465689342606     
           8           9   1.6602716340135308     
           8          10   1.1773147716082382     
          10          11   1.3043695720678130     
          11          12   1.2160928253080114     
          10          13  0.10996074376650644     
          12          13   1.7795633463331864     
          13          14   1.2826891782079000     
          14          15   1.1933655514665644     
          12          16  0.18943950942575444     
          15          16   1.6325239315108673     
          16          17   1.5752407088955251     
          17          18   1.1000505320328966     
          18          19   2.7944941876090681     
          17          20  0.99224986448574715     
          20          21   1.6596812961195671     
          21          22   1.0989267548007526     
          22          23   1.3093553253798236     
          23          24   1.6166924192212764     
          23          25  0.39157535093386980     
          24          25   1.6381565903934199     
          23          26  0.10011373334699966     
          25          26   1.3657756908190513     
          26          27  0.99354045423068982     
          22          28   1.3550705376603074     
          23          28  0.16518353038460712     
          24          28  0.38906331152216678     
          25          28  0.14949349707966381     
          26          28   1.4166112222785916     
          14          29   1.1365366008942253     
          20          29   1.0477760148430553     
          11          30   1.2211879204728395     
          12          30  0.15593127639108101     
          13          30  0.19616735332102905     
          29          30   1.4992357647434067     
           4          31  0.93782748933602544     
           1          32  0.16277538542610412     
           3          32  0.16403576122335825     
           5          32  0.12353924406816230     
          31          32   1.4493491182791074     
           4          33  0.15844220310695853     
           5          33  0.27503523070184849     
          31          33   1.4352389196589697     
          32          33  0.59759582392870414     
