           1           2   1.4348956652943250     
           1           3  0.64788561286713042     
           2           3   1.4011324318280540     
           2           4  0.97737161549238250     
           3           5  0.14579321296164324     
           4           5   1.1723842470969963     
           5           6   1.2748454089964238     
           6           7   2.4993098754210084     
           7           8   1.0086386602821942     
           8           9   1.4084002183999851     
           8          10   1.4524804193938006     
           9          10  0.23311399993784393     
          10          11   1.2001599729521544     
          11          12   1.2518371668325237     
          12          13   1.7978328225956393     
          13          14   1.2876286953054203     
          14          15   1.1795158611276464     
          12          16  0.17235877841709638     
          15          16   1.6580918578944974     
          16          17   1.5661926036058202     
          17          18   1.0984405040165623     
          18          19   2.7964482875093339     
          17          20  0.99455896782896325     
          20          21   1.6473806482175970     
          21          22   1.1036105751821248     
          22          23   1.3093850972828132     
          23          24   1.6151492770025724     
          23          25  0.38759310456166551     
          24          25   1.6404051633237204     
          25          26   1.3639463793278046     
          26          27  0.99971378092114116     
          22          28   1.3520545198491325     
          23          28  0.16492260993202212     
          24          28  0.36302903077202459     
          25          28  0.14934988989242898     
          26          28   1.4147167970984702     
          14          29   1.1440454157611653     
          20          29   1.0541709867470488     
          11          30   1.2639661184442634     
          12          30  0.16496344609663857     
          13          30  0.18947694278479313     
          29          30   1.4683923785250792     
           4          31  0.90623791359201844     
           1          32  0.15735882094937487     
          31          32   1.4684763644896217     
           5          33  0.14532432148490490     
          31          33   1.4519020829888483     
          32          33  0.66251919099364498     
