           1           2   1.6444814533121175     
           1           3  0.16196751362910319     
           2           3   1.1541669361587052     
           3           4   1.3614672134023107     
           4           5   1.1169621775894241     
           5           6   1.8700413481257272     
           6           7  0.84047126383047477     
           7           8   1.6473251407303471     
           5           9  0.16679914092932313     
           6           9  0.17712642913792129     
           7           9   1.3721146203087176     
           8           9  0.20413392907491415     
           1          10  0.19360562479032337     
           3          10  0.12720406635648202     
           4          10   1.1919358156958124     
           1          11  0.10616422398783193     
           2          11   1.0726358992988161     
          10          11   1.3106318869952436     
          11          12   1.2980201615108522     
          12          13   1.8234423618649847     
          13          14  0.79302450946720981     
          12          15  0.15429641930292090     
          14          15   1.7715291520846335     
          12          16  0.18471826076207770     
          14          16   1.2418958171823731     
          15          16  0.16832221643664544     
          16          17   1.2470268460002869     
          17          18   1.2581345586078998     
          18          19   1.5764296510804388     
          19          20   1.6679262847389555     
          20          21   1.1667418855952070     
          19          22  0.19425279344884977     
          21          22   1.2830443593513847     
          22          23   1.2476709083261937     
          23          24   1.2070719247086312     
          24          25   1.7294953774946611     
          25          26   1.3614764941725523     
          26          27   1.0087428638279294     
          26          28   1.2437328812288375     
          28          29   1.0116637346660826     
          23          30   1.2796985807084214     
          24          30  0.36405186064959183     
          25          30  0.15494127523571033     
          28          30   1.4669828932154074     
          13          31   1.0861922893233142     
          17          31   1.2156635960376261     
          21          31   1.2938022845564061     
