           1           2   1.5383860961312450     
           2           3   1.0228891754820959     
           1           4  0.15647711550032975     
           3           4   1.4319527552332818     
           4           5   1.3995175581914236     
           5           6   1.1528167966012097     
           6           7   1.6685900161042173     
           7           8   1.5734654326367976     
           8           9   1.0993112502602254     
           9          10   2.7926575399787708     
           8          11  0.99449213268811976     
           7          12  0.11736988313894478     
          11          12   1.6640348758460064     
          12          13   1.0972807995494334     
          13          14   1.2801079265619046     
          14          15   1.6785304353469050     
          15          16   1.3492603979576296     
          16          17   1.0421218331417721     
          15          18  0.14715170791322371     
          17          18   1.1777577826254444     
          18          19   1.5212678204770191     
          19          20   1.3132380312704808     
          17          21   1.1621677055933677     
          18          21  0.27554872980728856     
          19          21  0.53259348801557072     
          20          21   1.4629443442910359     
          16          22   1.2655863387662598     
          22          23   1.0025053483347282     
          13          24   1.3453292648872528     
          14          24  0.34681259078812388     
          15          24  0.15694861942064506     
          22          24   1.4342837894884588     
           5          25   1.1279202637794743     
          11          25   1.0255731536003563     
           1          26  0.10241493970432376     
           4          26  0.35559586712955793     
          25          26   1.5062749571590364     
           3          27   1.1276569956662221     
          26          27   1.3850443299543405     
          27          28   1.1807362289321626     
          28          29   1.4924163068012724     
          28          30  0.18959423081889357     
          29          30   1.3918133400208772     
          29          31  0.96730101825650516     
          30          31  0.12630959152305896     
          31          32   2.2062734169740370     
          32          33   1.4002695900752704     
          33          34  0.95979799693451229     
          31          35  0.14772312745276558     
          33          35  0.46628905061595460     
          34          35   1.3395661066404383     
          31          36  0.10485703948920996     
          33          36  0.37453809471817001     
          34          36   1.3650468683363484     
          35          36  0.48161515219108170     
