   -0.09628183
    0.10023065
   -0.10485088
    0.16451961
   -0.08823135
    0.11940298
   -0.11952569
    0.05241359
    0.03068202
    0.12190977
   -0.18835243
    0.12884717
   -0.15469784
    0.13913382
   -0.06483212
   -0.08533534
    0.17225966
   -0.13992149
    0.03612855
    0.06391873
    0.00333147
    0.02507128
    0.01643075
    0.06183810
   -0.03904658
    0.03197616
    0.04134557
   -0.03929054
    0.04506904
    0.08687993
   -0.07896255
   -0.06811821
    0.02180818
   -0.06209394
    0.11745220
   -0.21261203
    0.32009209
   -0.36427939
   -0.00386064
    0.01663720
   -0.00822011
    0.18982943
   -0.09215482
   -0.09654019
