           1           2   2.1636065334309098     
           1           3  0.10832326879640533     
           2           3   1.1229939759446697     
           3           4   1.1055799336881860     
           4           5   1.4588449242703281     
           5           6   1.3948801086500693     
           6           7   1.2436001502190650     
           7           8   1.6591314119474430     
           8           9   1.3703478048056013     
           9          10   1.0834962935996337     
          10          11   2.8118585116454509     
           9          12   1.2400830474503803     
           8          13  0.19579536565226774     
          12          13   1.2522546199426605     
          13          14   1.2753548856489920     
          14          15   1.1964496303002152     
          15          16   1.8081725239182507     
          16          17   1.3006156655278036     
          17          18   1.0710373167811600     
          18          19   1.1200588381600425     
          19          20   1.1880121058145667     
          20          21   1.3231377485057014     
          19          22  0.11998005572109802     
          21          22   1.6109837670700362     
          19          23  0.13706533800243029     
          20          23  0.10314875862388026     
          21          23  0.19745383565519120     
          22          23   1.7059155110930571     
          23          24   1.2865091341517341     
          24          25   1.2784013113128054     
          25          26   1.7302001731096406     
          25          27  0.14830010364563065     
          26          27   1.6830996008724843     
          25          28  0.40174271379123078     
          26          28  0.11034454297329691     
          27          28   1.7078294619640295     
          20          29   1.1595140309976752     
          24          29   1.1127268271213131     
          28          29   1.3674520891911479     
          17          30   1.1893152234782884     
          30          31   1.0022475262688526     
          14          32   1.2601487418673700     
          15          32  0.28754221413918724     
          16          32  0.16840886224900090     
          19          32  0.10520892291496038     
          30          32   1.5066633342469777     
           6          33   1.0576229945252664     
          12          33   1.1786672242917045     
           5          34  0.46001761717128209     
          33          34   1.4582390589825838     
           4          35   1.0707296483434934     
          34          35   1.3678449422585663     
           1          36  0.10706626236987532     
          35          36   1.2768495296863986     
          36          37   1.2090581299004346     
          36          38  0.13345307322989186     
          37          38   1.6537761373767415     
          37          39  0.98241950760422581     
          39          40   2.2840287707202824     
          40          41   1.3462778560266344     
          41          42  0.95859842151742458     
          39          43  0.14980162899069896     
          41          43  0.47252015888210352     
          42          43   1.3567786981944092     
          39          44  0.16034423281158672     
          41          44  0.46255016033658575     
          42          44   1.3569595269730395     
          43          44  0.52096107181829776     
