           1           2   2.7929722638199892     
           2           3   1.0496693351753879     
           1           4  0.15045130734964976     
           3           4   1.7430854456276148     
           4           5   1.2280752866168270     
           5           6   1.5401420030297968     
           6           7   1.1024390892006715     
           7           8   1.8245232418974997     
           7           9  0.86410764708796362     
           6          10  0.11435627304973572     
           9          10   1.6220512244916738     
           4          11  0.28310243015852710     
           6          11  0.23632342625555230     
           9          11   1.0708793131507024     
           5          12   1.0129382596808034     
           6          12  0.26409213040638130     
           9          12  0.10283097756889029     
          10          12  0.19094969566216660     
          11          12   2.0066102919001949     
           3          13  0.95934495123671859     
          13          14   1.7355042341701659     
          13          15   1.1279607014087230     
          14          16  0.10345707652588369     
          15          16   1.7508441424238308     
          16          17   1.1068884118068971     
          17          18   1.2875346712077644     
          18          19   1.6377592457088173     
          18          20  0.20229014370431694     
          19          20   1.5802091302753332     
          18          21  0.23727810509975400     
          20          21   1.5818032483773570     
          17          22   1.2875169147703227     
          19          22  0.23695933207626585     
          20          22  0.20399083722095016     
          21          22   1.6382388360695095     
