           1           2   2.0590626007510662     
           2           3   1.1556625765795079     
           3           4   1.1615579732658283     
           2           5  0.13997557683658593     
           4           5   1.3200740407809177     
           5           6   1.0580729900889343     
           4           7  0.17258623537057036     
           6           7   1.1821624690195203     
           7           8   1.2513425005965970     
           7           9  0.10478771287424624     
           8           9   2.5543553064129734     
           9          10   1.0190662623860658     
          10          11   1.6613900708954779     
          10          12   1.1845262361472089     
          11          12  0.10249609535060115     
          12          13   1.2697692472235620     
          13          14   1.2165061975650673     
          12          15  0.12264179341872061     
          14          15   1.7679564327225106     
          15          16   1.3117949112899696     
          16          17   1.0947502245051932     
          14          18  0.12668554680648450     
          17          18   1.6771735218958244     
          18          19   1.6519501081638872     
          19          20   1.1810005589610966     
          20          21   1.5728250276391416     
          21          22   1.1202514618718398     
          22          23   1.2991364385648734     
          23          24   1.6217859761650146     
          23          25  0.39086148773675944     
          24          25   1.6286889400732776     
          25          26   1.3619915942257237     
          26          27  0.99670865278458809     
          22          28   1.3443950459105429     
          23          28  0.16008399522937194     
          24          28  0.36899447508128685     
          25          28  0.15409090053852290     
          26          28   1.4181034375999146     
          16          29   1.1753372695963940     
          20          29   1.0067914158904403     
          13          30   1.2462249498249196     
          14          30  0.16519629688083376     
          15          30  0.15963758180187004     
          29          30   1.4802445631221286     
           1          31  0.10536639842269885     
           4          31  0.19082196940782617     
           5          31  0.36344996794197487     
           6          31   1.1856000905528636     
           3          32   1.0808900703870110     
           4          32  0.26632078352483629     
           5          32  0.12434710496605747     
           7          32  0.12689602422209645     
          31          32   1.3578184012317134     
