           1           2   2.5645184046186400     
           2           3  0.92157525509560334     
           1           4  0.12165180630950861     
           3           4   1.6898583543934580     
           3           5   1.1869128659867751     
           5           6   1.2689779274221957     
           6           7   1.3795314892342163     
           7           8   1.4377607941975610     
           8           9   1.1850068392139452     
           9          10   1.2656493775756070     
          10          11   1.2483587838918213     
          11          12   1.2086962225294318     
          12          13   1.7205109718818976     
          13          14   1.3576321437688388     
          14          15   1.0052721473065620     
          14          16   1.2476738953230373     
          16          17   1.0091574319597398     
          11          18   1.2697127459108959     
          12          18  0.37266846292033151     
          13          18  0.15139905639182494     
          16          18   1.4672779580159285     
           9          19   1.2167799315541847     
          19          20   1.0806832801574968     
          20          21   2.8155099385976285     
          10          22  0.25510899850535212     
          19          22   1.3922870247212977     
          22          23   1.6419297660017538     
           8          24   1.0660538742327159     
          23          24   1.2581465068984619     
           7          25  0.42855060583034865     
          24          25   1.3660962809147819     
           6          26   1.0653463599983808     
          25          26   1.4788916342805345     
          26          27   1.0759560327038424     
          27          28   1.1369658111026355     
          28          29   1.3097416694248216     
          28          30  0.19200589531675549     
          29          30   1.8978418995544053     
          30          31   1.0938334502923366     
          29          32  0.10250965002141631     
          31          32   1.1697884564053960     
          32          33   1.4419209802807520     
          33          34   1.1635115349676513     
          30          35  0.10233140190545391     
          32          35  0.17456631308818110     
          33          35  0.24639568941606102     
          34          35   1.1686374113547271     
          31          36   1.1688366026843182     
          32          36  0.13802755379158912     
          33          36  0.21767672874124819     
          35          36   1.3900542944305270     
