   -0.04393443
    0.00268353
    0.33166543
   -0.33666958
   -0.19826063
    0.12017031
   -0.03351508
    0.01815132
    0.19303786
   -0.13417241
    0.13534396
   -0.02590964
   -0.03509843
    0.19175629
   -0.15959786
    0.07331478
   -0.05631734
   -0.07604342
   -0.14980937
    0.16172091
   -0.13221458
    0.13445598
   -0.09956700
    0.17323908
   -0.11323831
    0.07811878
   -0.01384087
    0.02129118
    0.08238657
   -0.04567268
    0.03886673
   -0.11947811
    0.05526082
   -0.03812380
