           1           2   2.5467514272999674     
           2           3  0.92736557683499943     
           1           4  0.11900300604471095     
           3           4   1.6958134091708910     
           3           5   1.1768564811345534     
           5           6   1.2871741530746512     
           6           7   1.3721103364007288     
           7           8   1.4667425000525893     
           8           9   1.1474488310714124     
           9          10   1.3587724070461944     
          10          11   1.2114474708789833     
          11          12   1.2470377354594739     
          12          13   1.7814730571825947     
          13          14   1.3632323016091106     
          14          15  0.99997350623146763     
          12          16  0.10015474288209643     
          14          16   1.2631377233967993     
          16          17   1.0033746088307425     
          11          18   1.2773242183327793     
          12          18  0.31076275297607370     
          13          18  0.14634602403938515     
          16          18   1.4555146620255865     
           9          19   1.2085159795895466     
          10          20  0.21865995407059374     
          19          20   1.6337656523832982     
          20          21   1.5762504652452529     
           8          22   1.0748581647963498     
          21          22   1.2438194079085765     
           7          23  0.47555219452278147     
          22          23   1.3572574841201832     
           6          24   1.0598218351395976     
          23          24   1.4880974246978067     
          24          25   1.0851723490392609     
          25          26   1.1142466502540711     
          26          27   1.6983262812619442     
          26          28  0.24241331865452839     
          27          28   1.6406072115667332     
          28          29   1.1780265886071779     
          28          30  0.14757299879990682     
          29          30   1.0694129813074371     
          30          31   1.3452683298275523     
          31          32   1.1741317045114479     
          32          33   1.1309480150069307     
          29          34   1.0738668777083962     
          30          34  0.14209011346658473     
          33          34   1.5787444023402533     
