           1           2   1.4054596443246936     
           1           3  0.12024945141700619     
           2           3   1.2565012496261465     
           1           4  0.27660602279169000     
           3           4   1.5674382381435321     
           1           5  0.15061561527240086     
           3           5  0.39733654619438541     
           4           5   1.5711995956339295     
           5           6   1.2531589099772140     
           1           7  0.37052806174080216     
           3           7  0.15111636731342648     
           4           7  0.27627459273450000     
           5           7  0.11843512785259995     
           6           7   1.4054185960731440     
           2           8   1.1473367582447742     
           6           8   1.1509481052480153     
           1           9  0.10363733813939412     
           7           9  0.10513583035005095     
           8           9   1.3007235844548546     
           9          10   1.4304259547747400     
           9          11  0.15108483995505809     
          10          11   1.4640421760087607     
          10          12  0.89998861054808521     
          12          13   1.0657182576280069     
          13          14   2.7748105513092698     
          11          15  0.13079921686360785     
          12          15   1.3914485739814733     
          14          15  0.12521479292739837     
          15          16   1.0434188480630604     
          16          17   1.6633021477413288     
          17          18   1.0832271897866395     
          18          19   1.8527208497084815     
          18          20  0.81928493372249023     
          20          21   1.8666860615427090     
          15          22  0.18418982422311386     
          17          22  0.20648209827509714     
          20          22   1.0417452677938646     
          12          23  0.14836148458521362     
          15          23  0.12480466046791833     
          16          23   1.0262501724873083     
          17          23  0.17537748878739887     
          21          23  0.14238440765009180     
          22          23   2.0344836317718435     
