           1           2   2.5649335762651551     
           2           3  0.92864551370154447     
           1           4  0.17816965631132953     
           3           4   1.7001224711346958     
           3           5   1.1714859822565573     
           4           5  0.10802237504629586     
           5           6   1.4875138438730329     
           6           7  0.97951462224509400     
           7           8   2.1298611034148607     
           8           9   1.1529780918467976     
           9          10   1.2613811694469448     
           7          11  0.12627334791571354     
           8          11  0.11331349358411091     
          10          11   1.5581931165933127     
          11          12   1.6061465996602768     
          12          13   1.2559116229453704     
          11          14  0.11700124278899217     
          13          14   1.2753412096262904     
          14          15   1.2843948746544063     
          15          16   1.2074612828244078     
          16          17   1.7960580663800096     
          17          18   1.3555319528954333     
          18          19   1.0113846060471074     
          18          20   1.2446699530882055     
          20          21   1.0070818770434109     
          15          22   1.2442576353600330     
          16          22  0.32126342909170563     
          17          22  0.16422338564544936     
          20          22   1.4801899024891743     
           9          23   1.2066928454684200     
          13          23   1.1833177699503379     
           6          24   1.3055950143733199     
           8          24  0.18994206154886406     
          23          24   1.3065618630792690     
