           1           2   1.8803286276194220     
           1           3  0.28326775555575606     
           2           3   1.1395776503041344     
           3           4   1.1546432235093989     
           4           5   1.1573864798512845     
           5           6   1.4256886933986348     
           6           7   1.1679129223015936     
           5           8  0.13934013467270742     
           6           8  0.20230395676424590     
           7           8   1.1502956363763732     
           4           9   1.1480951102494856     
           5           9  0.15759498426987181     
           6           9  0.18647867572798019     
           8           9   1.4128431192580038     
           2          10  0.82304752092641043     
           1          11  0.10600158180297022     
          10          11   1.6978211069585993     
          10          12   1.2291948506740469     
          11          12  0.10002028020315029     
          12          13   1.2522888353672554     
          13          14   1.2146454157039963     
          14          15   1.7924023061795571     
          15          16   1.3021507595331243     
          16          17   1.1598910920464014     
          14          18  0.11851365571759447     
          17          18   1.5691052986137866     
          18          19   1.7806351526160871     
          19          20   1.0990553390985580     
          20          21   1.6249651940074956     
          21          22   1.1041241727987228     
          22          23   1.3074187193061382     
          23          24   1.6149116991737764     
          23          25  0.38889653835978288     
          24          25   1.6354852524937964     
          23          26  0.10004309815245466     
          25          26   1.3650617158816618     
          26          27  0.99639228350278364     
          22          28   1.3545049714215700     
          23          28  0.16451845683907329     
          24          28  0.36039228712046234     
          25          28  0.15193183191936996     
          26          28   1.4174464128689626     
          16          29   1.1533354864771062     
          20          29   1.0157095927827642     
          13          30   1.2561135578091935     
          14          30  0.15240118035128336     
          15          30  0.19111942844128452     
          29          30   1.4865344228669930     
