   -0.09035270
    0.07933359
   -0.05454547
    0.10183311
    0.28568632
   -0.31114385
    0.03110452
   -0.04422239
    0.04949544
   -0.11961585
    0.04612879
   -0.02052912
   -0.15842928
    0.12939924
   -0.00615759
    0.01916050
    0.30627203
   -0.29690284
   -0.24092518
    0.19883730
   -0.14015711
    0.16814244
   -0.16044877
    0.19395241
   -0.15739799
    0.13672738
   -0.04343348
   -0.05385447
    0.06668786
    0.03830789
   -0.01138653
   -0.01303793
    0.08619647
   -0.00405023
    0.07335638
   -0.02917821
    0.00247647
    0.04071242
    0.00068824
   -0.02106527
   -0.05959608
   -0.01806846
