           1           2   1.6127987515262243     
           1           3  0.27858979585511401     
           2           3   1.3203636621057386     
           3           4   1.1937437226653835     
           4           5  0.94759675638850793     
           5           6   1.7691791149996436     
           5           7   1.1073541994915581     
           6           7  0.11094443587036221     
           7           8   1.1291106774346704     
           8           9   1.3887884967443773     
           9          10   1.1365516115058785     
           9          11  0.10394306554510084     
          10          11   1.1630820264274231     
           7          12   1.1160639647509267     
           8          12  0.13510858159093009     
          11          12   1.3782150074298112     
           1          13  0.17468357316276700     
           4          13   1.4658899978121007     
           1          14  0.11043523104711106     
           2          14  0.93457921533718258     
          13          14   1.1989791994493397     
           3          15  0.12491289588227709     
           4          15  0.10361845877201227     
          14          15   1.5334247361099207     
          15          16   1.4244169595924876     
          16          17  0.81143339492685351     
          17          18   1.7638532838724570     
          15          19  0.12997514328569640     
          17          19   1.2109945954908383     
          18          19  0.12048812989227414     
          19          20   1.2870025105647471     
          20          21   1.2487702382849679     
          21          22   1.5785597999188350     
          22          23   1.6745452541604040     
          23          24   1.1654088311938817     
          22          25  0.17643076994496099     
          24          25   1.2870287180054334     
          25          26   1.2403798225413065     
          26          27   1.2218364285016832     
          27          28   1.7787153962087292     
          28          29   1.3578554582782938     
          29          30   1.0107773595924767     
          29          31   1.2435318825709714     
          31          32   1.0115267966520045     
          26          33   1.2735473890964122     
          27          33  0.30280927875983815     
          28          33  0.14809684769762640     
          31          33   1.4580775724358488     
          16          34   1.0956417560090825     
          20          34   1.1939538367365650     
          24          34   1.2872802056559776     
