           1           2   1.4751677709644222     
           1           3  0.18917096658791624     
           2           3   1.4801341920245243     
           3           4   1.3589504100101812     
           4           5   1.1700327722619521     
           3           6  0.25768448749333228     
           5           6   1.4160229523745189     
           5           7   1.1773205992790647     
           6           8  0.19389768657658193     
           7           8   1.6123203919591924     
           8           9   1.5280256037776687     
           4          10   1.1414964497329139     
           9          10   1.2770624616883111     
           6          11  0.15441664191032159     
           8          11  0.16445236535481178     
           9          11  0.12251639557204184     
          10          11   1.3184150341340857     
          11          12   1.2164146980166111     
          12          13   1.2217489444796308     
          13          14   1.7252624976741779     
          14          15   1.3422907282313956     
          15          16   1.0187401764057293     
          16          17   1.1988238825401965     
          17          18   1.0670603241698902     
          18          19   1.3305939288825890     
          19          20   1.6584519542455081     
          17          21  0.11356686641577579     
          18          21  0.11211118180287497     
          19          21  0.36158782670110717     
          20          21   1.6005601126013405     
          19          22  0.10031153886279284     
          21          22   1.3479610934583308     
          22          23  0.99834046464084469     
          18          24   1.3726478736872463     
          19          24  0.17080378263119486     
          20          24  0.40157044321133628     
          21          24  0.14505857259452756     
          22          24   1.3860320002614248     
          15          25   1.2287034387543314     
          25          26   1.0036148468307744     
          12          27   1.2846609773327828     
          13          27  0.31856191861077332     
          14          27  0.16086319972455884     
          25          27   1.4733056999366154     
           2          28  0.89210881988390722     
          28          29   1.7117578212162017     
          28          30   1.1845404913395003     
          29          30  0.10470026853229625     
          30          31   1.5971260069587048     
          30          32  0.12448644435541475     
          31          32   1.4052563512094896     
          32          33   1.2674506626407274     
          33          34   1.0871664086895461     
          32          35  0.13436348809329707     
          34          35   1.4447114909070782     
          35          36   1.1431420131361936     
          35          37  0.10924676996943336     
          36          37   1.1378038086198814     
          31          38  0.11965432022119227     
          32          38  0.17280193523699486     
          33          38   1.0519548583397409     
          34          38  0.15249956316606300     
          37          38   1.4592817883200664     
