           1           2   1.6125708118205027     
           1           3  0.19106046511445665     
           2           3   1.3490823034923218     
           3           4   1.2682310195714876     
           4           5   1.2121068027289046     
           5           6   1.5489831803609351     
           5           7   1.0871273284068035     
           7           8   1.1146185987102117     
           8           9   1.4533002497634531     
           9          10   1.1244713719790653     
          10          11   1.1806865883863826     
           7          12   1.1450698862201059     
           8          12  0.10492607378150724     
          11          12   1.3532407731451195     
           1          13  0.15687989124831420     
           4          13   1.1938061507012716     
           1          14  0.10707573572586045     
           2          14  0.89303098144709736     
          13          14   1.5071112311660646     
           3          15  0.11219734029139708     
          14          15   1.2256294394005092     
          15          16   1.8403265812346359     
          16          17  0.80479379585806399     
          15          18  0.13755770353540031     
          17          18   1.7369366713205217     
          15          19  0.16775948716685338     
          17          19   1.2551412107424456     
          18          19  0.16457142106000611     
          19          20   1.2342084515912413     
          20          21   1.2636576118260592     
          21          22   1.5703778520864142     
          22          23   1.6667811773572656     
          23          24   1.1675487511234810     
          22          25  0.19995204683169948     
          24          25   1.2815908962398868     
          25          26   1.2415105495696066     
          26          27   1.2099533477542339     
          27          28   1.7184029038079631     
          28          29   1.3626885776031299     
          29          30   1.0062922539153916     
          29          31   1.2467964400659999     
          31          32   1.0100067393541352     
          26          33   1.2819182590184535     
          27          33  0.37214216934877681     
          28          33  0.14498716626903549     
          31          33   1.4646445200794087     
          16          34   1.0837043312011343     
          20          34   1.2228534098990542     
          24          34   1.2955098752531424     
