           1           2   2.7950148908420451     
           2           3   1.0496783042295734     
           1           4  0.15832759568862231     
           3           4   1.8061952389243667     
           4           5   1.2037502465282983     
           4           6  0.10055175737476890     
           5           6   1.5069775176143174     
           6           7   1.1541647037253884     
           6           8  0.12398467758341618     
           7           8   1.6676773359533632     
           7           9  0.86205469975861015     
           9          10   1.8511134315411226     
           4          11  0.10948993275199113     
           6          11  0.25189711238810375     
           9          11   1.0431248159627016     
           4          12  0.16299216001108599     
           5          12   1.0623072110082943     
           6          12  0.22350881206174492     
          10          12  0.12835919004070953     
          11          12   2.0305317167363843     
           3          13  0.91465236859537380     
          13          14   1.7780998388632778     
          13          15   1.1129149366714830     
          14          15  0.11097770335890141     
          15          16   1.0988089403528465     
          16          17   1.5191765600789577     
          17          18   1.0973016071357762     
          18          19   1.1077718924203954     
          18          20  0.10827655036035654     
          19          20   1.7799841723731133     
          19          21  0.91534892053769024     
          21          22   1.0497080437312338     
          22          23   2.7910016792981742     
          21          24   1.7945272168300248     
          23          24  0.16021546117287344     
          24          25   1.1930191609752936     
          24          26  0.13256195117523006     
          25          26   1.1438780513455866     
          24          27  0.23283183245353628     
          26          27   1.7393822802632000     
          27          28   1.2258820475465375     
          26          29  0.19410664456965282     
          28          29   1.5958364557978557     
          28          30  0.97159194990902220     
          27          31  0.10083502606765936     
          29          31  0.15409876925368970     
          30          31   1.5785427353277359     
          25          32   1.4142993047759891     
          26          32  0.35156373406073826     
          27          32  0.27128240179294782     
          30          32   1.2539855850794666     
          17          33  0.13450704141219844     
          18          33   1.1267829982660009     
          15          34   1.1211808136689652     
          16          34  0.13090911121123702     
          33          34   1.3537028440264161     
