           1           2   2.1691078710311027     
           1           3  0.11428908938235255     
           2           3   1.1268946698429063     
           3           4   1.1088207092920315     
           4           5   1.4623200424114040     
           5           6   1.3941879254375769     
           6           7   1.2429336873576582     
           7           8   1.6604378856111777     
           8           9   1.3809757301021783     
           9          10   1.0805848486817389     
          10          11   2.8153050828900876     
           9          12   1.2292093446271033     
           8          13  0.24666989391818817     
          12          13   1.2596894802620038     
          13          14   1.2400269879984747     
          14          15   1.2163948074535631     
          15          16   1.7239894622666241     
          16          17   1.3395266476827294     
          17          18   1.0388605471688870     
          18          19  0.92845024665558962     
          18          20  0.10848860270529957     
          19          20   1.8149160206210642     
          19          21  0.94998971918427855     
          21          22   1.3439823910597126     
          22          23   1.5686052888487743     
          21          24  0.11331242407096528     
          22          24  0.16914854086785902     
          23          24   1.6367116194863414     
          22          25  0.20762620218776012     
          24          25   1.6302478599821193     
          21          26   1.3514882512097648     
          23          26  0.21723817436929768     
          24          26  0.17274564795403635     
          25          26   1.5576200520217289     
          17          27   1.2335293280980741     
          27          28   1.0043870162077293     
          14          29   1.2723473148416291     
          15          29  0.34867671229219643     
          16          29  0.13473453729613405     
          27          29   1.4733230401171296     
           6          30   1.0615709501919721     
          12          30   1.1810244079306433     
           5          31  0.48607756418031045     
          30          31   1.4473427798112737     
           4          32   1.0575443983243566     
          31          32   1.3814686313591975     
          32          33   1.2916672537862981     
          33          34   1.1974533833897387     
          33          35  0.10526848750210410     
          34          35   1.6517251691240813     
          34          36  0.98012053403857802     
          36          37   2.2594970456504604     
          37          38   1.3625221313499805     
          38          39  0.96139743842067382     
          36          40  0.13828016110461555     
          38          40  0.45246173758938213     
          39          40   1.3576561291353371     
          36          41  0.15032898390027769     
          38          41  0.45622315565506771     
          39          41   1.3520114182249303     
          40          41  0.49959601992590258     
