           1           2   2.6263648513881930     
           2           3  0.89098523270687180     
           1           4  0.16707715756084118     
           3           4   1.7105841867112772     
           3           5   1.1888712226535720     
           5           6   1.2504419335425445     
           6           7   1.1974845226669930     
           7           8   1.9765434599011513     
           8           9   1.2848099241831665     
           9          10   1.2341012317708564     
          10          11   1.5720307283631578     
          11          12   1.6091607151822731     
          12          13   1.2203833682391552     
          11          14  0.18319600255685661     
          13          14   1.3048049519058309     
          14          15   1.2508995093598418     
          15          16   1.2162928208743811     
          16          17   1.7335834148356370     
          17          18   1.3594018033065378     
          18          19   1.0028709030628342     
          18          20   1.2574637800471962     
          20          21   1.0067106708710596     
          15          22   1.2675632155516572     
          16          22  0.35923404542868453     
          17          22  0.15044518428040812     
          20          22   1.4736968272439939     
           9          23   1.1496767655168063     
          13          23   1.1707933577839973     
           6          24   1.3149892429272478     
           8          24  0.23589114546045789     
          23          24   1.3685188784471587     
