           1           2   1.5533474803297704     
           2           3   1.0352273862644663     
           1           4  0.11336386993980316     
           3           4   1.4381125550976281     
           4           5   1.2880770033343358     
           5           6   1.2319383925850289     
           6           7   1.8450045607788537     
           7           8   1.0479786691991413     
           6           9  0.15751610297614313     
           8           9   2.7854167767224016     
           7          10  0.85917385650414591     
           6          11  0.11793310641397413     
          10          11   1.4089404389727269     
           6          12  0.11301149189956816     
          10          12   1.5784996345087010     
          11          12  0.19995858671729536     
           4          13  0.42116626287149855     
           5          13   1.2603508115366953     
          13          14   1.4986852168507994     
          14          15   1.1065664846669885     
          15          16   1.3981904945172723     
          16          17  0.96997923673625963     
          17          18   1.3953506944035845     
          18          19   1.5523102610026571     
          17          20  0.11301066038855266     
          18          20  0.20797023451791835     
          19          20   1.7963473675593422     
          18          21  0.41075876894548369     
          19          21  0.14889966813989017     
          20          21   1.5856677918368058     
          17          22   1.3197891821456105     
          19          22  0.26622413870892347     
          21          22   1.5258773698212680     
           3          23   1.1188174866497447     
          14          23   1.1157776339372776     
           4          24  0.12577271869276105     
          13          24  0.17983961094788409     
          23          24   1.4853893197135142     
