           1           2   2.7496741512916372     
           1           3  0.10365168250280107     
           2           3   1.1092655494824384     
           1           4  0.11727824819696034     
           3           4   1.5695415693802079     
           4           5   1.4212237643542796     
           4           6  0.10684167378512237     
           5           6   1.4614163664519466     
           5           7  0.89140851108829755     
           7           8   1.0724803641176628     
           8           9   2.8099812265091937     
           6          10  0.14327712403296511     
           7          10   1.7898122503062810     
           9          10  0.12548769658439468     
          10          11   1.2938001605743157     
          11          12   1.1962194319094990     
          10          13  0.12092762058044873     
          12          13   1.7079682059657120     
          13          14   1.1565338739631921     
          12          15  0.12837545791597346     
          14          15   1.4536269501971322     
          14          16   1.1706408787231255     
          11          17   1.2062165788874033     
          12          17  0.13779406601007005     
          15          17  0.12977983901258375     
          16          17   1.7070638625177905     
