           1           2   1.4064198990965557     
           1           3  0.70431654266207910     
           2           3   1.4301662805317326     
           2           4  0.98859032222240562     
           4           5   1.3015487189411079     
           5           6   1.2571438401961070     
           6           7   2.5340886714728246     
           7           8   1.0212173831883802     
           8           9   1.6544085557617767     
           8          10   1.1850297045215894     
           9          10  0.10082028114627559     
          10          11   1.2706721757259360     
          11          12   1.2097137920746008     
          10          13  0.12506867489773527     
          12          13   1.7357105836653131     
          13          14   1.3060131192370328     
          14          15   1.0971683367775342     
          12          16  0.11009047754795712     
          15          16   1.6910637110495312     
          16          17   1.6266362697010071     
          17          18   1.1545808666412778     
          16          19  0.11788572302132021     
          17          19  0.10691174788087505     
          18          19   1.5801465556839753     
          19          20   1.0884789149627321     
          20          21   1.3211328185188262     
          21          22   1.6218010023315219     
          20          23  0.10096786476081394     
          21          23  0.38687708929658265     
          22          23   1.6316429585680217     
          21          24  0.10134110991030698     
          23          24   1.3661565900113417     
          24          25  0.99550609474909890     
          20          26   1.3564178089994483     
          21          26  0.15746676592090916     
          22          26  0.37607617962438006     
          23          26  0.15408561780120317     
          24          26   1.4137201167715592     
          14          27   1.1902428265426486     
          18          27   1.0272745694893166     
          11          28   1.2538133461184706     
          12          28  0.23755296655035088     
          13          28  0.13623249262818263     
          27          28   1.4564829101554386     
           4          29  0.88065140894901539     
           1          30  0.10030835398510675     
           5          30  0.10761594336278769     
          29          30   1.4938226078049246     
           1          31  0.16333717947759688     
           3          31  0.11318414019785614     
           5          31  0.14722250451014840     
          29          31   1.4490543051983140     
          30          31  0.62893126683568235     
