           1           2   2.6087358957905860     
           2           3  0.91468527620808093     
           3           4   1.4151680097556609     
           1           5  0.22907103015317368     
           3           5   1.4871732318355317     
           4           5  0.20538163854332819     
           5           6   1.1823968961405242     
           6           7   1.2436468981248823     
           7           8   1.7535455235200761     
           8           9   1.3047418371221735     
           9          10   1.1475333109376640     
           7          11  0.13998747115032356     
          10          11   1.5883146584718209     
          11          12   1.7582202212309666     
          12          13   1.1140072428878427     
          13          14   1.5932369068781205     
          14          15   1.1231203760251114     
          15          16   1.3136336892060896     
          16          17   1.5913697966380802     
          16          18  0.35791563498911916     
          17          18   1.6798318156326941     
          18          19   1.2094765845882820     
          16          20  0.13768947312834956     
          19          20   1.3903426622067512     
          15          21   1.3396866064042512     
          16          21  0.17300640282746932     
          17          21  0.37522859362853034     
          18          21  0.18061375203668317     
          19          21   1.2562714477668924     
          20          21  0.15245225651007635     
           9          22   1.1621987744814233     
          13          22   1.0258739787511215     
           6          23   1.2858994804590376     
           7          23  0.17795740417088274     
           8          23  0.19644420091085457     
          22          23   1.4598197990481703     
