           1           2   1.6868148804553995     
           2           3  0.99943612189624842     
           3           4   2.5485832261146344     
           4           5  0.98568018433454618     
           5           6   1.6622302393439798     
           5           7   1.1970875729121413     
           7           8   1.2661870134098119     
           8           9   1.2906590932648565     
           9          10   1.5009241071835360     
          10          11  0.97392582830004004     
          11          12   1.5989121857211861     
          12          13   1.1230975089268600     
          13          14   1.2737971719305632     
          14          15   1.6788618712443479     
          15          16   1.3792073432454555     
          16          17   1.0022614399755965     
          14          18  0.10308190758372320     
          16          18   1.2584060493941263     
          18          19   1.0089520351513508     
          13          20   1.3246401411166759     
          14          20  0.36019515360233634     
          15          20  0.14795087449516833     
          18          20   1.4368987556695574     
          11          21   1.1872461239950067     
          12          21  0.10766829325143533     
          12          22  0.10566667583228029     
          21          22   1.6659089318515854     
          22          23   1.6841361160875448     
          10          24   1.1753903444746572     
          23          24   1.0989538929587837     
           9          25  0.38178500787009401     
          24          25   1.3380341603902455     
           8          26   1.2027551330334103     
          25          26   1.6995928952520900     
           1          27  0.11784916384202476     
           2          27   1.1474825012334213     
          27          28   1.6207493587792714     
          27          29  0.13738706524448616     
          28          29   1.6740809802344661     
          29          30   1.4582665983309664     
          30          31   1.2733958463314372     
          30          32  0.11722933121531263     
          31          32   1.1033366891564900     
          30          33  0.14699877501773484     
          32          33   1.3849124462988236     
          33          34   1.1529252665821625     
          34          35   1.1292053395063413     
          30          36  0.19077669746422912     
          31          36   1.0450781238446223     
          32          36  0.18577196273547603     
          35          36   1.5328406590985311     
