           1           2   1.6359018355137489     
           1           3  0.21949659898367363     
           2           3   1.3302256633813696     
           3           4   1.2515459430892837     
           4           5   1.2407891482447573     
           3           6  0.11568928973555170     
           5           6   1.5470881485310823     
           5           7   1.0381823851228760     
           7           8   1.1971999989508348     
           8           9   1.4201183926979737     
           9          10   1.1587969882010702     
           8          11  0.17762283748621863     
           9          11  0.19004396686598440     
          10          11   1.1720149437508474     
           7          12   1.1898166458858961     
           8          12  0.16737627729976956     
           9          12  0.17160578522583439     
          11          12   1.4043948683804728     
           1          13  0.16142590259235254     
           4          13   1.1801024327458600     
           1          14  0.10526216232412425     
           2          14  0.89042169167211427     
          13          14   1.5284996095709651     
           3          15  0.10703288483866873     
          14          15   1.2169423030764248     
          15          16   1.8449765089280912     
          16          17  0.80813003877583034     
          15          18  0.13709037904016502     
          17          18   1.7315024683721734     
          15          19  0.15585768342183590     
          17          19   1.2545044790504503     
          18          19  0.16493483106940016     
          19          20   1.2386190028191810     
          20          21   1.2519177153478123     
          21          22   1.5899982643910189     
          22          23   1.6568090670191484     
          23          24   1.1664913801151096     
          22          25  0.15617446327651441     
          24          25   1.2682604739858043     
          25          26   1.2636437295978780     
          26          27   1.2588377956665495     
          27          28   1.7038184342833034     
          28          29   1.3257401369758879     
          29          30   1.1006571137842851     
          28          31  0.20717192235108534     
          30          31   1.2270666987791496     
          31          32   1.6216719463272191     
          29          33   1.1592286969695911     
          32          33   1.1101310110818849     
          31          34  0.12232486303256752     
          33          34   1.1609249156481642     
          34          35   1.1354606314363829     
          35          36   1.2825150733728772     
          36          37   1.5860548273965467     
          36          38  0.18585830877437531     
          37          38   1.6162223323406575     
          36          39  0.22573966477779817     
          38          39   1.5981299166238796     
          35          40   1.2790883284358694     
          36          40  0.10238685511095373     
          37          40  0.23817954905816716     
          38          40  0.17988432778968172     
          39          40   1.5805220705136884     
          26          41   1.2475122709366482     
          27          41  0.29481962877314521     
          28          41  0.19703904600278813     
          30          41   1.3948981688498754     
          16          42   1.0750945418927564     
          20          42   1.2273000792095468     
          24          42   1.3030289247891413     
