           1           2   2.6073277247414435     
           2           3  0.89673465236022243     
           1           4  0.14748795105493900     
           3           4   1.6988268095138428     
           3           5   1.2056564368113660     
           5           6   1.2306227733554256     
           6           7   1.2315940889593526     
           5           8  0.12365042786553365     
           7           8   1.7218288525862491     
           8           9   1.3033494185484542     
           9          10   1.0972166753706090     
          10          11   1.6972396294117185     
          11          12   1.6326623250467287     
          12          13   1.1529877209759609     
          11          14  0.12822121927744948     
          12          14  0.11334957760957950     
          13          14   1.5817945506645270     
          14          15   1.0891929798208040     
          15          16   1.3198844411422830     
          16          17   1.6231829510142934     
          15          18  0.10005293058059539     
          16          18  0.38781690939085095     
          17          18   1.6303853003343471     
          16          19  0.10149132210671306     
          18          19   1.3662057965282808     
          19          20  0.99551011111775645     
          15          21   1.3552025262233478     
          16          21  0.15667754575544296     
          17          21  0.38434846171271148     
          18          21  0.15473443527658301     
          19          21   1.4141179076138881     
           9          22   1.1904662527906003     
          13          22   1.0267859925961800     
           6          23   1.2613930206768769     
           7          23  0.20759481298306059     
           8          23  0.17305347617777803     
          22          23   1.4551726701648280     
