           1           2   1.7373689305419422     
           1           3  0.33558631634110514     
           2           3   1.9959046370477707     
           3           4  0.95077372298182383     
           1           5  0.22300516584037763     
           3           5  0.16950437626292020     
           4           5   1.3900628666344992     
           1           6  0.16090205028897575     
           3           6  0.11228584932221883     
           4           6   1.5079577484919833     
           5           6  0.19735639324943208     
           6           7   1.1512631496643775     
           7           8   1.2519166565972146     
           8           9   1.7445333552981590     
           9          10   1.3129898976662229     
          10          11   1.1479314828263738     
           8          12  0.10787336035991529     
          11          12   1.6049224501660626     
          12          13   1.7267168106445459     
          13          14   1.0908904465276874     
          12          15  0.13208192894584406     
          14          15   1.5896578355808169     
          15          16   1.0906894393672764     
          16          17   1.3227144386548855     
          17          18   1.6241717156553543     
          16          19  0.10062332439759455     
          17          19  0.38361367433835075     
          18          19   1.6299285627390123     
          17          20  0.10142850622121778     
          19          20   1.3661943143019140     
          20          21  0.99661761025211348     
          16          22   1.3536458585733793     
          17          22  0.15435058064211457     
          18          22  0.36947120443159587     
          19          22  0.15847348034220923     
          20          22   1.4143274127628314     
          10          23   1.1817112403060224     
          14          23   1.0550866888228605     
           7          24   1.3251167708198228     
           8          24  0.23900304884570459     
           9          24  0.22064311246658358     
          23          24   1.4300088287432273     
