    0.01339842
   -0.02321446
    0.13395765
   -0.04829008
    0.07721329
    0.03548251
    0.06425734
    0.14470170
   -0.12161663
    0.28846284
   -0.33184404
   -0.11049207
    0.04354936
    0.02065929
    0.00494242
    0.07553122
   -0.15634894
    0.33291316
   -0.34446125
    0.04028235
    0.13779175
   -0.14308286
    0.04489012
    0.08128397
   -0.03011731
    0.07057665
   -0.03395884
    0.01332130
    0.24261807
   -0.24742170
    0.00833593
    0.56665976
   -0.32692497
   -0.36435909
   -0.03089971
   -0.03400165
    0.01557253
    0.56895221
   -0.34700072
   -0.32362566
    0.24548200
   -0.25317583
