   -0.06026044
    0.00220334
    0.33498662
   -0.28579146
   -0.21740392
    0.19146079
   -0.16156317
    0.08639841
    0.18426861
   -0.12635517
    0.13823949
   -0.02137487
   -0.03718644
    0.19298002
   -0.15591114
    0.08890366
   -0.07045781
   -0.07685993
   -0.15303739
    0.15164847
   -0.14001778
    0.11537588
   -0.05777010
    0.16343531
   -0.13073647
    0.05544221
   -0.02633830
    0.01226851
    0.10344332
   -0.04066867
    0.04040454
   -0.10175878
    0.04078722
   -0.03875455
