           1           2   2.5324857503540885     
           2           3  0.94920436936632735     
           1           4  0.15406354229402244     
           3           4   1.6879272116521886     
           3           5   1.1307661351197591     
           5           6   1.4876190682533497     
           5           7  0.11416604011092420     
           6           7   1.3492431356287466     
           7           8   1.2921268947774542     
           8           9   1.1764356749859881     
           9          10   1.3212188316663589     
          10          11   1.2253497407389047     
          11          12   1.2354787885669438     
          12          13   1.7748589813284255     
          13          14   1.3585438289707878     
          14          15   1.0027375986479854     
          14          16   1.2502245268238983     
          16          17   1.0041981230623500     
          11          18   1.2761020060989743     
          12          18  0.29289051661085563     
          13          18  0.15264343920370371     
          16          18   1.4552593791497679     
           9          19   1.2144035130736988     
          10          19  0.10983937467483580     
          10          20  0.21847674048727414     
          19          20   1.6075565418553086     
          20          21   1.5621890391470954     
           8          22   1.1972314056105242     
          21          22   1.2525124805592063     
           7          23  0.22833560767547276     
          22          23   1.2214794730708314     
           6          24  0.89460953589886405     
          23          24   1.6832355166190414     
          24          25   1.0856708634234693     
          25          26   1.0842243074844320     
          26          27   1.7160100685965813     
          26          28  0.12351466510164663     
          27          28   1.4916124251558560     
          28          29   1.1897520924339089     
          28          30  0.16651400792233079     
          29          30   1.1222912362982265     
          28          31  0.18157520879972980     
          30          31   1.3957635245760980     
          31          32   1.1291426114213741     
          30          33  0.21572086195734966     
          31          33  0.17121320777910534     
          32          33   1.1305508481007902     
          29          34   1.1289931803045026     
          30          34  0.19777853647960270     
          31          34  0.15493008463414301     
          33          34   1.4410436191590235     
