           1           2   2.2372273571249375     
           1           3  0.30531537896535849     
           2           3   1.3426558486737914     
           3           4   1.0255219283812558     
           1           5  0.11182817721549103     
           3           5  0.16125570742385242     
           4           5   1.5126030648516553     
           3           6  0.16537373280545953     
           4           6   1.0219749399706304     
           5           6  0.10882407664983956     
           6           7   1.2819520178364487     
           7           8   2.5140103928086179     
           8           9   1.0322971503440943     
           9          10   1.6490743006204112     
           9          11   1.1818168014558132     
          10          11  0.10633855806602965     
          11          12   1.2757691560489153     
          12          13   1.1982378033193710     
          13          14   1.8546718592613491     
          14          15   1.2698855142004055     
          15          16   1.2393373294284640     
          13          17  0.13768033883873537     
          16          17   1.5819188171147092     
          17          18   1.6109753562404394     
          18          19   1.2130234069088059     
          17          20  0.14535544450523788     
          19          20   1.3438022018406435     
          20          21   1.1888837941296126     
          21          22   1.2813220709820718     
          22          23   1.6475687941670030     
          22          24  0.37531236853769778     
          23          24   1.6221160185071308     
          24          25   1.3637601996687450     
          25          26  0.99353468634827502     
          21          27   1.3071100467469237     
          22          27  0.15314429317400691     
          23          27  0.40058755586100808     
          24          27  0.15965044937178272     
          25          27   1.4193581691034260     
          15          28   1.1294022352976714     
          19          28   1.1650744302088436     
          12          29   1.2841955153483602     
          13          29  0.15941879029207986     
          14          29  0.14749089867463799     
          28          29   1.3914855878744392     
