           1           2   1.4377171050121933     
           1           3  0.12017288982755181     
           2           3   1.0499291702787059     
           1           4  0.24306419680435637     
           3           4   1.4639881191492317     
           3           5  0.31593449238198035     
           4           5   1.5170651317515014     
           5           6   1.5219190077415377     
           6           7  0.96716852564987899     
           7           8   1.4013965399204216     
           7           9   1.4628185428794134     
           8           9  0.21178458835736746     
           9          10   1.1879784776348958     
          10          11   1.2368110034349518     
          11          12   1.7529972400517664     
          12          13   1.2932363322172591     
          13          14   1.1703776540168258     
          11          15  0.11480206004318143     
          14          15   1.5766607458327948     
          15          16   1.7325726331992428     
          16          17   1.0884021493888192     
          15          18  0.13665019655897465     
          17          18   1.5948132396244685     
          18          19   1.0882869816299501     
          19          20   1.3214990955659081     
          20          21   1.6234963548101051     
          19          22  0.10044330277445132     
          20          22  0.38778939803028645     
          21          22   1.6294405577245490     
          20          23  0.10172541883746294     
          22          23   1.3662141357741373     
          23          24  0.99405368954215834     
          19          25   1.3557992161615813     
          20          25  0.15628754770791359     
          21          25  0.39798150248405384     
          22          25  0.15803014657426934     
          23          25   1.4156511790004467     
          13          26   1.1653993809284870     
          17          26   1.0555773340290278     
          10          27   1.2938232091781570     
          11          27  0.21390583283869169     
          12          27  0.18385337703493304     
          26          27   1.4469277413191786     
           1          28  0.13315679601652095     
           2          28   1.0860423898037128     
           3          28  0.13545555946803708     
           4          28  0.25578797517544538     
           5          28  0.19670387026840802     
           6          28   1.2193108907625252     
