   -0.01685082
   -0.05905021
    0.14157512
   -0.05688695
    0.06269142
    0.00442602
    0.06707432
    0.03915217
   -0.07269378
    0.05716607
    0.02104091
   -0.11364997
    0.16609941
   -0.05812672
   -0.00965636
    0.02940677
   -0.01142354
   -0.05436481
    0.07764355
   -0.06872094
    0.03801628
    0.03777653
   -0.04440044
    0.02696232
   -0.02497918
   -0.18118710
    0.31501020
   -0.28166284
   -0.08118633
    0.14016608
   -0.06344620
   -0.03164226
    0.11869962
   -0.07580567
   -0.03717267
