   -0.00453633
   -0.01266879
    0.15407024
   -0.07596860
    0.11770868
   -0.11969027
    0.05542893
    0.03382095
    0.12313477
   -0.18055840
    0.12946392
   -0.16221075
    0.13723472
   -0.01209838
   -0.04404000
    0.18369968
   -0.11968193
    0.02230059
    0.07300470
   -0.02119067
    0.00034386
    0.02268854
    0.00096023
   -0.02085000
   -0.04395860
   -0.05939319
    0.02302277
   -0.03866756
    0.11031569
   -0.24469485
    0.32268233
   -0.34886300
   -0.00938628
    0.02429828
   -0.02812076
    0.17862512
   -0.07092931
   -0.09529633
