           1           2   1.5444348537617030     
           1           3  0.31625258071792633     
           2           3   1.0306763342982022     
           3           4   1.3280136694369582     
           3           5  0.12468324678155891     
           4           5   1.1550958309686352     
           3           6  0.16643282235291301     
           5           6   1.3267131338940292     
           5           7  0.38249657268081105     
           6           7   1.3966761029613282     
           4           8  0.98562335946051327     
           7           8   1.1057936968679836     
           6           9  0.10321998772476404     
           8           9   1.1918656634836506     
           9          10   1.3212983578539483     
           9          11  0.16382244201262028     
          10          11   2.3141835239208670     
          11          12  0.97623566647410198     
          12          13   1.6746889961355258     
          12          14   1.1968057657402058     
          13          14  0.10047687193826092     
          14          15   1.2462650723596815     
          15          16   1.2112589256747270     
          14          17  0.11394077206225078     
          16          17   1.7644705125683722     
          17          18   1.2672874182840437     
          18          19   1.2350284137926710     
          16          20  0.15018135330285265     
          19          20   1.5896304887125623     
          20          21   1.6001753963909897     
          21          22   1.2197076778442044     
          20          23  0.14396392910589401     
          22          23   1.3371496725652876     
          23          24   1.1884143334746533     
          24          25   1.2815400243246990     
          25          26   1.6460523399554678     
          25          27  0.37743445411304416     
          26          27   1.6222377890221300     
          27          28   1.3634089995536767     
          28          29  0.99300984805629111     
          24          30   1.3057622402822673     
          25          30  0.15445977084840290     
          26          30  0.41541358734795886     
          27          30  0.15810566533056894     
          28          30   1.4203240928076923     
          18          31   1.1298173229711206     
          22          31   1.1661202992026904     
          15          32   1.2851744087304104     
          16          32  0.20910748925922457     
          17          32  0.15354227459513642     
          31          32   1.3946158266131865     
