   -0.13095560
    0.14304289
    0.03537554
    0.02705818
    0.08509997
   -0.01370922
   -0.01626261
    0.22637072
   -0.27367868
    0.21310886
   -0.26863639
   -0.07243056
    0.32046094
   -0.33090460
   -0.15133246
    0.09017132
    0.03062353
    0.04670893
    0.01075466
    0.01618623
    0.03187676
    0.02215913
    0.08604522
   -0.15828077
    0.31820163
   -0.33572121
    0.01584878
    0.12964788
   -0.12240262
    0.04535779
    0.08552060
   -0.00144716
   -0.03422476
    0.25713761
   -0.21530753
    0.20222077
   -0.27367888
   -0.04000490
