           1           2   1.6616816088354636     
           2           3  0.99155090106915067     
           3           4   2.5116239970565681     
           4           5   1.0805099073219007     
           5           6   1.3203665155618369     
           6           7   1.5664286768207942     
           5           8  0.11310140568915106     
           6           8  0.17194488206971900     
           7           8   1.6262102937425120     
           6           9  0.20301517528180893     
           8           9   1.6370583646056800     
           5          10   1.3307200344768217     
           7          10  0.20679016946204642     
           8          10  0.17960876272689802     
           9          10   1.5551345976513631     
           2          11   1.1895641068050118     
          11          12   1.2693527571873748     
          12          13   1.3179311719741260     
          13          14   1.4298930603537570     
          14          15   1.1308666136427572     
          15          16   1.3761598323492288     
          16          17   1.1738458912620480     
          17          18   1.2876714291931932     
          18          19   1.6417528314371288     
          18          20  0.38256596794219250     
          19          20   1.6286170339782533     
          20          21   1.3639960358409970     
          21          22  0.99234395991889091     
          17          23   1.3154187541772355     
          18          23  0.15421772750956556     
          19          23  0.40693362238666014     
          20          23  0.15811463650225194     
          21          23   1.4191606501469771     
          15          24   1.2135466381230615     
          16          25  0.18328042282953000     
          24          25   1.6128792045962963     
          25          26   1.5903184101597636     
          14          27   1.1319495093924603     
          26          27   1.2298002516300366     
          13          28  0.42065080404045146     
          27          28   1.2821372745893180     
          12          29   1.1874044056691693     
          28          29   1.7429378311384642     
