           1           2   1.9111494561052558     
           1           3  0.31227784970538525     
           2           3   1.1258106801529502     
           3           4   1.1243374336921710     
           3           5  0.11250794944198009     
           4           5   1.0531087101963845     
           3           6  0.10226285844677249     
           5           6   1.4950212783362820     
           6           7   1.0958679095517687     
           5           8  0.28448505632844368     
           6           8  0.15982855533427898     
           7           8   1.0921872675475839     
           4           9   1.0710446929733537     
           5           9  0.17700557600921976     
           6           9  0.28585506365572216     
           8           9   1.4927938817902513     
           2          10  0.79431288068958761     
           1          11  0.13336169030034892     
          10          11   1.6877431949252988     
          10          12   1.2645812397525227     
          11          12  0.12518355298843215     
          12          13   1.2106818559605332     
          13          14   1.2218805153223491     
          12          15  0.10449686759425210     
          14          15   1.7599018039932122     
          15          16   1.2720606863943142     
          16          17   1.2262919624143405     
          14          18  0.14274653777171703     
          17          18   1.6021793678459666     
          18          19   1.5988821816973338     
          19          20   1.2197765893370405     
          18          21  0.14802657330644167     
          20          21   1.3350040878027782     
          21          22   1.1862344107157290     
          22          23   1.2834184093291743     
          23          24   1.6463611874461885     
          23          25  0.37636729336690050     
          24          25   1.6217772033092186     
          25          26   1.3632513253179270     
          26          27  0.99388705573555980     
          22          28   1.3057416409155946     
          23          28  0.15348044083204099     
          24          28  0.40333775236853520     
          25          28  0.15887382083077195     
          26          28   1.4199079580662470     
          16          29   1.1336979392460664     
          20          29   1.1672951618274394     
          13          30   1.3059853499955107     
          14          30  0.21192478440084780     
          15          30  0.14509969074434004     
          29          30   1.3871607442077432     
