   -0.05460752
    0.01206445
    0.33451814
   -0.32685836
   -0.22519846
    0.17996706
   -0.16844929
    0.08651140
    0.18622921
   -0.12103768
    0.13900871
   -0.05248431
   -0.02746137
    0.19388349
   -0.15302566
    0.09105538
   -0.06280232
   -0.05637767
   -0.14336079
    0.14923755
   -0.14013184
    0.11929773
   -0.04278178
    0.16482755
   -0.14129653
    0.05126850
    0.00520309
    0.00637598
    0.06796257
   -0.03363385
   -0.03437328
    0.13327253
   -0.06700220
   -0.03613807
   -0.03366237
