           1           2   1.7328436518992805     
           2           3   1.0054920224743384     
           3           4   2.5620466571491289     
           4           5   1.2092488352733863     
           3           6  0.14560326713332619     
           5           6   1.9502488870425134     
           6           7   1.0851347578352786     
           7           8   1.0928846474974967     
           8           9   1.5368697647548875     
           8          10  0.10303658487705168     
           9          10   1.1097310439601631     
           8          11  0.36586389267297614     
           9          11  0.15827875119816132     
          10          11   1.1145072300473180     
           7          12   1.0912975433033651     
           8          12  0.25356510220384343     
           9          12  0.35665936374081630     
          11          12   1.4828255707004625     
           1          13  0.13035101631335902     
           2          13   1.1314357276502183     
          13          14   1.5361970170467971     
          14          15   1.0567157476386106     
          15          16   1.7134663805232566     
          16          17  0.96043029596062279     
          17          18   1.6324889305395327     
          18          19   1.0999464192063633     
          19          20   1.2863006634099159     
          20          21   1.6906883820269816     
          21          22   1.3746393892331750     
          22          23  0.98990432260517047     
          20          24  0.10879688760337318     
          22          24   1.2706311744428913     
          24          25   1.0074405224081546     
          19          26   1.3457510810910551     
          20          26  0.33309419686428909     
          21          26  0.14166613555098739     
          24          26   1.4289567597370383     
          17          27   1.1663373821385659     
          18          28  0.13744823273982318     
          27          28   1.6745237391557490     
          28          29   1.6497878579633245     
          16          30   1.0066313892590801     
          29          30   1.1792541177285618     
          15          31  0.36396401930046823     
          30          31   1.4029370950860318     
          14          32   1.1727488639836103     
          15          32  0.10509820957533268     
          31          32   1.6676820783425421     
