           1           2   2.1458068350470061     
           1           3  0.10935791601380981     
           2           3   1.1111136873793914     
           3           4   1.0623668310423600     
           4           5   1.4875186942583061     
           5           6   1.3720073053135975     
           6           7   1.2467798402733210     
           7           8   1.6744518805148616     
           8           9   1.3761082456419143     
           9          10   1.0819997656869500     
          10          11   2.8155726771810068     
           9          12   1.2355877368506214     
           8          13  0.17128626298605956     
          12          13   1.2380418702585594     
          13          14   1.2927777746365940     
          14          15   1.1862169560278915     
          15          16   1.7836630529461679     
          16          17   1.3041799974406485     
          17          18   1.1056938849481248     
          18          19   1.1208046370633944     
          19          20   2.0581758329724322     
          20          21   1.1219367141577177     
          21          22   1.3009886638979706     
          22          23   1.5353757222040820     
          22          24  0.17378488670745862     
          23          24   1.6285722338731827     
          22          25  0.22486841946416108     
          24          25   1.6321560234343957     
          21          26   1.3012821810315405     
          22          26  0.13258377077320266     
          23          26  0.22708951542830652     
          24          26  0.17528959355104667     
          25          26   1.5323448746219885     
          17          27   1.1870325346582355     
          27          28   1.0092371201301344     
          14          29   1.2544279776451663     
          15          29  0.35612241904039343     
          16          29  0.14838618177898244     
          27          29   1.5069895696503255     
           6          30   1.0744504588607595     
          12          30   1.1939518949350436     
           5          31  0.45782338194103828     
          30          31   1.4173386723161201     
           4          32   1.0999443049663504     
          31          32   1.4348188015209451     
          32          33   1.1736659912258738     
          33          34   1.4881104397938560     
          33          35  0.21040363847881674     
          34          35   1.3900724276465264     
          34          36  0.97202188288991065     
          36          37   2.3216637083506506     
          36          38  0.10428112283442742     
          37          38   1.2587382258846644     
          38          39   1.0334640946027309     
          39          40   1.2879432129993345     
          38          41  0.48096498026882767     
          39          41   1.3020291432545761     
          40          41  0.43426452141174104     
