           1           2   1.6627536930301097     
           2           3   1.0225696967789830     
           3           4   2.5364445567380325     
           4           5   1.2424893629370259     
           3           6  0.12465049341874311     
           5           6   1.8433858481738516     
           6           7   1.1247661370743047     
           7           8   1.0961062218580138     
           8           9   1.5386877219754747     
           9          10   1.1217196603889248     
          10          11   1.1841023876228129     
           6          12  0.12936257642288468     
           7          12   1.0781710893282581     
           8          12  0.14416249947934576     
          11          12   1.3376868816266925     
           2          13   1.1783316774642598     
          13          14   1.2708798414754214     
          14          15   1.2152984501948809     
          13          16  0.11562575597945048     
          15          16   1.8100803164061636     
          16          17   1.3105508833530568     
          17          18   1.0975225111523632     
          15          19  0.12579857306329145     
          18          19   1.6785973361874258     
          19          20   1.6360832147659157     
          20          21   1.1875671721156620     
          21          22   1.5662961296680429     
          22          23   1.1420855216227390     
          23          24   1.2579231897336298     
          24          25   1.6861488697964082     
          25          26   1.3735151580495741     
          26          27  0.99654740641202866     
          24          28  0.10221555517939046     
          26          28   1.2549041696790357     
          28          29   1.0072762778877282     
          23          30   1.3112319195766609     
          24          30  0.35559468102300917     
          25          30  0.16546987982728378     
          28          30   1.4456706356602078     
          17          31   1.1720058158689872     
          21          31   1.0029192777516480     
          14          32   1.2497504018749219     
          15          32  0.11955848742502310     
          16          32  0.16203839887844346     
          31          32   1.4911395909222682     
