   -0.12444344
    0.14271713
    0.04307461
    0.03330353
    0.08949787
   -0.00065861
   -0.01886942
    0.22564172
   -0.24544929
    0.22428689
   -0.24915694
   -0.06795417
    0.32642699
   -0.31903937
   -0.19901356
    0.15972473
    0.00530243
   -0.02237852
    0.09117323
   -0.02311361
    0.09260663
   -0.02790893
    0.01105563
    0.15997474
   -0.21533250
    0.32225682
   -0.32302411
    0.03389008
    0.14050430
   -0.15284270
    0.03459414
    0.09056500
   -0.01151483
   -0.02955518
    0.22475957
   -0.25154373
    0.22128924
   -0.25259559
   -0.06565245
   -0.04021782
    0.00509197
   -0.00523574
   -0.03223673
