           1           2   1.4419273378065973     
           1           3  0.71796565851551808     
           2           3   1.4588414430699292     
           2           4  0.90296354350608543     
           4           5   1.1964471348067316     
           5           6   1.2580917467810460     
           6           7   2.5072972702813412     
           7           8   1.0084985867145082     
           8           9   1.4295649288510250     
           8          10   1.4369456117359789     
           9          10  0.22501857357296445     
          10          11   1.1912584364417524     
          11          12   1.2341285979935990     
          12          13   1.7514463205136657     
          13          14   1.2943725133244275     
          14          15   1.1699791579763128     
          12          16  0.11567305081320230     
          15          16   1.5788213694138087     
          16          17   1.7332608254898532     
          17          18   1.0878236190732467     
          16          19  0.13734994026653694     
          18          19   1.5971273872107030     
          19          20   1.0891346091954421     
          20          21   1.3197775197568247     
          21          22   1.6234034628197100     
          20          23  0.10037821048842702     
          21          23  0.39244743602265292     
          22          23   1.6328687355298601     
          21          24  0.10121105190375673     
          23          24   1.3648100999677106     
          24          25  0.99679385008095656     
          20          26   1.3575029608321116     
          21          26  0.15623597810977347     
          22          26  0.37566428046324102     
          23          26  0.15268898371136491     
          24          26   1.4147403035691626     
          14          27   1.1680150533220532     
          18          27   1.0545697010746298     
          11          28   1.2953964740193871     
          12          28  0.22707301424833193     
          13          28  0.16965747323890540     
          27          28   1.4454088697921348     
           4          29  0.93690670961902067     
           4          30  0.15100813641174785     
           5          30  0.19240891646099212     
          29          30   1.4386126209833610     
           1          31  0.18507300582543124     
           3          31  0.17416011993286618     
          29          31   1.4426189432648679     
          30          31  0.59588205173852549     
