   -0.11604276
   -0.02936357
    0.30777549
   -0.31400414
    0.06045604
   -0.07558956
    0.14246090
   -0.17753911
    0.08389178
    0.18804911
   -0.10233375
    0.12816957
   -0.03528492
   -0.02618630
    0.18724611
   -0.15624968
    0.08897888
   -0.06388426
   -0.08409802
   -0.15574669
    0.17400178
   -0.15187656
    0.11212544
   -0.04706710
    0.15184678
   -0.14739220
    0.04779379
   -0.01668069
    0.01363046
    0.07401183
   -0.03694299
    0.04875618
   -0.11273432
    0.06478129
   -0.02495880
