           1           2   2.4701919666911665     
           2           3   1.0098933233089140     
           1           4  0.12931921873884097     
           3           4   1.7359168784845189     
           3           5   1.0089504060343575     
           5           6   1.5128875828226600     
           5           7   1.0087991630116817     
           7           8   1.3964429640321958     
           8           9   1.3920963443653516     
           9          10  0.97291431932182970     
          10          11   1.5955286931368384     
          11          12   1.1223208224917693     
          12          13   1.2746748618935335     
          13          14   1.7049305382785787     
          14          15   1.3724508156609070     
          15          16   1.0005687334846134     
          13          17  0.10148954017197362     
          15          17   1.2554535890911105     
          17          18   1.0061000906459434     
          12          19   1.3114807386527876     
          13          19  0.30255976381387983     
          14          19  0.16859198887342342     
          17          19   1.4453392607012321     
          10          20   1.1910472618475914     
          11          20  0.15675894314761254     
          11          21  0.10336542463395187     
          20          21   1.6300522045448496     
          21          22   1.6709257289000587     
           9          23   1.2353804613744688     
          22          23   1.0876921956235832     
           6          24  0.16560500365434017     
           8          24  0.15562429514589693     
          23          24   1.3701587047226995     
           7          25   1.2275857612883976     
          24          25   1.4053459937837001     
          25          26   1.0545069470956885     
          26          27   1.2078481268644594     
          27          28   1.2623692896526966     
          27          29  0.15005426028456015     
          28          29   1.9646898388627956     
          29          30   1.1262420678422245     
          30          31   1.1377003990216070     
          31          32   1.4619012806422984     
          32          33   1.1287839916893878     
          33          34   1.1616067063774533     
          29          35  0.13052709233249918     
          30          35   1.0292450772676642     
          31          35  0.12586930329729612     
          34          35   1.4150973728664398     
