           1           2   1.8142515488296387     
           1           3  0.20848924493902665     
           2           3   1.1569483488674721     
           3           4   1.1950727204998202     
           3           5  0.23879779691228339     
           4           5   1.1054578126725099     
           5           6   1.2619682908297583     
           6           7   1.2067906272506195     
           7           8   1.1217119007240943     
           4           9   1.0445221618838261     
           5           9  0.16508644840781933     
           8           9   1.6676227378510329     
           2          10  0.82248917156045687     
          10          11   1.4172488387482076     
           1          12  0.10431150934039862     
          10          12   1.5535550087562033     
          11          12  0.17847044745511709     
          12          13   1.1381621597475402     
          13          14   1.2583991656694871     
          14          15   1.7406673307183467     
          15          16   1.3130457495480568     
          16          17   1.1379434595098505     
          14          18  0.11576563465482914     
          17          18   1.5943266262720392     
          18          19   1.7681305563727474     
          19          20   1.1076619785290649     
          20          21   1.6090331253182011     
          21          22   1.1137312842698166     
          22          23   1.3104547213507172     
          23          24   1.6285353639624440     
          23          25  0.38765207111007016     
          24          25   1.6296521942922086     
          25          26   1.3633583706743593     
          26          27  0.99888481667108608     
          22          28   1.3371920026163113     
          23          28  0.15762952643001965     
          24          28  0.35911835229496303     
          25          28  0.15643627614480923     
          26          28   1.4158625109757677     
          16          29   1.1728763252949252     
          20          29   1.0200348141166471     
          13          30   1.3128344893472117     
          14          30  0.18617181028132956     
          15          30  0.15526840587996552     
          29          30   1.4540163190761046     
