           1           2   1.9820672145911793     
           2           3   1.1471423772729112     
           2           4  0.10413434992598214     
           3           4   1.0489658877791395     
           1           5  0.10283481452039614     
           2           5  0.11103674215114379     
           4           5   1.4821246202302980     
           5           6   1.0588317166114916     
           4           7  0.14741949368949947     
           6           7   1.2006308929332234     
           7           8   1.2580372465640233     
           8           9   2.5462475160754785     
           9          10   1.0240030835110818     
          10          11   1.6655989612225681     
          10          12   1.1762015057097683     
          12          13   1.2923339087845986     
          13          14   1.1990241619024937     
          12          15  0.12345133149761305     
          14          15   1.7636171990714451     
          15          16   1.2780490343381528     
          16          17   1.1828506378539974     
          14          18  0.12768449621422703     
          17          18   1.5637258784069086     
          18          19   1.7284406950548488     
          19          20   1.0887743197046187     
          18          21  0.13493329726654027     
          20          21   1.5997326456048369     
          21          22   1.0867149833532685     
          22          23   1.3221847799635249     
          23          24   1.6223206482083481     
          22          25  0.10075758966162249     
          23          25  0.39043061640244664     
          24          25   1.6326034586171065     
          23          26  0.10155605241427879     
          25          26   1.3657057522526699     
          26          27  0.99419890002144429     
          22          28   1.3569956916153727     
          23          28  0.15716212420741671     
          24          28  0.39947831301087583     
          25          28  0.15465604648873532     
          26          28   1.4155420336602433     
          16          29   1.1642424328315897     
          20          29   1.0528777431748710     
          13          30   1.2455606217699016     
          14          30  0.22729227059148693     
          15          30  0.15790579764430898     
          29          30   1.4630670310575355     
           1          31  0.10229082067535857     
           4          31  0.18724315764646263     
           5          31  0.19967021982332758     
           6          31   1.1279706985039748     
           1          32  0.20547323275414670     
           2          32  0.14489862218230257     
           3          32   1.1559893627253526     
           4          32  0.15286462739727885     
           7          32  0.13613774484208457     
          31          32   1.4531750885134889     
