           1           2   2.8049623893495021     
           2           3   1.0741079453244740     
           1           4  0.13166294466517200     
           3           4   1.7984409821988643     
           4           5   1.2475608858028744     
           5           6   1.5220060773521742     
           6           7   1.1632994493050757     
           7           8   1.6463866438612191     
           7           9  0.86998928841356571     
           9          10   1.8422107271709165     
           4          11  0.26039996816152877     
           6          11  0.21192418454559361     
           9          11   1.0384327948694343     
           5          12  0.99973243566047520     
           6          12  0.35408026313968372     
          10          12  0.14578714705495319     
          11          12   1.9547628864033555     
           3          13  0.87774887751711594     
           4          14  0.10811347054450930     
          13          14   1.7310949386423813     
          13          15   1.1717588941233203     
          14          15  0.10184480185240952     
          15          16   1.5471475950869318     
          15          17  0.10314155795673942     
          16          17   1.4338290763911337     
          16          18  0.15910987602584936     
          17          18   1.7692349931010434     
          18          19   1.0694726476687273     
          19          20   1.3139189110507388     
          20          21   1.5583765022450367     
          20          22  0.16533471408218492     
          21          22   1.6150382789542026     
          20          23  0.23213099038463586     
          22          23   1.6489376533847997     
          19          24   1.3019584714632544     
          20          24  0.12346680065119493     
          21          24  0.21540936020661178     
          22          24  0.17759491348423964     
          23          24   1.5404574497840764     
