           1           2   2.5823323485089880     
           2           3  0.92376363526741245     
           1           4  0.21638443908634997     
           3           4   1.6557437180521215     
           1           5  0.13491002029159171     
           3           5   1.2137428640356618     
           4           5  0.12835420367106132     
           5           6   1.2492214234369559     
           6           7   1.2226889311167097     
           5           8  0.10682706757162412     
           7           8   1.8005052675458064     
           8           9   1.3150591473371624     
           9          10   1.0929737409149529     
           7          11  0.11364357975825096     
          10          11   1.6820403267500630     
          11          12   1.6432492906965090     
          12          13   1.1867612446095002     
          13          14   1.5685787040194963     
          14          15   1.1436534648572991     
          15          16   1.2465107095916543     
          16          17   1.6943637467439225     
          17          18   1.3703190377130636     
          18          19   1.0011837727421187     
          18          20   1.2500815482409129     
          20          21   1.0100338258331514     
          15          22   1.3180591475526477     
          16          22  0.34216470631861429     
          17          22  0.15194603619304281     
          20          22   1.4469469999266529     
           9          23   1.1740560513021920     
          13          23   1.0016020697302110     
           6          24   1.2585025624420307     
           7          24  0.11589904969759415     
           8          24  0.16390861043415411     
          23          24   1.4882817204880958     
