           1           2   1.6888166500532318     
           1           3  0.11219881464156345     
           2           3   1.1354124503951040     
           3           4   1.7030797604969816     
           3           5  0.12644144632736615     
           4           5   1.4888568903752557     
           5           6   1.2021233599431451     
           6           7   1.1039047528164943     
           5           8  0.10353059168296576     
           7           8   1.4140055756230392     
           8           9   1.1315524540467843     
           7          10  0.22331015160547421     
           8          10  0.19672386642552361     
           9          10   1.1281560272148849     
           4          11  0.10247812653409753     
           6          11   1.1138989813792546     
           7          11  0.16148235988001455     
           8          11  0.21555612913742719     
          10          11   1.4403181533815574     
           2          12   1.0268808396433198     
          12          13   1.2747776601221217     
          13          14   1.6527202276820270     
          14          15   1.1893558828926982     
          13          16  0.12938020302572431     
          15          16   1.3864962135552981     
          16          17   1.7521327202876233     
          17          18  0.91582475955144160     
          18          19   1.5336268828535280     
          16          20  0.10219729867598691     
          18          20   1.3743567658969431     
          19          20  0.10251044465954615     
          20          21   1.2170995266082500     
          21          22   1.2577792847461322     
          22          23   1.5759258672529390     
          23          24   1.6674234159574837     
          24          25   1.1633985519684880     
          23          26  0.18572353726364127     
          25          26   1.3033237842237226     
          26          27   1.2207111813706313     
          27          28   1.2224863115640754     
          28          29   1.7147515907105308     
          29          30   1.3606044014325538     
          30          31   1.0058817041881301     
          30          32   1.2476193870049086     
          32          33   1.0097648024229178     
          27          34   1.2852099694823704     
          28          34  0.35434855224822531     
          29          34  0.15008444637076795     
          32          34   1.4621948688429580     
          17          35   1.0720720776173687     
          21          35   1.2063947108558053     
          25          35   1.2778919429327209     
          12          36   1.3128291105144438     
          13          36  0.14529746092480977     
          14          36  0.18046630162176575     
          15          36   1.1671211386603157     
