           1           2   2.1938743111551697     
           2           3   1.0570530419596644     
           3           4   1.0588569480068528     
           3           5  0.13316664307301229     
           4           5   1.7612072511210171     
           4           6   1.0173934721877447     
           6           7   2.5512193017274258     
           7           8  0.98879593844246116     
           8           9   1.7497473823375040     
           8          10   1.1283520136832621     
           9          10  0.12034162185514602     
          10          11   1.5205540305828475     
          11          12   1.0597994833023905     
          12          13   1.7027624927422451     
          13          14  0.96239143938126948     
          14          15   1.6271165776270022     
          15          16   1.0980278535770687     
          16          17   1.3079648752410225     
          17          18   1.6188897390992307     
          17          19  0.39530742095005267     
          18          19   1.6322117917485002     
          17          20  0.10145765888324992     
          19          20   1.3643284961441575     
          20          21   1.0013913385225035     
          16          22   1.3570378720463476     
          17          22  0.15961217652589155     
          18          22  0.39464028321270833     
          19          22  0.15305584826400148     
          20          22   1.4138939038404574     
          14          23   1.1682114762761173     
          15          24  0.10863838392544835     
          23          24   1.7016093506097101     
          24          25   1.6948966996111674     
          13          26   1.0084533193940806     
          25          26   1.1460920648066963     
          12          27  0.37621616518061657     
          26          27   1.4231007911162250     
          11          28   1.1816362064277677     
          12          28  0.10118778702769912     
          27          28   1.6531070067841291     
