   -0.09886796
    0.08236693
   -0.11037537
    0.16315709
   -0.08243394
    0.11674591
   -0.13160528
    0.08728715
    0.02491827
    0.12546831
   -0.17619161
    0.13470964
   -0.11163028
    0.13450220
   -0.05113113
   -0.06819601
    0.17096268
   -0.12217676
    0.05211995
    0.12644872
   -0.04619915
    0.02023654
    0.03326837
    0.03283102
   -0.10294121
    0.09626213
   -0.04204512
   -0.07030952
    0.01078679
   -0.05469598
    0.11728466
   -0.22222801
    0.32118532
   -0.37066557
   -0.00852397
    0.03936481
   -0.03315936
    0.17501500
   -0.06532495
   -0.09622029
