   -0.09584401
    0.08437977
   -0.10282891
    0.16423748
   -0.08310257
    0.12173762
   -0.11124510
    0.07100862
    0.03356097
    0.12294967
   -0.17624535
    0.13200778
   -0.14769343
    0.14711291
   -0.01866168
   -0.06969955
    0.17408459
   -0.10727901
    0.07452898
    0.03965755
   -0.02623609
   -0.02791274
    0.21483691
   -0.15290584
   -0.09715515
    0.18545865
   -0.16569911
    0.09056719
   -0.06451275
   -0.10598085
    0.02134687
   -0.04423871
    0.11554699
   -0.21073736
    0.32554071
   -0.34195590
   -0.01161371
    0.03087886
   -0.01874090
    0.18010170
   -0.06451046
   -0.08474463
