           1           2   1.9532563866454158     
           2           3   1.1344068836572121     
           3           4   1.0962940248228787     
           4           5   1.4777092799361178     
           5           6   1.3905998037790348     
           6           7   1.2390886327224551     
           7           8   1.6718773964788682     
           8           9   1.3883930412702983     
           9          10   1.0808212824829384     
          10          11   2.8155766167398144     
           9          12   1.2264473018551303     
           8          13  0.15773128871167896     
          12          13   1.2479195399875083     
          13          14   1.2917095230074431     
          14          15   1.2042785202445394     
          15          16   1.8550098993629582     
          16          17   1.2946735729346850     
          17          18   1.0833631315986667     
          17          19  0.10075839266305069     
          18          19   1.1719133703167446     
          19          20   1.1166953695743345     
          19          21  0.12659978688288981     
          20          21   1.3383084678981394     
          21          22   1.8415085773495310     
          22          23   1.3161258996849781     
          23          24   1.0049087289502669     
          19          25  0.11079239429708276     
          21          25  0.29901385397644481     
          22          25  0.11272968846778668     
          23          25   1.3755433265163304     
          20          26   1.1917664089065809     
          25          26   1.4639445877917752     
          26          27  0.99948220804135157     
          17          28   1.1707414437628414     
          28          29   1.0111726969177643     
          14          30   1.2423552179186845     
          15          30  0.27051638688957047     
          16          30  0.17721385267164766     
          19          30  0.11355484584202681     
          28          30   1.5058233060931610     
           6          31   1.0619985901544657     
          12          31   1.1815243381045644     
           5          32  0.45434922577645187     
          31          32   1.4446773769041796     
           4          33   1.0597227826354674     
          32          33   1.3770349614416690     
          33          34   1.2909540668651376     
          34          35   1.1893226625432285     
          34          36  0.10010480007962339     
          35          36   1.6523583564854323     
          35          37  0.98412470442773059     
          37          38   2.2899501780588292     
          37          39  0.13953914061493072     
          38          39   1.3235559051739869     
          39          40   1.0667216433970705     
          40          41   1.2777239863221772     
          37          42  0.12440913903245571     
          39          42  0.40359473980943994     
          40          42   1.2870157176360053     
          41          42  0.54047530145124123     
