           1           2   1.6453459274506261     
           2           3   1.0226279105144818     
           3           4   2.4981091693291488     
           4           5   1.2870777435066307     
           5           6   1.1200492114152096     
           5           7  0.19683811706913557     
           6           7   1.1194897080101212     
           5           8  0.17183908939275100     
           6           8  0.11048251076840947     
           7           8   1.3689241120747695     
           8           9   1.1584786550379815     
           5          10  0.19070353217650712     
           7          10  0.10119224853861924     
           9          10   1.1606072138309949     
           6          11   1.0759711508155441     
           7          11  0.16400082701085869     
          10          11   1.4724184855472826     
           1          12  0.11391937293298476     
           2          12   1.1908403987084031     
          12          13   1.2668787569122604     
          13          14   1.2119760471194947     
          12          15  0.12881071830928792     
          14          15   1.7042112388850279     
          15          16   1.3110072660110121     
          16          17   1.1021536159134724     
          17          18   1.6784693620360513     
          18          19   1.6305637956423096     
          19          20   1.1548670343429113     
          18          21  0.12877567712074506     
          19          21  0.10864902045323517     
          20          21   1.5847075372076911     
          21          22   1.0952987987961036     
          22          23   1.2922526445207270     
          23          24   1.6593018921286915     
          24          25   1.3796974855249096     
          25          26  0.99165575154083319     
          23          27  0.10706919527901883     
          25          27   1.2687874669710490     
          27          28   1.0040939036100578     
          22          29   1.3435957574301414     
          23          29  0.34170499151626521     
          24          29  0.15505704074144333     
          27          29   1.4319686668251539     
          16          30   1.1894711790530532     
          20          30   1.0235634561912546     
          13          31   1.2575795247700836     
          14          31  0.25906743507461150     
          15          31  0.14482375304741116     
          30          31   1.4556210239325298     
