           1           2   1.6824144456313346     
           1           3  0.27593787450637802     
           2           3   2.0823585815696979     
           3           4  0.97828623730924413     
           1           5  0.16389403506070077     
           3           5  0.15323894464591906     
           4           5   1.6182305071790246     
           1           6  0.12764304753964817     
           4           6   1.2373720416264664     
           5           6  0.13993586277637768     
           6           7   1.2468507244111231     
           7           8   1.2256752479541688     
           6           9  0.11762716236722903     
           8           9   1.7498515586416781     
           9          10   1.3071251822557115     
          10          11   1.1438171722915740     
           8          12  0.12010514563343756     
          11          12   1.5881725067604222     
          12          13   1.7716563947252899     
          13          14   1.1033981496031517     
          14          15   1.6210972973096189     
          15          16   1.1097202019725960     
          16          17   1.3141417790079148     
          17          18   1.6278158343705416     
          17          19  0.39099551368005414     
          18          19   1.6323126657639120     
          19          20   1.3621187002840014     
          20          21  0.99387754377822213     
          16          22   1.3399956354259923     
          17          22  0.15518925884327908     
          18          22  0.38391788528291892     
          19          22  0.15638682757009967     
          20          22   1.4188361845951205     
          10          23   1.1680265918481831     
          14          23   1.0147216165998159     
           7          24   1.2610229982719612     
           8          24  0.17592036610819739     
           9          24  0.20068358816632872     
          23          24   1.4799745259062644     
