           1           2   2.1721227209427569     
           1           3  0.11392617120767105     
           2           3   1.1231658310019890     
           3           4   1.1093143471738751     
           4           5   1.4648378358052778     
           5           6   1.3922665322880756     
           6           7   1.2466370364996493     
           7           8   1.6574209886867413     
           8           9   1.3860811688157391     
           9          10   1.0812510343365178     
          10          11   2.8143976119639826     
           9          12   1.2202294717632252     
           8          13  0.23937037802159794     
          12          13   1.2648330467553284     
          13          14   1.2594894264020124     
          14          15   1.2199469718625948     
          15          16   1.7806032218108658     
          16          17   1.3351278273607852     
          17          18   1.0036321273280164     
          18          19   1.1317100569503724     
          19          20   1.0968167467515384     
          20          21   1.3245249783978434     
          21          22   1.6006674398628722     
          20          23  0.10523548236050423     
          21          23  0.32223944764369766     
          22          23   1.6297540065822995     
          21          24  0.27743862966742355     
          23          24   1.4861736082876720     
          20          25   1.3390376245293469     
          21          25  0.15406962629186546     
          22          25  0.40136439828946674     
          23          25  0.12196748627168681     
          24          25   1.5001234651078323     
          17          26   1.2243661512788704     
          26          27   1.0050511906657271     
          14          28   1.2543174060883930     
          15          28  0.28636321387931751     
          16          28  0.17738602260893413     
          26          28   1.4750851229994399     
           6          29   1.0590405221499670     
          12          29   1.1788552941642696     
           5          30  0.50140107695579283     
          29          30   1.4545954642597920     
           4          31   1.0553609837940419     
          30          31   1.3745760514050516     
          31          32   1.2949956974319852     
          32          33   1.1751190827309141     
          33          34   1.6804409972607393     
          33          35  0.98564305663079776     
          35          36   2.2827664599276520     
          36          37   1.3494413182675187     
          37          38  0.96360894708933154     
          35          39  0.13051405831842047     
          37          39  0.44393237936371738     
          38          39   1.3524503681200428     
          35          40  0.15842367264505705     
          37          40  0.45812769900616940     
          38          40   1.3532934021466876     
          39          40  0.51225719853819585     
