           1           2   2.4916046669622922     
           2           3  0.98569004676619165     
           1           4  0.10657678587528688     
           3           4   1.7191178747101126     
           3           5   1.0787569056233761     
           4           5  0.11597754643469631     
           5           6   1.0712364389565951     
           6           7   1.7131733171023404     
           6           8  0.25653174898200592     
           7           8   1.6476016224741572     
           8           9   1.1109723284093664     
           9          10   1.0975270499234688     
          10          11   1.3598888935773776     
          11          12   1.1545903387141574     
          12          13   1.1584746715110819     
           9          14   1.0978221343174233     
          10          14  0.14750247955088869     
          13          14   1.4280039683241565     
           5          15   1.0534340388069505     
          15          16   1.4247166677437142     
          16          17   1.4174371901602760     
          17          18   1.1292604810691951     
          18          19   1.3884159705476333     
          19          20   1.1670074118688409     
          20          21   1.2909124007759030     
          21          22   1.6375235471644576     
          21          23  0.38436570034924450     
          22          23   1.6345527273364546     
          23          24   1.3638699079873078     
          24          25  0.99356714977974070     
          20          26   1.3196658258387779     
          21          26  0.15612845580051909     
          22          26  0.39655516288810250     
          23          26  0.15587388238376912     
          24          26   1.4181639953460290     
          18          27   1.2062572283956854     
          19          27  0.12879651217904908     
          19          28  0.22853386278279572     
          27          28   1.6199859611750749     
          28          29   1.6185094164096405     
          17          30   1.1461540704900501     
          29          30   1.2011034416427786     
          16          31  0.46987592477150208     
          30          31   1.3204044260088972     
          15          32   1.2418397286169314     
          16          32  0.11164362325673610     
          31          32   1.6922868149129298     
