           1           2   1.5437125802536094     
           2           3   1.0334630135377536     
           3           4   1.4394842918021049     
           4           5   1.3030460416618661     
           5           6   1.2176277812997982     
           6           7   1.8591037873801879     
           7           8   1.0537661544158707     
           6           9  0.16301692068134668     
           8           9   2.7873687743039031     
           7          10  0.85466347792580899     
           6          11  0.24525938463738792     
          10          11   1.4368143603630152     
          10          12   1.5537171496837698     
          11          12  0.23315117457422463     
           4          13  0.42159687279305136     
           5          13   1.2563211954123348     
          13          14   1.4573843063807428     
          14          15   1.1251130864155356     
          15          16   1.1569660498443908     
          15          17  0.21125747964124289     
          16          17   1.2174401456505535     
          17          18   1.0625350455425926     
          15          19  0.14008118692114094     
          17          19  0.13031458189061115     
          18          19   1.3062719147816206     
          15          20  0.11897774254400141     
          16          20  0.11411831436473265     
          17          20  0.12575090278253379     
          19          20   1.5801187446265268     
          20          21   1.3493876359090222     
          21          22  0.99965158147268007     
          16          23  0.13413633944909223     
          17          23  0.29530496297048175     
          19          23  0.17633702405789806     
          21          23   1.3346386528697469     
          17          24  0.16538643505931883     
          18          24   1.2877380522306110     
          19          24  0.20474059816405119     
          20          24  0.20867630034005344     
          23          24   1.5638415630237690     
           3          25   1.1198818401848538     
          14          25   1.1219497349010406     
           4          26  0.13553774254310319     
          13          26  0.17497417815168984     
          25          26   1.4779344351111723     
