   -0.00495413
   -0.03378018
    0.14954117
   -0.07253163
    0.11201056
   -0.14078087
    0.08562790
    0.02093454
    0.12497199
   -0.18190012
    0.13349911
   -0.12430809
    0.13008172
   -0.05441903
   -0.03634618
    0.04091880
    0.05223228
    0.19517169
   -0.11661185
    0.08274039
    0.01375196
    0.10905898
   -0.12586351
    0.10205347
   -0.08543301
   -0.07841436
    0.01363749
   -0.05919679
    0.09951630
   -0.17095636
    0.29163710
   -0.40072210
   -0.03365938
    0.02544740
   -0.03629754
    0.16483421
   -0.11590630
   -0.07558563
