   -0.06220615
    0.00997475
    0.33279834
   -0.31558420
   -0.22514483
    0.11928243
   -0.03824542
    0.01389151
    0.19606620
   -0.16797478
    0.13380625
    0.02160787
   -0.02157155
    0.01309831
    0.11238085
   -0.06758268
   -0.08550646
   -0.15634481
    0.16387121
   -0.13417907
    0.13203200
   -0.09424204
    0.16379343
   -0.12052649
    0.05963390
    0.00450599
   -0.00075162
    0.07768287
   -0.03378828
   -0.03442915
    0.12702640
   -0.06482717
   -0.02745824
   -0.03108939
