   -0.09696668
    0.10288121
   -0.11352378
    0.16157853
   -0.08363579
    0.11871607
   -0.11368033
    0.06040721
    0.03204288
    0.12261744
   -0.18449525
    0.12889958
   -0.15709011
    0.14153660
   -0.02709994
   -0.08594321
    0.17781557
   -0.13189505
    0.04067681
    0.04671239
   -0.02837378
    0.04060341
    0.03605551
   -0.05372841
    0.16380321
   -0.03059951
   -0.01078584
    0.08844230
   -0.07374613
   -0.09741324
    0.02264893
   -0.06744059
    0.10105324
   -0.15649237
    0.29707107
   -0.37462620
   -0.02931640
    0.03984400
   -0.03311039
    0.17541226
   -0.06962099
   -0.07923420
