           1           2   2.1771727379610821     
           1           3  0.10886392095629777     
           2           3   1.1200490710239306     
           3           4   1.0930416273887711     
           4           5   1.4602789555156486     
           5           6   1.3946059618802384     
           6           7   1.2383264842044626     
           7           8   1.6710866487318656     
           8           9   1.3701995105833638     
           9          10   1.0824669275785113     
          10          11   2.8133430300083657     
           9          12   1.2390358044270187     
           8          13  0.17223234743775861     
          12          13   1.2348365185613346     
          13          14   1.2929978436780973     
          14          15   1.1988768236397955     
          15          16   1.8749036215129424     
          16          17   1.2964322456811086     
          17          18   1.0792726378164921     
          18          19   1.1230159739506260     
          19          20   1.1540521142531355     
          20          21   1.3341040707381937     
          21          22   1.6750026999986236     
          19          23  0.10917725640836146     
          20          23  0.10582394751290303     
          21          23  0.14098766205259294     
          22          23   1.6781043091789987     
          21          24  0.36956978285101022     
          22          24  0.13948347194594857     
          23          24   1.6433985264644302     
          20          25   1.1749695901261346     
          24          25   1.3797104859374214     
          25          26   1.0330165797878990     
          24          27  0.10974421342984933     
          26          27   1.5114755711748549     
          17          28   1.1788672308216865     
          28          29   1.0057429094591730     
          14          30   1.2472775624166166     
          15          30  0.25469081609314631     
          16          30  0.16966647730311246     
          19          30  0.15309080714899795     
          28          30   1.5070452656329725     
           6          31   1.0671069294175231     
          12          31   1.1892431076851955     
           5          32  0.48756355872041696     
          31          32   1.4270842457100541     
           4          33   1.0835930963399265     
          32          33   1.4439100824557882     
          33          34   1.1748639777285395     
          34          35   1.4854212122412584     
          34          36  0.17731041654609936     
          35          36   1.3959062354841445     
          35          37  0.96595973248730083     
          36          37  0.12126133151746772     
          37          38   2.2681470773685968     
          36          39  0.10330697198666659     
          37          39  0.14050335803938344     
          38          39   1.3362981771628957     
          39          40   1.0605404062552704     
          40          41   1.2778421885842695     
          37          42  0.10568330068915587     
          39          42  0.38766409121135981     
          40          42   1.2902683539692774     
          41          42  0.48587795971283365     
