           1           2   2.7940290094691402     
           2           3   1.0488323260333914     
           1           4  0.15134704559649215     
           3           4   1.7673168966159440     
           4           5   1.2373207192388482     
           5           6   1.5308844612420318     
           6           7   1.1588899430309427     
           7           8   1.6580293126271644     
           7           9  0.87104824220878518     
           9          10   1.8462738975735251     
           4          11  0.29472090109540128     
           6          11  0.20353595623444268     
           9          11   1.0325321353669119     
           4          12  0.10827942770168801     
           5          12  0.99900698859711845     
           6          12  0.34712780726551007     
          10          12  0.14834823176876116     
          11          12   1.9531231842059644     
           3          13  0.92957024564517077     
          13          14   1.7094631162379441     
          13          15   1.1676511505069591     
          14          15  0.10159951989683400     
          15          16   1.5863278484617644     
          15          17  0.15854308239745790     
          16          17   1.6225085951226039     
          17          18   1.1095607844033297     
          18          19   1.2814414369645921     
          19          20   1.6325561282387815     
          19          21  0.15926180506866794     
          20          21   1.6063593713714392     
          19          22  0.23755792153221644     
          21          22   1.6281414360736151     
          18          23   1.2789520089000121     
          20          23  0.24123795599277040     
          21          23  0.19853299919957323     
          22          23   1.6213270254823624     
