           1           2   2.6591525937495017     
           2           3  0.69419888996113543     
           3           4   1.5577815577601541     
           3           5   1.5698459800570284     
           4           5  0.12008875768072655     
           1           6  0.10785881329292581     
           3           6  0.94724946400813315     
           6           7   1.5216836534833849     
           7           8   1.0793751163874872     
           8           9   1.6730999010363670     
           9          10   1.0069055551178319     
          10          11   1.4151275322064636     
          11          12   1.1669874945981284     
          12          13   1.2857148842963926     
          13          14   1.6386687320018916     
          13          15  0.38448442162823043     
          14          15   1.6320785750536311     
          15          16   1.3655953071491251     
          16          17  0.99615599242600150     
          12          18   1.3213036918454411     
          13          18  0.15752061868936607     
          14          18  0.39620606585376544     
          15          18  0.15387561161464544     
          16          18   1.4154686788060242     
          10          19   1.3086122406738878     
          11          19  0.10736810447754037     
          11          20  0.20081316520621562     
          19          20   1.5160669333166377     
          20          21   1.7297905961019007     
           9          22   1.0256496687168444     
          21          22   1.1760103994218922     
           8          23  0.38088458694193783     
          22          23   1.3929075087944425     
           7          24   1.1805470362833368     
          23          24   1.6786964358848770     
