           1           2   1.5338957426272919     
           1           3  0.18092154224253559     
           2           3   2.3377557731781962     
           3           4   1.0383993355666221     
           4           5   1.6880471230931788     
           4           6   1.1394903809148227     
           5           6  0.14524873600529087     
           6           7   1.5132389970324753     
           7           8   1.0641920946454206     
           8           9   1.7122030677412938     
           9          10  0.96086446062309250     
          10          11   1.6274076791882186     
          11          12   1.1024287219020414     
          12          13   1.2828929241738034     
          13          14   1.6973912630008727     
          14          15   1.3753058188273233     
          15          16  0.98964360451667110     
          13          17  0.10829678738155329     
          15          17   1.2699766066754508     
          17          18   1.0065387874096245     
          12          19   1.3458412824227444     
          13          19  0.33461910592660743     
          14          19  0.16265620440279432     
          17          19   1.4308293636323279     
          10          20   1.1685998249557115     
          11          21  0.12911572646467118     
          20          21   1.6744486034607109     
          21          22   1.6656299464093032     
           9          23   1.0063966319669662     
          22          23   1.1650610076878218     
           8          24  0.36890366890637694     
          23          24   1.4184157690047492     
           7          25   1.1832166328982341     
           8          25  0.10510190658990688     
          24          25   1.6525388575444442     
