   -0.09064741
    0.10200879
   -0.10051482
    0.16627805
   -0.07653201
    0.11887441
   -0.13570347
    0.08930532
    0.01079858
    0.11972069
   -0.20491723
    0.13009687
   -0.09808312
    0.11854050
   -0.05115474
   -0.03858961
    0.16041393
   -0.17481365
    0.05493474
    0.07431677
   -0.01608085
    0.00106630
    0.02525115
    0.00334551
   -0.00684163
    0.08812125
   -0.07609958
   -0.08645363
    0.01952726
   -0.04730437
    0.12427482
   -0.19456871
    0.31967946
   -0.35496265
   -0.00647695
    0.00152170
    0.12965098
   -0.05601273
    0.15166444
   -0.06873371
    0.03072400
   -0.15562462
