           1           2   2.1670831230253023     
           1           3  0.10960891462112572     
           2           3   1.1225757234004667     
           3           4   1.1120397208892754     
           4           5   1.4733307656249550     
           5           6   1.3987380374602147     
           6           7   1.1879651516550758     
           7           8   1.6325684879145084     
           8           9   1.5744025564543125     
           9          10   1.1047634257593755     
          10          11   2.7760611907679000     
           9          12  0.97208302636262967     
           8          13  0.19465709495408959     
          12          13   1.6710758647439974     
          13          14   1.1069668810593551     
          14          15   1.2841273188266851     
          15          16   1.7138887300962014     
          16          17   1.3632482088119466     
          17          18  0.96044212131515272     
          18          19   1.1193853750041514     
          19          20   1.0585581158213084     
          20          21   1.3165271415205226     
          21          22   1.6519741477077201     
          20          23  0.11208727361330829     
          21          23  0.18565026639457757     
          22          23   1.5693229773863044     
          21          24  0.22460815339823831     
          23          24   1.5980378229664716     
          20          25   1.3157049492402568     
          22          25  0.20637325941285298     
          23          25  0.19358789835427914     
          24          25   1.6621377262196992     
          15          26  0.11366118046673725     
          17          26   1.2592861045232322     
          26          27   1.0045981545205827     
          14          28   1.3356156211980359     
          15          28  0.27981603895781071     
          16          28  0.16451407403971013     
          26          28   1.4407454426539954     
           6          29   1.0990034434591585     
          12          29   1.0471058879219490     
           5          30  0.50314340899735532     
          29          30   1.5462785873606033     
           4          31   1.0565851333885421     
          30          31   1.3264450682450024     
           1          32  0.11482649616649368     
          31          32   1.3339992142088701     
          32          33   1.1756176692366662     
          32          34  0.11522893823203294     
          33          34   1.6750849389784288     
          33          35   1.0024161053152645     
          35          36   2.4467652992977951     
          36          37   1.1692996386956880     
          35          38  0.11214883664801370     
          37          38   1.4298791645988342     
          38          39   1.1092674010965970     
          37          40  0.14180451463552232     
          38          40  0.10064919958794291     
          39          40   1.5605709419285083     
          38          41  0.36214724878745641     
          39          41   1.0267571156761239     
          40          41  0.29231448269918903     
          37          42   1.1215110328917415     
          40          42  0.20213790216678273     
          41          42   1.6551311155716866     
