           1           2   2.5500996478174836     
           2           3  0.93852260201263094     
           1           4  0.13774746874863808     
           3           4   1.7146699069572851     
           3           5   1.1143732327250178     
           5           6   1.4807365667591470     
           5           7  0.10591737379625935     
           6           7   1.3331212700349320     
           7           8   1.3491923554835534     
           8           9  0.99057875478647583     
           9          10   1.5923528478455458     
          10          11   1.0922439423884225     
          11          12   1.2933385210167256     
          12          13   1.6915445502270414     
          13          14   1.3749505604349319     
          14          15  0.99355079214498920     
          12          16  0.10775831647558623     
          14          16   1.2700953497301455     
          16          17   1.0045055259159670     
          11          18   1.3394127307641071     
          12          18  0.32552597054613430     
          13          18  0.15308255659449108     
          16          18   1.4326484215617878     
           9          19   1.1648653650828968     
          10          19  0.16875099124942552     
          10          20  0.20221104551302180     
          19          20   1.6018958167157737     
          20          21   1.6576079094593601     
           8          22   1.2931138276422796     
          21          22   1.1299753921674418     
           7          23  0.23432457066107185     
          22          23   1.2383936253011998     
           6          24  0.89766395001688759     
          23          24   1.6419615702740371     
          24          25   1.0911764997835405     
          25          26   1.1470440989114519     
          26          27   1.3703034154032667     
          26          28  0.16691340174439004     
          27          28   1.8413031607737609     
          28          29   1.1134313523270696     
          29          30   1.0634737138412784     
          30          31   1.5423805624007028     
          31          32   1.0326917335901635     
          30          33  0.34201354711135379     
          31          33  0.11761440360985047     
          32          33   1.4885773377241405     
          28          34  0.11872307293837431     
          32          34   1.0171559367021572     
          33          34  0.32594610780739885     
          29          35   1.1030652022286307     
          30          35  0.10609033297485650     
          33          35  0.15714623067104247     
          34          35   1.4834764875423760     
