   -0.09956155
    0.09817332
   -0.09690351
    0.16439343
   -0.09070015
    0.12087303
   -0.11157728
    0.06447989
    0.03269372
    0.12176211
   -0.18215775
    0.13114975
   -0.13515792
    0.14407305
   -0.06479187
   -0.06757600
    0.17669277
   -0.13181191
    0.05235571
    0.07455651
   -0.03029366
   -0.00813218
    0.03541585
   -0.00569260
   -0.01910983
    0.09202114
   -0.05922145
   -0.06201036
    0.02268239
   -0.04665360
    0.12133289
   -0.22205944
    0.32241035
   -0.35002156
   -0.00249186
    0.01680263
    0.00336055
    0.08097606
   -0.03168501
   -0.02382239
   -0.03477328
