           1           2   2.1732693522719702     
           1           3  0.11329329658370947     
           2           3   1.1237574244026742     
           3           4   1.1112667256885325     
           4           5   1.4649967417725009     
           5           6   1.3965546199147443     
           6           7   1.2433161769868164     
           7           8   1.6682831580492965     
           8           9   1.3761138106975530     
           9          10   1.0813636292167743     
          10          11   2.8140790801239817     
           9          12   1.2303648909652667     
           8          13  0.18617288378393773     
          12          13   1.2529263730057507     
          13          14   1.2926791780635740     
          14          15   1.1855205406970910     
          15          16   1.8031396855132058     
          16          17   1.2979345942807727     
          17          18   1.0762403213124734     
          18          19   1.1114938801469401     
          19          20   1.1973987723968649     
          20          21   1.2559094624195786     
          21          22   1.6036763021435823     
          21          23  0.18773802915504023     
          22          23   1.5797340230801720     
          21          24  0.25501622465255619     
          23          24   1.6056568505386093     
          20          25   1.2575515816574869     
          22          25  0.22744970202289541     
          23          25  0.19614849201850498     
          24          25   1.6207450669214973     
          17          26   1.1854645323954234     
          26          27   1.0121800538554588     
          14          28   1.2541811722411902     
          15          28  0.31219012610512786     
          16          28  0.15863479024422475     
          26          28   1.5093007475750535     
           6          29   1.0575144610271683     
          12          29   1.1824009291430619     
           5          30  0.51758364282742186     
          29          30   1.4566083719652894     
           4          31   1.0520458125066319     
          30          31   1.3720350712447731     
           1          32  0.10127511166038192     
          31          32   1.3025732866727542     
          32          33   1.1639132303901900     
          33          34   1.6769368558727920     
          33          35   1.0003833029506515     
          35          36   2.3109811624389711     
          36          37   1.3147050058538432     
          37          38   1.2322454797532081     
          37          39  0.22394861909712532     
          38          39  0.97375553766957645     
          37          40  0.29911663999315735     
          38          40  0.29968727064036210     
          39          40   1.3169651320897635     
          37          41  0.22501828056285533     
          38          41  0.95339954950530059     
          39          41  0.45353615177999973     
          40          41   1.3110456619339295     
