   -0.10213246
    0.09576264
   -0.09628801
    0.16377095
   -0.08918228
    0.12177459
   -0.11626493
    0.06250062
    0.03315543
    0.12317180
   -0.18364060
    0.13305455
   -0.14883017
    0.14179168
   -0.02319163
   -0.01582172
    0.05456885
    0.05148183
    0.12629235
   -0.22476417
    0.10941586
    0.05675311
   -0.01576691
   -0.00196219
    0.02923092
    0.00277576
   -0.02993160
   -0.06562714
    0.07225151
    0.10118826
   -0.10218914
   -0.10569226
    0.02256441
   -0.04696897
    0.11620031
   -0.22305444
    0.32527073
   -0.34354207
   -0.01782179
    0.02527304
   -0.02828216
    0.17584198
   -0.09074627
   -0.07239026
