           1           2   2.5913064368208096     
           2           3  0.91007575455293721     
           1           4  0.19102715879181859     
           3           4   1.6357653448698535     
           3           5   1.2493983556596080     
           4           5  0.14276153161817245     
           5           6   1.2669982394578021     
           6           7   1.3624688214731764     
           7           8   1.3543829396687368     
           8           9   1.1483783593316419     
           9          10   1.3154548366312329     
          10          11   1.2406781805547191     
          11          12   1.2153900439803276     
          12          13   1.7315990348113746     
          13          14   1.3591796548076220     
          14          15   1.0055941196200895     
          14          16   1.2493529848782561     
          16          17   1.0080578217050329     
          11          18   1.2730806005985844     
          12          18  0.34873219616090662     
          13          18  0.15300013908079058     
          16          18   1.4643869665886664     
           9          19   1.2560947686442414     
          10          19  0.11713268200895625     
          10          20  0.19816132619555465     
          19          20   1.5616389343996873     
          20          21   1.5979707859106342     
           8          22   1.1358340609309330     
          21          22   1.2249493500141126     
           5          23  0.15791821843836901     
           7          23  0.21371710650476811     
          21          23  0.10080969584642618     
          22          23   1.3485427474984850     
           6          24   1.1076575849088319     
          23          24   1.5040024737412594     
          24          25   1.0702295450335015     
          25          26   1.1377403118195100     
          26          27   1.5353856048843131     
          26          28  0.29899849258650263     
          27          28   1.6635085942328589     
          28          29   1.1907229603380340     
          29          30   1.0173513993209837     
          30          31   1.5425389223464292     
          31          32  0.97378217878546769     
          30          33  0.15097722763734617     
          31          33  0.23844863996014026     
          32          33   1.5515146520710119     
          30          34  0.15874325470872203     
          31          34  0.16146232257164247     
          32          34  0.96922751873523139     
          33          34  0.22844352804489448     
          29          35   1.0282792297504613     
          30          35  0.26818663266272186     
          31          35  0.15819147077938439     
          33          35  0.14930792809766433     
          34          35   1.4986772098522887     
