           1           2   1.6854536920043026     
           1           3  0.27790084107930735     
           2           3   2.0809276750583483     
           3           4  0.97386334626321558     
           1           5  0.16635341048136859     
           3           5  0.15473942410493630     
           4           5   1.6102416730014266     
           1           6  0.13813786790861404     
           4           6   1.2546768929647929     
           5           6  0.15599494531831248     
           6           7   1.2363769697626237     
           7           8   1.3391391663686121     
           8           9   1.4203203026979188     
           9          10   1.1298755495748476     
          10          11   1.3866063464065463     
          11          12   1.1679833134415036     
          12          13   1.2906137785491258     
          13          14   1.6370249281490261     
          13          15  0.38336092324947868     
          14          15   1.6324331891723134     
          15          16   1.3640692377555188     
          16          17  0.99240977572004108     
          12          18   1.3200328707444098     
          13          18  0.15606243820656091     
          14          18  0.40088575108760377     
          15          18  0.15726608689013899     
          16          18   1.4187293086333215     
          10          19   1.2053752828711257     
          11          19  0.11169192340080249     
          11          20  0.20499931144405631     
          19          20   1.6214745831873407     
          20          21   1.6015149959400252     
           9          22   1.1398603551753754     
          21          22   1.2192314696818833     
           8          23  0.43493223616998455     
          22          23   1.2941321093521350     
           7          24   1.1985546938074321     
          23          24   1.7449475678454633     
