           1           2   2.7933704596309918     
           2           3   1.0536830938259167     
           1           4  0.14585799084865333     
           3           4   1.7593648681000880     
           4           5   1.2243620473940340     
           4           6  0.13423411619596448     
           5           6   1.1416292787612532     
           4           7  0.22676832377598216     
           6           7   1.7300983936900924     
           7           8   1.2293018548532426     
           6           9  0.18855654856490747     
           8           9   1.5905003272001723     
           8          10  0.96947369871701705     
           7          11  0.11006751044912609     
           9          11  0.13679363573612843     
          10          11   1.5580867187425840     
           5          12   1.3917862685599727     
           6          12  0.35727436836027482     
           7          12  0.29460893060552362     
          10          12   1.2665806350980069     
           3          13  0.94641254150424792     
          13          14   1.7065195124379793     
          13          15   1.1584408915856339     
          15          16   1.6065218865333659     
          15          17  0.16044057553331426     
          16          17   1.5546555559998585     
          16          18  0.11597630294221115     
          17          18   1.3876361551395660     
          18          19   1.8657858936565013     
          19          20   1.1133497688701317     
          20          21   1.2964170694949917     
          19          22  0.12391787674868762     
          21          22   1.5618648836088145     
          21          23  0.16821248012415649     
          22          23   1.5956514212772497     
          21          24  0.22577309516080646     
          23          24   1.6307542199965066     
          20          25   1.2933469143654366     
          21          25  0.13566717810205717     
          22          25  0.23222594654079481     
          23          25  0.20124894202746946     
          24          25   1.5483097970511823     
