           1           2   1.7315068724318676     
           1           3  0.56975877671617126     
           2           3   1.4331584209361281     
           2           4  0.76268719495065018     
           1           5  0.10488010556078566     
           3           5  0.25155167512023491     
           4           5   1.4617156198354073     
           1           6  0.12906039807819014     
           3           6  0.14031609022052108     
           4           6   1.5811624536710045     
           5           6  0.20122144058844796     
           6           7   1.1305100001693975     
           7           8   1.2579745219256830     
           8           9   1.7308553058712923     
           9          10   1.3163845463292652     
          10          11   1.1447197434175298     
           8          12  0.10595430630868455     
          11          12   1.6093670789240646     
          12          13   1.7255651775169663     
          13          14   1.0918604446185687     
          12          15  0.13154136201373592     
          14          15   1.5868459792547169     
          15          16   1.0908362782397387     
          16          17   1.3222857918858677     
          17          18   1.6238238618583580     
          16          19  0.10056723224376132     
          17          19  0.38262267135860517     
          18          19   1.6298976745975780     
          17          20  0.10145586781651039     
          19          20   1.3664470700310760     
          20          21  0.99708487349363417     
          16          22   1.3537543049209173     
          17          22  0.15489590217642024     
          18          22  0.36564236449967674     
          19          22  0.15877266852547664     
          20          22   1.4138342823255814     
          10          23   1.1834196142366775     
          14          23   1.0561593957112234     
           7          24   1.3313874208223246     
           8          24  0.24250001892531911     
           9          24  0.19858308376016232     
          23          24   1.4242366506206743     
