   -0.09322175
    0.10693385
   -0.11526462
    0.16281965
   -0.07771081
    0.12020209
   -0.10057760
    0.06717883
    0.03869657
    0.12466698
   -0.17168305
    0.12999540
   -0.14513848
    0.14024770
   -0.05950098
   -0.06185069
    0.16935103
   -0.12851755
    0.05285209
    0.06899045
   -0.02104586
    0.00067517
    0.02905061
   -0.01041950
   -0.03089009
    0.09003343
   -0.06349468
   -0.06382115
    0.01942025
   -0.06144403
    0.11984610
   -0.18963041
    0.29784746
   -0.39972628
    0.03463013
    0.02712992
    0.01339137
    0.08702633
   -0.04618334
    0.03378576
   -0.11595458
    0.06296536
   -0.04166109
