           1           2   2.8054753927212683     
           2           3   1.0678459771510302     
           1           4  0.15224251954802409     
           3           4   1.8764586424077025     
           4           5   1.2186119290046336     
           5           6   1.5230643533401191     
           6           7   1.0995888173692658     
           7           8   1.8311447961595382     
           7           9  0.86205427806452706     
           9          10   1.6317477808887031     
           4          11  0.10567622653252177     
           6          11  0.19753858329842125     
           9          11   1.0852082302226915     
           5          12   1.0289320552305845     
           6          12  0.21762462420749701     
          10          12  0.18686636909685661     
          11          12   2.0321387106332680     
           3          13  0.82389837109832509     
           4          14  0.14954921076935976     
          13          14   1.6800702405614862     
          13          15   1.2697005139840010     
          14          15  0.13139100722217201     
          15          16   1.1877170997328157     
          16          17   1.2842173206762195     
          17          18   1.6438933292979723     
          17          19  0.36198741034351967     
          18          19   1.6244470640647526     
          17          20  0.10812301893553322     
          19          20   1.3744028788071572     
          20          21  0.94028220454317335     
          21          22  0.95582095466420336     
          21          23  0.95867729229483090     
          21          24  0.95288828194174624     
          16          25   1.3073830922562166     
          17          25  0.15506087963537135     
          18          25  0.32325780958108230     
          19          25  0.16766238055280805     
          20          25   1.4258704134552287     
