           1           2   1.5112356443034178     
           1           3  0.52321362373707259     
           2           3   1.5080760097556336     
           2           4  0.84072479563453029     
           3           4  0.11033619453626579     
           4           5   1.3293547068509119     
           5           6   1.5947101674129158     
           6           7   1.2790465438159806     
           7           8   1.1901751306949602     
           8           9   1.8820402399059897     
           9          10  0.85502986271352954     
           8          11  0.11086106564464480     
          10          11   1.7251478370736502     
           8          12  0.12641016680441461     
          10          12   1.2170390892617173     
          11          12  0.12759832695708412     
          12          13   1.2261367166064312     
          13          14   1.3407825343532467     
          14          15   1.7212468977164330     
          14          16  0.12618635350589674     
          15          16   1.8058970374331036     
          14          17  0.38868744671259248     
          15          17  0.10017341975311282     
          16          17   1.6329851965773823     
           9          18   1.0209772486350612     
          13          18   1.1159532802733036     
          15          18  0.10710596216625302     
          17          18   1.4551836313578463     
           1          19  0.14126932910722798     
           3          19  0.13302333055720486     
           5          19  0.18649340655550728     
           6          19  0.11997608994056037     
           7          19   1.2495040096188037     
           4          20   1.3459677906529701     
           5          20  0.11632732528955883     
           6          20  0.21499303538233969     
          19          20   1.5832154337343032     
