           1           2   1.5429315185123729     
           2           3   1.0211802119713111     
           1           4  0.12984642874961000     
           3           4   1.4336025427615109     
           4           5   1.4070630891323879     
           5           6   1.1452167092516619     
           6           7   1.7105088162515543     
           7           8   1.5809615097391245     
           8           9   1.0969973957015982     
           9          10   2.7952752606688458     
           8          11   1.0030507346330897     
          11          12   1.6557857213663800     
          12          13   1.1019346143846334     
          13          14   1.3035800210108150     
          14          15   1.6248288765368037     
          14          16  0.38161787158336885     
          15          16   1.6242623040029747     
          14          17  0.10097152611203761     
          16          17   1.3663366089624089     
          17          18  0.99830489504082398     
          13          19   1.3476727148517005     
          14          19  0.15903794982696637     
          15          19  0.40809737584668504     
          16          19  0.16166212737660909     
          17          19   1.4160300215465345     
           5          20   1.1292704357740848     
          11          20   1.0287462847550344     
           1          21  0.10419657408540982     
           4          21  0.37246867879103551     
          20          21   1.5018000989899427     
           3          22   1.1305287058242970     
          21          22   1.3863945653676610     
          22          23   1.1771657731389340     
          23          24   1.4711735458800799     
          23          25  0.18620930300661706     
          24          25   1.4041089400305646     
          24          26  0.97624664715545606     
          26          27   2.3061077461405830     
          27          28   1.3067580075918177     
          28          29  0.98645254746175670     
          28          30  0.44607223911323202     
          29          30   1.3437308213892147     
          28          31  0.42674005988216945     
          29          31   1.3501004872212092     
          30          31  0.48170683743655429     
