   -0.10154011
    0.08034352
   -0.10601075
    0.16103015
   -0.08241012
    0.11720298
   -0.13325750
    0.08714391
    0.02499751
    0.12601294
   -0.17554311
    0.13733306
   -0.11075692
    0.12457689
   -0.02260619
   -0.02732337
    0.14771142
   -0.12557925
    0.02444952
    0.05167233
   -0.03036043
    0.03804064
    0.03326463
   -0.04453807
    0.11411607
   -0.06307019
    0.08864000
   -0.09147827
   -0.09863486
    0.01626146
   -0.05306297
    0.12650998
   -0.21411633
    0.32361621
   -0.35171603
   -0.00267914
    0.01911472
    0.00034093
    0.18781196
   -0.10284206
   -0.09266516
