           1           2   2.7981581476904833     
           2           3   1.0458308204816371     
           1           4  0.16617972574458384     
           3           4   1.7727750724393707     
           4           5   1.2063146230148174     
           4           6  0.13105092156518020     
           5           6   1.1698243165685625     
           6           7   1.7510611567945427     
           7           8   1.2414686779312099     
           6           9  0.17732896250944824     
           8           9   1.5866116285212675     
           8          10  0.96145183811482415     
           7          11  0.10087250730527697     
           9          11  0.13670789936413019     
          10          11   1.5462991948841425     
           5          12   1.3775122255616512     
           6          12  0.25791833391382524     
           7          12  0.28219506785386894     
          10          12   1.2641157992637817     
           3          13  0.93644109995995894     
          13          14   1.6977240205913446     
          13          15   1.1713877567830986     
          14          15  0.10902364016296945     
          15          16   1.6685027227891147     
          16          17   1.3701287566179443     
          17          18   1.0765523318945669     
          18          19   1.6619218297446432     
          18          20  0.38063258696745333     
          19          20   1.5157243650814018     
          20          21   1.1421084244366868     
          19          22  0.10324039386452886     
          21          22   1.1603306158202100     
          22          23   1.6450583667359540     
          23          24   1.2050630924488293     
          23          25  0.13171578591108535     
          24          25   1.6836624290482960     
          24          26  0.88016389944239903     
          26          27   1.0635770905240098     
          27          28   2.8049435046702427     
          26          29   1.6342209605588849     
          28          29  0.12244362608801947     
          29          30   1.5365817303943803     
          30          31   1.0366809934690044     
          31          32   1.9657559687325141     
          32          33   1.0522906069224542     
          31          34  0.13005822754069632     
          33          34   1.8413149277688532     
          33          35  0.84632029745820103     
          35          36   1.4978690602694711     
          30          37   1.1915624970439278     
          31          37  0.18635727241934585     
          32          37  0.14659029010738875     
          35          37   1.4172890833757159     
          16          38  0.13562028069339088     
          17          38   1.0775537668332504     
          19          38  0.17304850783335768     
          21          38   1.3471968076065428     
          22          38  0.12092580020798117     
