           1           2   1.5279709137822723     
           1           3  0.28995405549441322     
           2           3   1.2282907828685052     
           3           4   1.2170974632198763     
           3           5  0.10967543982686080     
           4           5   1.6881041045317522     
           4           6  0.90548157993692058     
           6           7   1.0471411205532402     
           7           8   2.7956085163558235     
           5           9  0.11120740419093722     
           6           9   1.7959375003473725     
           8           9  0.15965742216794329     
           9          10   1.1877511224440718     
           9          11  0.12642705047511427     
          10          11   1.1735388382076770     
          11          12   1.7532910225820784     
          12          13   1.2421857819952435     
          11          14  0.17654958517246289     
          13          14   1.5860527504072237     
          13          15  0.96275348884329537     
          14          16  0.13869527449962313     
          15          16   1.5423403309120443     
          10          17   1.3859810726542816     
          11          17  0.25378273949851177     
          12          17  0.26533718735728551     
          15          17   1.2652876583485833     
           2          18  0.93619996644557057     
          18          19   1.3732436907924144     
          19          20   1.5290360506376079     
          18          21  0.12178734167296335     
          19          21  0.15954202260825615     
          20          21   1.6092521906046318     
          19          22  0.20748447375566581     
          21          22   1.6576768980595384     
          18          23   1.3503312848014779     
          19          23  0.10972099929963058     
          20          23  0.19203338562327310     
          21          23  0.18828539474159056     
          22          23   1.5284826295226792     
