   -0.00954537
   -0.01640370
    0.15333812
   -0.07983737
    0.11789121
   -0.11835561
    0.05459862
    0.03679459
    0.12472465
   -0.17989738
    0.12955278
   -0.15798999
    0.14045629
   -0.06846085
   -0.02242469
    0.05406222
    0.03709092
    0.11068040
   -0.19835735
    0.07599158
   -0.06135406
    0.12850118
    0.10078679
   -0.09657846
   -0.05889215
    0.02209021
   -0.04017872
    0.11009203
   -0.24909860
    0.32185852
   -0.35329422
   -0.00792850
    0.02341076
   -0.00817256
    0.18508196
   -0.10326240
   -0.09697084
