           1           2   1.5422921097119713     
           1           3  0.10175946928068474     
           2           3   1.0278223363732784     
           1           4  0.18908416730083397     
           3           4   1.4487016907053429     
           4           5   1.3715252211801334     
           5           6   1.2420172377181899     
           6           7   1.6537670081918052     
           7           8   1.3748801225059155     
           8           9   1.0807426502257009     
           9          10   2.8148139093277682     
           8          11   1.2388358560930621     
           7          12  0.24837284527282655     
          11          12   1.2516617618483323     
          12          13   1.2252283268269262     
          13          14   1.2263853905631055     
          14          15   1.7163814490120362     
          15          16   1.3849428111773849     
          16          17  0.97217505465606846     
          17          18   1.0651354931288779     
          18          19   1.4996806395533722     
          17          20  0.11433068661746730     
          19          20   1.2886417709046389     
          18          21  0.10178012228742991     
          20          21   2.0816035897625200     
          18          22   1.1434893515177091     
          19          22  0.15423885744109719     
          20          22  0.14179628891507909     
          21          22   1.1927449426789833     
          16          23   1.2706781626330228     
          23          24  0.99517521231440009     
          13          25   1.2858684495431407     
          14          25  0.33196442156986833     
          15          25  0.17541495296959783     
          23          25   1.4654005214631560     
           5          26   1.0812817069090177     
          11          26   1.1799192181557017     
           1          27  0.14776037056946315     
           4          27  0.35252785047420354     
          26          27   1.4221716946584604     
           3          28   1.0954938938228316     
          27          28   1.3972884343785081     
           1          29  0.13842680925117290     
          28          29   1.2479963524262840     
          29          30   1.2269681049217802     
          29          31  0.13661370662594308     
          30          31   1.6276897075796148     
          30          32  0.97326060102675738     
          32          33   2.2620381440699373     
          33          34   1.3619988810392760     
          34          35  0.96042766287539139     
          32          36  0.15002677492747915     
          34          36  0.44770869217960463     
          35          36   1.3522268472589740     
          32          37  0.13473201147029565     
          34          37  0.44421312735525148     
          35          37   1.3528932584853530     
          36          37  0.51331521996641871     
