           1           2   2.5072223935774094     
           2           3  0.98304533322038123     
           1           4  0.13162887759201131     
           3           4   1.6984521224154638     
           3           5   1.0812088945746665     
           4           5  0.11642095176080149     
           5           6   1.0537756604405237     
           6           7   1.7991042775005870     
           6           8  0.22964249717793619     
           7           8   1.4522101725094083     
           8           9   1.1778806501583385     
           9          10   1.0129413948923276     
          10          11   1.4869584462128189     
          11          12   1.1677000803490307     
           8          13  0.14756385986469248     
          12          13   1.1225186945835917     
           8          14  0.11217840209359747     
           9          14   1.1150189616120723     
          10          14  0.17089489849375517     
          13          14   1.4073358656978474     
           5          15   1.0528001216399976     
          15          16   1.4073210214811918     
          16          17   1.4671489331025227     
          17          18  0.99711341086241212     
          18          19   1.6093616234984180     
          19          20   1.0872124369991807     
          20          21   1.3181921893870259     
          21          22   1.6284386266977022     
          21          23  0.39725975001903546     
          22          23   1.6275519668232015     
          21          24  0.10235134241438670     
          23          24   1.3663049084733052     
          24          25  0.99480986052153109     
          20          26   1.3510243674778346     
          21          26  0.15273315644740232     
          22          26  0.42684879889163813     
          23          26  0.15493344455081645     
          24          26   1.4157326386896367     
          18          27   1.1533937841744943     
          19          27  0.16609441697148225     
          19          28  0.16906461461071098     
          27          28   1.6561650478771996     
          27          29  0.10251942713315775     
          28          29   1.7282765200674945     
          17          30   1.2002012763386107     
          29          30   1.0695547862149366     
          16          31  0.48210623325520224     
          30          31   1.3788599659557044     
          15          32   1.2544112552573821     
          16          32  0.10787179322522493     
          31          32   1.6727514836013673     
