           1           2   2.8020410512667167     
           2           3   1.0712995623651562     
           1           4  0.14091504215303827     
           3           4   1.8396266579032901     
           4           5   1.1979219280286688     
           5           6   1.5414376461645443     
           6           7   1.1458504203171727     
           7           8   1.6815415374932265     
           7           9  0.87397641192783215     
           9          10   1.8412344544152126     
           4          11  0.14023694762493744     
           6          11  0.19988327895832286     
           9          11   1.0328940213402600     
           4          12  0.12408857113856422     
           5          12   1.0224243117486740     
           6          12  0.25231791477150955     
          10          12  0.14049696409019499     
          11          12   2.0352488805786253     
           3          13  0.83771692907539053     
           4          14  0.14383650828103345     
          13          14   1.6870892060863303     
          13          15   1.2511302705690590     
          14          15  0.12464749468946197     
          15          16   1.2212583500301495     
          16          17   1.2969835220477657     
          15          18  0.10205997015855585     
          17          18   1.6580659282217656     
          17          19  0.16920875057213244     
          18          19   1.7502465050593055     
          17          20  0.31890677434286191     
          18          20  0.13510797837425587     
          19          20   1.6299693081908611     
          16          21   1.1837690171149700     
          18          21  0.10664517432566827     
          20          21   1.4202348879913866     
          21          22   1.0255951753612251     
