           1           2   1.4153771097017549     
           2           3   1.0099306995390154     
           3           4   2.5278324909449972     
           3           5  0.10026620828701940     
           4           5   1.2430107237178647     
           5           6   1.1857412411961865     
           5           7  0.14571946903314273     
           6           7   1.1419745710174942     
           5           8  0.10033153781060546     
           7           8   1.3028006365433908     
           7           9  0.21600188913122312     
           8           9   1.5942454394357144     
           7          10  0.14252989280760028     
           8          10  0.10760451127520035     
           9          10   1.4321965003966255     
           6          11   1.0595181143298078     
           8          11  0.15609568932173229     
           9          11  0.15932035923516341     
          10          11   1.6304886810528303     
           1          12  0.22753478649502745     
           2          12   1.4453123762674676     
          12          13   1.1967803924884386     
          13          14   1.2386619866913198     
          14          15   1.7744607881615080     
          15          16   1.2989103489486789     
          16          17   1.1561570677000279     
          14          18  0.13444361943301425     
          17          18   1.5699212039480006     
          18          19   1.7661931830950617     
          19          20   1.1025127743085905     
          20          21   1.6176010370859559     
          21          22   1.1092497037916165     
          22          23   1.3090295511252250     
          23          24   1.6203626590360509     
          23          25  0.39003773876592651     
          24          25   1.6333098233515997     
          25          26   1.3630631026585789     
          26          27  0.99447150323803923     
          22          28   1.3488241296708612     
          23          28  0.15909973369068217     
          24          28  0.37257926290581617     
          25          28  0.15416116585801720     
          26          28   1.4191761662794096     
          16          29   1.1588283637352992     
          20          29   1.0197684279203114     
          13          30   1.2754186772997760     
          14          30  0.17690670721212309     
          15          30  0.17745239864782247     
          29          30   1.4726866960139817     
