           1           2   1.3328066160963630     
           1           3  0.57713049332029898     
           2           3   1.2917314850137027     
           2           4   1.1095670532222592     
           1           5  0.10251914775030255     
           3           5  0.10741488335757146     
           4           5   2.4799535792742873     
           5           6  0.98399791027541583     
           6           7   1.6895449679029870     
           6           8   1.1777014221781481     
           8           9   1.2844597701825726     
           9          10   1.1980514841590724     
          10          11   1.8327728057802155     
          11          12   1.3077041958358731     
          12          13   1.1031184567548873     
          10          14  0.10707381685429589     
          13          14   1.6807841691072676     
          14          15   1.6286262708971022     
          15          16   1.1522299163694705     
          14          17  0.11668412285044934     
          15          17  0.10250291758973816     
          16          17   1.5822858073019039     
          17          18   1.0889884236279468     
          18          19   1.3214292171444444     
          19          20   1.6220478116496029     
          18          21  0.10140524340368549     
          19          21  0.38668744030826535     
          20          21   1.6309655864815991     
          19          22  0.10126042626234216     
          21          22   1.3658138790936154     
          22          23  0.99405184988947715     
          18          24   1.3567354238481242     
          19          24  0.15768887591220893     
          20          24  0.38089210337397794     
          21          24  0.15547823788778137     
          22          24   1.4149105587883777     
          12          25   1.1825184120504544     
          16          25   1.0275981427350516     
           9          26   1.2549949200327142     
          10          26  0.17168668118738167     
          11          26  0.14767459674699776     
          25          26   1.4599569431581858     
