           1           2   2.0201198403041953     
           2           3   1.1336639461609470     
           3           4   1.0437658932580240     
           4           5   1.5099718408221501     
           5           6   1.3621222826945913     
           6           7   1.1916748225341449     
           7           8   1.6518743703821248     
           8           9   1.5779473291426476     
           9          10   1.0973009495616104     
          10          11   2.7968641580550493     
           9          12  0.99399776656709304     
           8          13  0.10495985083188714     
          12          13   1.6508851507303648     
          13          14   1.1397215354806518     
          14          15   1.2293977406860148     
          15          16   1.7759847368807884     
          16          17   1.2993253741992947     
          17          18   1.0854373172389808     
          18          19   1.1372212002631958     
          19          20   1.2120287283110824     
          20          21   1.2464066310522006     
          21          22   1.6291323390277086     
          21          23  0.20222614639041778     
          22          23   1.5919178664231781     
          21          24  0.23073642148887735     
          23          24   1.5757771391607442     
          20          25   1.2425101543342689     
          22          25  0.25896672162386219     
          23          25  0.19807382858251160     
          24          25   1.6110150951818303     
          17          26   1.1715930165233071     
          26          27   1.0318181256961183     
          14          28   1.3233970699419644     
          15          28  0.29170001845353943     
          16          28  0.19487750897464079     
          26          28   1.4766464246694686     
           6          29   1.1082303251805392     
          12          29   1.0338183496277060     
           5          30  0.44551279993901438     
          29          30   1.5323064057655771     
           4          31   1.0915975582690951     
          30          31   1.3274619637107923     
          31          32   1.2968998374110023     
          32          33   1.1996111652047781     
          32          34  0.10487581048587075     
          33          34   1.6449228830242943     
          33          35  0.98573476066454357     
          34          35  0.11334956957258961     
          35          36   2.2410106431109353     
          35          37  0.17770749428578786     
          36          37   1.3713542630952089     
          37          38   1.0828026255597782     
          38          39   1.1207493555338630     
          37          40  0.10109739354857875     
          39          40   1.7266859628583009     
          40          41  0.76532610324079053     
          40          42  0.18910198452024227     
          41          42   1.1227715862325109     
          39          43  0.20526738131275468     
          40          43  0.15668964080914355     
          41          43   1.1327586658642026     
          42          43  0.20474255749850617     
          41          44  0.79698279692844887     
          42          44  0.15161635988342440     
          43          44  0.21522328046556477     
          38          45   1.1518917305181275     
          42          45  0.17781772058684686     
          44          45   1.6549055658737237     
