           1           2   2.8143374773948575     
           2           3   1.0817256998381222     
           3           4   1.3932915963560613     
           4           5   1.6672011799424404     
           5           6   1.2360370327330066     
           6           7   1.2971149405661035     
           4           8  0.12241053684649314     
           7           8   1.7555873036089054     
           8           9   1.2146839088309529     
           9          10   1.2386535445231359     
          10          11   1.2034034054045117     
          10          12  0.13918954183643481     
          11          12   1.6267457782589723     
          11          13   1.0275150459208255     
          13          14   2.4877580156240189     
          10          15  0.12592717197658024     
          14          15   1.3011402421715603     
          15          16   1.1097689364374637     
          15          17  0.13733938689621900     
          16          17   1.0962842607771612     
          17          18   1.5857093214267066     
          17          19  0.11107967539692175     
          18          19   1.1430132323690261     
          17          20  0.22290017667718118     
          18          20  0.10531927095682414     
          19          20   1.1439886901509995     
          15          21  0.13889055112829413     
          16          21   1.0957496214492821     
          18          21  0.22343738450098602     
          19          21  0.11120525911811831     
          20          21   1.5850585725838062     
           7          22  0.15521725807372505     
           8          22  0.23021747107633794     
           9          22   1.3132587024063309     
           6          23   1.1175205963210066     
          22          23   1.3414119490603300     
           3          24   1.2225002809630421     
          23          24   1.2138829679586880     
           4          25  0.16235931937661166     
          24          25   1.2266607991167440     
          25          26   1.2187867280464009     
          26          27   1.2625381889599940     
          27          28   1.6622280093385007     
          27          29  0.37597017546524880     
          28          29   1.6262918239858455     
          29          30   1.3585339519662669     
          30          31  0.99270501994738969     
          26          32   1.2845513167772411     
          27          32  0.15295162591305145     
          28          32  0.42987860593530558     
          29          32  0.15219914610667709     
          30          32   1.4250533208266554     
