           1           2   1.8603791030465673     
           1           3  0.14298579609278450     
           2           3   1.0527345078460344     
           3           4   1.5315723564309527     
           4           5  0.97398477183967236     
           5           6   1.6932783595798160     
           5           7   1.1674289323738098     
           6           7  0.12219298187085563     
           7           8   1.5887135570558411     
           7           9  0.13399780186873772     
           8           9   1.7405960085702039     
           9          10   1.1063114192168906     
          10          11   1.1630857960920762     
          10          12  0.13508695596309259     
          11          12   2.1277448988733583     
          10          13   1.1393643924596675     
          12          13  0.12857300824789128     
          10          14  0.11788749156155934     
          11          14  0.16618137158463728     
          12          14  0.17984403077073149     
          13          14   2.1301243196946857     
           1          15  0.16893307255865844     
           4          15   1.1876418555033312     
           1          16  0.10972469514165015     
           2          16  0.94934283960696153     
          15          16   1.3124598840279109     
           3          17  0.10318653723488420     
          16          17   1.4434009067844191     
          17          18   1.5542095337599120     
          18          19  0.79090512041395278     
          17          20  0.11808223105007526     
          19          20   1.7527668623914536     
          17          21  0.13717134908792517     
          19          21   1.2481181821995855     
          20          21  0.14472979586808191     
          21          22   1.2526604835069204     
          22          23   1.2593792421376699     
          23          24   1.5672246641527381     
          24          25   1.6800284458331309     
          25          26   1.1627129553539677     
          24          27  0.19790337506093067     
          26          27   1.2867144197616427     
          27          28   1.2507633193353391     
          28          29   1.2177694430225874     
          29          30   1.7806927062838582     
          30          31   1.3585316872434976     
          31          32   1.0071103072359391     
          31          33   1.2467664928773208     
          33          34   1.0081232189220051     
          28          35   1.2696865820724197     
          29          35  0.32308500582937688     
          30          35  0.15169899847575702     
          33          35   1.4589247597236292     
          18          36   1.0995660386765489     
          22          36   1.2129548981946552     
          26          36   1.2966243065739982     
