           1           2   1.0238367848307304     
           1           3  0.12294416995696125     
           2           3   1.5833257669400509     
           1           4  0.12855561861254552     
           2           4   1.5806499696748004     
           3           4  0.12311759618141693     
           2           5  0.62377327684645212     
           1           6  0.22505509932166579     
           5           6   1.4418312882407989     
           6           7   1.7509002444390487     
           7           8   1.3425257626908991     
           8           9   1.2239368975626352     
           9          10   1.2537513436994923     
           9          11  0.12397326951815604     
          10          11   1.5496651430911308     
          10          12  0.99362808955742032     
           9          13  0.18128571778933275     
          11          13  0.21117004263782815     
          12          13   1.5685274970915577     
          13          14   1.4719389100604365     
          14          15   1.2699237721933365     
          15          16   1.2805107831758278     
          16          17   1.2354164403531744     
          14          18   1.0014580448674710     
          17          18   1.1160800781359310     
          18          19   1.5513753971675821     
          19          20   1.8837995468945030     
          20          21  0.83226654710935388     
          20          22  0.11067909498113593     
          21          22   1.6860651533602709     
          20          23  0.23143640257043677     
          21          23   1.3586024866094608     
          22          23  0.25095990290708575     
          17          24   1.2802578106144447     
          24          25   1.4257957711049876     
          24          26  0.22137807803800905     
          25          26   1.7115981354311458     
          16          27   1.1855495262967584     
          24          27  0.32998387877678553     
          25          27  0.22655831599103948     
          26          27   1.4729450218519247     
           8          28   1.0987289843400427     
          12          28   1.1332149277234094     
           5          29   1.4640235751936124     
           7          29  0.39455554143778249     
          28          29   1.4278079531098817     
