           1           2   2.5699378050948765     
           2           3  0.90776345659289548     
           1           4  0.13410739323118218     
           3           4   1.6866033053426184     
           3           5   1.1983653238314678     
           5           6   1.2403410052997825     
           6           7   1.2242111106962610     
           7           8   1.8769474822316519     
           8           9   1.3113398912996181     
           9          10   1.1024728911456141     
          10          11   1.6734033785655327     
          11          12   1.6401433223068986     
          12          13   1.1851401634957563     
          13          14   1.5600851893710050     
          14          15   1.1445817225880655     
          15          16   1.2718253629344585     
          16          17   1.5789933134528207     
          17          18   1.2950144007930642     
          18          19   1.0353698634548774     
          19          20   1.0271852107734900     
          20          21   1.3275065609320316     
          21          22   1.5430581886039179     
          20          23  0.10523095191383167     
          21          23  0.18176145974225660     
          22          23   1.6328252199972599     
          21          24  0.21345979279522784     
          23          24   1.6438842239174243     
          20          25   1.3266348760287130     
          22          25  0.21303531227160635     
          23          25  0.17813369068133139     
          24          25   1.5414041597458787     
          16          26  0.11652737206274334     
          17          26  0.21823656273181413     
          18          26   1.2895228280766255     
          15          27   1.2616247373997560     
          16          27  0.26360578866635509     
          17          27  0.12165872393291365     
          26          27   1.5737856181337242     
           9          28   1.1673582065691872     
          13          28   1.0072522379454669     
           6          29   1.2643982334450210     
           8          29  0.20284734399008725     
          28          29   1.4845053723948534     
