   -0.09128762
    0.10189429
   -0.11692637
    0.15881552
   -0.07480546
    0.11735743
   -0.13647990
    0.09014172
    0.01068725
    0.11929293
   -0.20095995
    0.13000149
   -0.09730293
    0.12092797
   -0.04831157
   -0.03286019
    0.15926482
   -0.18730354
    0.17916868
   -0.03212062
    0.00408548
    0.03295666
    0.01110821
   -0.04551934
    0.09175965
   -0.06796682
   -0.08220842
    0.02014205
   -0.04912658
    0.10553508
   -0.14138867
    0.29700736
   -0.36403331
   -0.02040239
    0.04147766
   -0.02865366
    0.18363821
   -0.09234248
   -0.06526262
