           1           2   1.5746805449600163     
           1           3  0.45447124566057812     
           2           3   1.0217051659854424     
           3           4   1.3542084343408558     
           3           5  0.12203635690213389     
           4           5   1.1413987100472049     
           5           6   1.5455097320008380     
           3           7  0.10287534255294994     
           5           7  0.41998482069119147     
           6           7   1.3818344544535999     
           4           8   1.0121361679719167     
           7           8   1.0922038467187778     
           6           9  0.14874980762173509     
           8           9   1.1974870424233302     
           9          10   1.3802893171264257     
           9          11  0.25225176148604367     
          10          11   2.2068316322916322     
          11          12  0.96025137554845497     
          12          13   1.6809106604653508     
          12          14   1.1980487174342007     
          14          15   1.2496030762617707     
          15          16   1.2175276865572857     
          14          17  0.10822818763219180     
          16          17   1.7395187207531984     
          17          18   1.3076833739999412     
          18          19   1.0932705130093370     
          16          20  0.10974531421752377     
          19          20   1.6959855907494856     
          20          21   1.6254891544055292     
          21          22   1.1551184504187062     
          20          23  0.11779122791769045     
          21          23  0.10885781240661234     
          22          23   1.5768884774903518     
          23          24   1.0882395265437399     
          24          25   1.3209241535545624     
          25          26   1.6225411993621628     
          24          27  0.10100356840869693     
          25          27  0.38787332747228964     
          26          27   1.6318019331711959     
          25          28  0.10146804969001204     
          27          28   1.3659732019105075     
          28          29  0.99397247832253099     
          24          30   1.3564085845556624     
          25          30  0.15640225416802123     
          26          30  0.38834697165499116     
          27          30  0.15408639897845072     
          28          30   1.4141478147842257     
          18          31   1.1901991506494307     
          22          31   1.0290751378996068     
          15          32   1.2581352051971790     
          16          32  0.22969969565851098     
          17          32  0.14158420858330353     
          31          32   1.4542398141165129     
