           1           2   1.6428068573689290     
           1           3  0.18746869643715669     
           2           3   1.3243050291446519     
           1           4  0.10071821628634921     
           3           4   1.2947375157775738     
           4           5   1.2189450173827492     
           3           6  0.10594574094421581     
           5           6   1.5506253575495834     
           5           7   1.0546517676057292     
           7           8   1.1563548965217054     
           8           9   1.3711069661734521     
           9          10   1.1574918982929030     
          10          11   1.1598114783540376     
           7          12   1.1327771048812219     
           8          12  0.10165997037413492     
          11          12   1.3608280270473945     
           1          13  0.15857321235513996     
           4          13   1.1631591299867274     
           1          14  0.12249439557538329     
           2          14  0.90911012218450593     
          13          14   1.5164817884273638     
          14          15   1.1918082243175294     
          15          16   1.8004163410178879     
          16          17  0.84094744886862671     
          15          18  0.10431004154249031     
          17          18   1.7362214560418983     
          15          19  0.14635755907139292     
          17          19   1.2222100338349573     
          18          19  0.14881356151989453     
          19          20   1.2665229156302187     
          20          21   1.2533217607351417     
          21          22   1.5639672074105839     
          22          23   1.6629062792359575     
          23          24   1.1656375100418630     
          22          25  0.15564494174312105     
          24          25   1.2659547172445818     
          25          26   1.2736985019651887     
          26          27   1.2529236065817593     
          27          28   1.6591490704005143     
          28          29   1.3369114218357554     
          29          30   1.1102000657931608     
          28          31  0.18353508831684631     
          30          31   1.1626212255662840     
          27          32  0.18453993619033765     
          31          32   1.8115995459903065     
          29          33   1.1124223796489976     
          32          33   1.1498519939934455     
          31          34  0.17736420033531006     
          33          34   1.1505873748837463     
          34          35   1.0969212262087664     
          35          36   1.3003353206936330     
          36          37   1.5820725283577943     
          36          38  0.18220577486039288     
          37          38   1.6259870098084450     
          36          39  0.22615334911650375     
          38          39   1.6101432830455571     
          35          40   1.2976598107771917     
          36          40  0.10422100593893797     
          37          40  0.23691108542939082     
          38          40  0.17037752627328190     
          39          40   1.5810546467667086     
          26          41   1.2223990581245918     
          27          41  0.28680394411570792     
          28          41  0.16402748271720499     
          30          41   1.4276377165633716     
          16          42   1.0551936119226470     
          20          42   1.1955155389930983     
          24          42   1.3050407333398011     
