           1           2   1.5807987997334436     
           1           3  0.20508993969662651     
           2           3   2.3040015372234230     
           3           4   1.0526197780566973     
           4           5   1.6234112515122356     
           1           6  0.12775312959675075     
           4           6   1.1861687803139864     
           5           6  0.12932551165896553     
           6           7   1.2858621797875749     
           7           8   1.2113163844855328     
           6           9  0.11345323595426379     
           8           9   1.7540714023092283     
           9          10   1.2741235435533398     
          10          11   1.2031396181093745     
           8          12  0.12171116850572868     
          11          12   1.6146707079623424     
          12          13   1.5686084793676529     
          13          14   1.1060270340727192     
          14          15   2.7786937977641397     
          13          16  0.97437658248814873     
          12          17  0.14718746311661882     
          16          17   1.6585251643170693     
          17          18   1.1097442050974078     
          18          19   1.2836057400985661     
          19          20   1.6584859106965810     
          20          21   1.3798297705206193     
          21          22  0.99442014184903482     
          19          23  0.10890980557890088     
          21          23   1.2695213211833458     
          23          24   1.0043554753143420     
          18          25   1.3345898522558011     
          19          25  0.37771689363649624     
          20          25  0.14690109987068248     
          23          25   1.4322692801376382     
          10          26   1.1599321593737428     
          16          26   1.0663725070188330     
           7          27   1.2423237718047755     
           8          27  0.25752704728849291     
           9          27  0.13792347992423759     
          26          27   1.4595739615167045     
