           1           2   2.0004842656423687     
           2           3   1.1360511760297167     
           1           4  0.12739124277281164     
           3           4   1.1859323170069642     
           1           5  0.12618783676090053     
           3           5  0.10302442314012783     
           4           5   2.0666107669628633     
           1           6  0.16422642197924309     
           2           6  0.20935209624864304     
           3           6   1.1121146756298732     
           4           6  0.14685781071098150     
           5           6  0.15115969495578427     
           6           7   1.2487028642184781     
           7           8   2.5347462073203078     
           8           9   1.0146888342251259     
           9          10   1.4197719773667303     
           9          11   1.4411566805529412     
          10          11  0.24961065649756417     
          11          12   1.1861004259750920     
          12          13   1.2359096436457622     
          13          14   1.7632520523756268     
          14          15   1.2896935787696431     
          15          16   1.1722905976012528     
          13          17  0.11225258152011468     
          16          17   1.5784729745634598     
          17          18   1.7336029150093260     
          18          19   1.0878073337379486     
          17          20  0.13610269773617520     
          19          20   1.5951046328576401     
          20          21   1.0910188143759103     
          21          22   1.3218387552134883     
          22          23   1.6243045288914508     
          22          24  0.38752329659039692     
          23          24   1.6287920957460469     
          22          25  0.10140447182075074     
          24          25   1.3660241269211564     
          25          26  0.99719727483953768     
          21          27   1.3520776540528949     
          22          27  0.15670175676115050     
          23          27  0.37748500269531338     
          24          27  0.15776395969206930     
          25          27   1.4149373335779294     
          15          28   1.1677829135934730     
          19          28   1.0555354776601169     
          12          29   1.2937787884855905     
          13          29  0.22036757734415299     
          14          29  0.17056143707216118     
          28          29   1.4453298858368235     
