   -0.08963707
    0.11653916
   -0.11483007
    0.16030431
   -0.07345211
    0.11934376
   -0.12707176
    0.08532376
    0.01642186
    0.11963480
   -0.18999764
    0.13030207
   -0.10274537
    0.11350619
   -0.05064791
   -0.04376564
    0.18128099
   -0.16471759
    0.05808971
    0.07264744
   -0.02111132
    0.00231431
    0.02712214
    0.00147920
   -0.01412339
   -0.03943335
   -0.04091743
    0.01449121
   -0.04876310
    0.12244160
   -0.20039754
    0.32455250
   -0.35727378
   -0.01066003
    0.01933556
   -0.02215710
    0.17970534
   -0.08674929
   -0.06638442
