           1           2   2.1274265513849682     
           1           3  0.10848453832184266     
           2           3   1.1269176789019102     
           3           4   1.0633185360303383     
           4           5   1.5063836154652643     
           5           6   1.3615397589843172     
           6           7   1.2012485887686779     
           7           8   1.6201404559515389     
           8           9   1.5695533696400787     
           9          10   1.1034879646634259     
          10          11   2.7794372966056660     
           9          12  0.97769453602709366     
           8          13  0.19861886487563521     
          12          13   1.6604445578831919     
          13          14   1.1049728614049061     
          14          15   1.2948676375247918     
          15          16   1.5129314958160713     
          16          17   1.3372307495038360     
          17          18  0.94322115997342315     
          18          19   1.1316695742589482     
          19          20   1.0594264730564953     
          20          21   1.3130686172130679     
          21          22   1.6507605336774507     
          20          23  0.10982587166528625     
          21          23  0.19007951839302673     
          22          23   1.5965569061541292     
          21          24  0.21233909463957265     
          23          24   1.5733059692215359     
          20          25   1.3137134257023562     
          22          25  0.21994306686373011     
          23          25  0.18447483990346103     
          24          25   1.6477325919060184     
          15          26  0.13489632981439029     
          16          26  0.25143663492241430     
          17          26   1.3327694970921324     
          14          27   1.2977998400148278     
          15          27  0.26130760732910890     
          16          27  0.13462319280270246     
          26          27   1.5195612618968042     
           6          28   1.1151404262671709     
          12          28   1.0518332966133883     
           5          29  0.45966519846284859     
          28          29   1.5234991707933219     
           4          30   1.0825099138080223     
          29          30   1.3307888800871133     
          30          31   1.3010710821958646     
          31          32   1.2013833847849975     
          31          33  0.11716745488713845     
          32          33   1.6589672300378444     
          32          34  0.97926342935557820     
          34          35   2.3172380210101071     
          34          36  0.15118867233213701     
          35          36   1.3026630155831835     
          36          37   1.0612496973028078     
          34          38  0.12684685358184333     
          36          38  0.40877925534602028     
          37          38   1.2905233539500762     
          37          39   1.2754649732580090     
          38          39  0.52026493769533810     
