           1           2   1.5622034127798032     
           1           3  0.42124147978764326     
           2           3   1.0217519277236093     
           3           4   1.2803110061860048     
           3           5  0.10886154626168634     
           4           5   2.5130635666730652     
           5           6   1.0198952309307430     
           6           7   1.6366226144024985     
           6           8   1.2100067554898946     
           7           8  0.13743259892680174     
           8           9   1.2248986965906907     
           9          10   1.2273045573434567     
           8          11  0.13383787786274010     
          10          11   1.7064640323478779     
          11          12   1.2933829380563566     
          12          13   1.2326312282947225     
          10          14  0.13620740670310366     
          13          14   1.6723713936940900     
          14          15   1.3889116794025760     
          15          16   1.0813184028967351     
          16          17   2.8157227915656358     
          15          18   1.2272100075807020     
          14          19  0.16477675827787541     
          18          19   1.2302119303351287     
          19          20   1.2179233590961376     
          20          21   1.2584073671768965     
          21          22   1.6329525312769702     
          21          23  0.41001536709790826     
          22          23   1.6156164727379019     
          23          24   1.3550952140234731     
          24          25  0.99359091847304737     
          20          26   1.2929108830293288     
          21          26  0.16508561824916754     
          22          26  0.41344802609253317     
          23          26  0.13887295912168099     
          24          26   1.4332133820907922     
          12          27   1.1191560080324041     
          18          27   1.2113302773427415     
           9          28   1.3068468693681377     
          10          28  0.27639234625821463     
          11          28  0.16138042065818653     
          27          28   1.3494276759371149     
