           1           2   1.5631128984042166     
           2           3   1.0179165127427205     
           1           4  0.12518014721620027     
           3           4   1.6084876565198634     
           4           5   1.1400433206591956     
           5           6   1.5585253651649438     
           6           7   1.6026086111249200     
           7           8   1.0667695218570028     
           6           9  0.13598016217107214     
           8           9   2.7837342018077140     
           7          10  0.87773277027651486     
           6          11  0.13026883706051628     
          10          11   1.6875827516144828     
          10          12   1.2918657758473826     
          11          12  0.41259155773042017     
           4          13  0.40430793901024564     
           5          13   1.0986337605011331     
          13          14   1.6955881642177932     
          13          15  0.10854234276831394     
          14          15   1.1058392704199633     
          15          16   1.2592594547772618     
          16          17   1.0668210145495387     
          17          18   1.5483210095144289     
          18          19   1.1927265638496385     
          19          20   1.3165890473181006     
          20          21   1.7109053497682134     
          20          22  0.14469012146849314     
          21          22   1.8247723452895892     
          20          23  0.42560687285650145     
          21          23  0.12808280817533382     
          22          23   1.6833637567737152     
          19          24   1.2005216345969756     
          21          24  0.10187132209375267     
          23          24   1.3730235573032168     
          17          25   1.1530770966687551     
          18          25  0.16013649475573954     
          24          25   1.1050669328281235     
           3          26  0.96671749796468831     
          14          26  0.95056615845431680     
           4          27  0.10046685968694674     
          13          27  0.15033255834857473     
          26          27   1.7658869973584934     
