           1           2   1.5472084335220275     
           2           3   1.0189849233740078     
           1           4  0.16000968545844388     
           3           4   1.4447916997661117     
           4           5   1.3751959434534311     
           5           6   1.2439379862589450     
           6           7   1.6538768540192910     
           7           8   1.3796103869728378     
           8           9   1.0797923940194323     
           9          10   2.8176026670986114     
           8          11   1.2339591785753143     
           7          12  0.24157920045871975     
          11          12   1.2571116911163922     
          12          13   1.2534014998083147     
          13          14   1.2262320950556966     
          14          15   1.7739090759240241     
          15          16   1.3579754751805209     
          16          17   1.0064816765732509     
          16          18   1.2497277104327036     
          18          19   1.0035921124835736     
          13          20   1.2534845851443077     
          14          20  0.34367718177198758     
          15          20  0.16268485442898878     
          18          20   1.4614378074860015     
           5          21   1.0847505889735412     
          11          21   1.1813812690694947     
           1          22  0.18614489240538665     
           4          22  0.33425995437047995     
          21          22   1.4080377349312778     
           3          23   1.1171605163736396     
          22          23   1.4497487939198264     
          23          24   1.1507453422436107     
          24          25   1.4944974251756782     
          24          26  0.17591882673834694     
          25          26   1.3853841594042826     
          25          27  0.96669487564423529     
          26          27  0.15983455922225157     
          27          28   2.2200245956886304     
          26          29  0.14664573725191760     
          27          29  0.14930097006319093     
          28          29   1.3648365897756052     
          29          30   1.0922522170142908     
          29          31  0.13891972438226269     
          30          31   1.1764526613180117     
          31          32   1.4138757858543740     
          32          33   1.1607542876611940     
          31          34  0.18124746397798006     
          32          34  0.22145332503853907     
          33          34   1.1508502584045368     
          29          35  0.13255128470426814     
          30          35   1.1621106693809289     
          31          35  0.19111660369140204     
          32          35  0.17615463217876184     
          34          35   1.4224673554573779     
