   -0.09921245
    0.09718375
   -0.09503091
    0.16432844
   -0.08920848
    0.12114175
   -0.11562608
    0.06166316
    0.03230810
    0.12259753
   -0.18511669
    0.13168225
   -0.14484470
    0.13945565
   -0.06601614
   -0.05496897
    0.16049304
   -0.12204182
    0.05880548
   -0.00600375
    0.08445084
   -0.02531281
   -0.00514633
    0.02992409
   -0.00553541
   -0.02929283
    0.08938251
   -0.07533659
   -0.05664940
    0.02249605
   -0.04794816
    0.11529787
   -0.22718485
    0.32347271
   -0.33783563
   -0.00417419
    0.02820990
   -0.00533955
    0.19218825
   -0.08682604
   -0.09042958
