           1           2   1.5508460202142316     
           1           3  0.44706490815443756     
           2           3   1.0071636577486331     
           1           4  0.13550078317411277     
           3           4   1.2076046658438044     
           4           5   1.1566015973693040     
           3           6  0.12777152864276123     
           5           6   1.4505254764371622     
           3           7  0.17222840194613542     
           4           7  0.12421321953744414     
           5           7  0.35349361190786482     
           6           7   1.2801706089082869     
           4           8   1.0340426138712231     
           7           8   1.1307922606948253     
           5           9  0.13154121134795616     
           8           9   1.1311830550124364     
           9          10   1.3047211624444677     
          10          11   2.4784505433973423     
          11          12   1.0258215288353016     
          12          13   1.6442689476582886     
          12          14   1.1907000297692107     
          13          14  0.11735609446239603     
          14          15   1.2549054925522933     
          15          16   1.2069292820307373     
          14          17  0.11391066675216063     
          16          17   1.7660681627271193     
          17          18   1.2689957817924509     
          18          19   1.2323057517091214     
          16          20  0.14951391900160732     
          19          20   1.5909547100614552     
          20          21   1.5862881397178086     
          21          22   1.2196261871836578     
          20          23  0.15276868718944200     
          22          23   1.3394158758029573     
          23          24   1.1888740740722059     
          24          25   1.2770324598825777     
          25          26   1.6298841701102280     
          25          27  0.39776322299743594     
          26          27   1.6176931287303040     
          27          28   1.3595006605649609     
          28          29  0.99305700867359215     
          24          30   1.3109352918882469     
          25          30  0.15723310127710757     
          26          30  0.39272097236792919     
          27          30  0.14672348065355156     
          28          30   1.4279669207629186     
          18          31   1.1328909842437809     
          22          31   1.1649294896530220     
          15          32   1.2881786423869748     
          16          32  0.21130536475832376     
          17          32  0.14967765498459870     
          31          32   1.3934410245197479     
