           1           2   1.6652267058679167     
           2           3   1.0260578117271784     
           3           4   2.5570760166774780     
           4           5   1.2387006998576526     
           3           6  0.17880324131786676     
           5           6   2.1480398985854894     
           6           7   1.0642431830941619     
           7           8   1.0910778645808563     
           8           9   1.4332631945275867     
           7          10  0.10801529201886749     
           8          10  0.24603092179596375     
           9          10   1.4680091557546628     
           8          11  0.22258468386569585     
           9          11  0.20984144712610431     
          10          11   1.4727309775417805     
           7          12   1.0966140441428449     
           8          12  0.13019952424827633     
           9          12  0.23165868140958115     
          10          12  0.24463659342824354     
          11          12   1.4262259755965008     
           2          13   1.1779517390319139     
          13          14   1.2786738651511567     
          14          15   1.3146647633271422     
          15          16   1.4418756906033157     
          16          17   1.1315534449342213     
          17          18   1.3627566599476570     
          18          19   1.2070544407078163     
          19          20   1.2312393172371463     
          20          21   1.7242394356698303     
          21          22   1.3654244270504676     
          22          23  0.99829891177943630     
          22          24   1.2552401408461622     
          24          25   1.0057817839213217     
          19          26   1.2953912800296361     
          20          26  0.35184564117761236     
          21          26  0.13613316134666326     
          24          26   1.4565746539728213     
          17          27   1.2253946166287166     
          18          28  0.19831391122125400     
          27          28   1.6074877770839469     
          28          29   1.5623147578182399     
          16          30   1.1251992179721377     
          29          30   1.2547660493151931     
          15          31  0.41880141101403012     
          30          31   1.2696279240351198     
          14          32   1.1811153892425681     
          15          32  0.10321210871169888     
          31          32   1.7485421314138445     
