   -0.33349857
    0.32598532
   -0.01838639
    0.00248645
    0.32775358
   -0.32249594
   -0.20886312
    0.19560361
   -0.05116011
    0.01660384
    0.20200680
   -0.13832248
    0.13062806
    0.01405473
   -0.01824116
    0.01589654
    0.11446597
   -0.05893364
   -0.08523467
   -0.17397073
    0.18234836
   -0.16002321
    0.12882504
    0.02921536
   -0.08591650
   -0.12490561
    0.07450372
    0.00679977
   -0.00404780
    0.08581359
   -0.04485185
    0.06053847
   -0.11611104
    0.04010796
   -0.00867434
