           1           2   1.6897100463694823     
           2           3   1.0059988050516913     
           1           4  0.11033687690868227     
           3           4   2.5070398809705550     
           4           5  0.97645892788358002     
           5           6   1.6835788554736633     
           5           7   1.1788874473522943     
           7           8   1.2755989822580065     
           8           9   1.2971753502622445     
           9          10   1.4855915133723245     
          10          11   1.0304052508681731     
          11          12   1.6168243421034587     
          12          13   1.0903367783354430     
          13          14   1.3223403996817480     
          14          15   1.6269044018401435     
          14          16  0.39421166471198843     
          15          16   1.6349328754402419     
          14          17  0.10178318529090793     
          16          17   1.3671021349298116     
          17          18  0.99553223415658965     
          13          19   1.3477966757736051     
          14          19  0.15427539703367960     
          15          19  0.41495132836033377     
          16          19  0.15328245635211096     
          17          19   1.4143185211452551     
          11          20   1.0884837759613752     
          12          20  0.10646194916065195     
          12          21  0.16934203193370909     
          20          21   1.7468988600521980     
          21          22   1.5882177729588896     
          10          23   1.1646867179028053     
          22          23   1.1651955614858709     
           9          24  0.37678323696029470     
          23          24   1.3114000619447732     
           8          25   1.1905670695016897     
          24          25   1.7355498913039153     
           2          26   1.1417866193585966     
          26          27   1.6130182657335816     
          26          28  0.16106749965915187     
          27          28   1.5392019098519001     
          27          29  0.18483492163255555     
          28          29   1.5064516473457019     
          29          30   1.2142425439387767     
          30          31   1.0725370075730150     
          31          32   1.4717647824890570     
          32          33   1.1511654853415383     
          33          34   1.1435169327965455     
          30          35   1.0814915906483102     
          31          35  0.14850834558015760     
          34          35   1.4433682547948004     
