           1           2   1.5088543778586105     
           1           3  0.22541696242592590     
           2           3   1.0837521453454648     
           1           4  0.25798427024604748     
           3           4   1.5370097325633987     
           4           5   1.2514822553043221     
           4           6  0.16064432872807144     
           5           6   1.1030361209254111     
           6           7   1.2743881511765811     
           6           8  0.13400561256982430     
           7           8   2.5001685972347030     
           8           9   1.0105529226867951     
           6          10  0.10766065854379502     
           9          10   1.3971404255068125     
           9          11   1.4652533598979518     
          10          11  0.20238813398589914     
          11          12   1.1644236311527703     
          12          13   1.2507650810608641     
          13          14   1.7485047637492741     
          14          15   1.2971964538184579     
          15          16   1.2323542522193471     
          13          17  0.15892598385554343     
          16          17   1.6833322481950095     
          17          18   1.4070719787305277     
          18          19   1.0811109583406533     
          19          20   2.8152719989378032     
          18          21   1.2064850009930455     
          17          22  0.12269128571471519     
          21          22   1.2731731883864210     
          22          23   1.2155059061889151     
          23          24   1.2687383225805804     
          24          25   1.6536681513419347     
          24          26  0.37247693393375325     
          25          26   1.6280393751649538     
          26          27   1.3576523666804066     
          27          28  0.99664837835768250     
          23          29   1.2853601340940697     
          24          29  0.15637713875228965     
          25          29  0.41120657622293477     
          26          29  0.15441268232876443     
          27          29   1.4245438997695028     
          15          30   1.1104780260422225     
          21          30   1.1994672750295794     
          12          31   1.3321354082179482     
          13          31  0.21428202631828636     
          14          31  0.22298801365795201     
          30          31   1.3670732997409145     
