   -0.09741987
    0.08264935
   -0.10522049
    0.16349217
   -0.08145933
    0.12083171
   -0.11527727
    0.06590043
    0.03043226
    0.12176906
   -0.17953488
    0.13262582
   -0.16126437
    0.13232571
   -0.01045061
   -0.02437148
    0.02411304
    0.11465866
   -0.05038293
   -0.06215000
    0.01947335
   -0.04013456
    0.12012895
   -0.21463582
    0.32176300
   -0.35274670
    0.01624457
    0.03154627
    0.01374101
    0.08401511
   -0.03639586
    0.06289512
   -0.11595518
    0.03514731
   -0.04635356
