   -0.08144574
    0.19502508
   -0.08730081
   -0.00087925
    0.03056088
   -0.00366090
    0.32077380
   -0.35194460
   -0.21285596
    0.10965889
   -0.03384650
    0.01317354
    0.20336128
   -0.12642802
    0.12960482
   -0.04463150
   -0.01970348
    0.17928645
   -0.16835636
    0.08862830
   -0.07058581
   -0.06845776
   -0.18046807
    0.17011473
   -0.14097386
    0.11837104
   -0.06478604
    0.15677550
   -0.15701258
    0.15197877
   -0.01572862
    0.04609965
   -0.10075153
    0.01640467
