   -0.10770528
    0.07673513
   -0.10839397
    0.16012645
   -0.08577921
    0.11462337
   -0.14102558
    0.08285080
    0.01902071
    0.12429962
   -0.18795155
    0.13624496
   -0.12249299
    0.13239931
   -0.02790580
   -0.03608444
    0.10771715
   -0.08844810
    0.01964635
    0.07605282
   -0.00125610
    0.03174735
    0.00402113
    0.06181379
   -0.03835062
    0.03651699
    0.03883920
   -0.04100818
    0.04492070
    0.09306658
   -0.10013983
   -0.10387694
    0.01324086
   -0.05660256
    0.11941889
   -0.21835091
    0.32426365
   -0.35075068
   -0.00985419
    0.02632244
   -0.00761045
    0.18500351
   -0.09487536
   -0.10042901
