           1           2   2.5492305057409093     
           2           3  0.93328491804261948     
           1           4  0.17239017628120548     
           3           4   1.6918299065590068     
           3           5   1.1654253143104305     
           4           5  0.10201025859098707     
           5           6   1.5279465988821133     
           6           7   1.0288350543286309     
           7           8   1.9977674187860042     
           8           9   1.2304385364365893     
           9          10   1.2516062092495301     
          10          11   1.3428432004016873     
          11          12   1.1982684033324358     
          12          13   1.2688528307751552     
          13          14   1.6335494468223646     
          13          15  0.39588303671862912     
          14          15   1.6175905184141697     
          15          16   1.3589281327506895     
          16          17  0.99517695633301773     
          12          18   1.3035126529156211     
          13          18  0.15868667144577961     
          14          18  0.39768057398870421     
          15          18  0.14651822350439009     
          16          18   1.4278217973218132     
          10          19   1.1455602279517836     
          11          19  0.12890007978383056     
          11          20  0.17637723461769159     
          19          20   1.6167929656688222     
          20          21   1.6864325809722756     
           9          22   1.0460233222059574     
          21          22   1.1166751310919978     
           6          23   1.1680090777940828     
           8          23  0.25716496332836125     
          22          23   1.5339955521809074     
