           1           2   2.7867934119616224     
           2           3   1.0527268713929581     
           1           4  0.15014600714664220     
           3           4   1.7683134637127644     
           4           5   1.2583766710453850     
           5           6   1.5187489883976639     
           6           7   1.1566080883573964     
           7           8   1.6621629802751938     
           7           9  0.86830386777261648     
           9          10   1.8524508106119899     
           4          11  0.29256348640952329     
           6          11  0.21120843787640683     
           9          11   1.0321803734607888     
           4          12  0.10110511836147243     
           5          12   1.0005570558287842     
           6          12  0.33039335723205326     
          10          12  0.14768734220081162     
          11          12   1.9579631333784175     
           3          13  0.93156228260258334     
          13          14   1.6906756138280588     
          13          15   1.1901274360875820     
          14          15  0.12679158472712365     
          15          16   1.5533938212460923     
          15          17  0.13388815519717168     
          16          17   1.5080342755767209     
          15          18  0.10427717055394715     
          16          18  0.23912255788460110     
          17          18   1.4650230375612783     
          17          19  0.13749460985890630     
          18          19   1.5003321905978826     
          17          20  0.12345146337177496     
          18          20  0.11422022336005486     
          19          20   1.6706526543141713     
          20          21   1.1360575214581388     
          21          22   1.7371101054607048     
          21          23  0.92947764496265617     
          23          24   1.0409030147706926     
          24          25   2.8014664506583919     
          23          26   1.7874936456655630     
          25          26  0.15926453158454187     
          26          27   1.1882482468713116     
          26          28  0.13908271106533548     
          27          28   1.1780708745093493     
          28          29   1.7540953998967352     
          29          30   1.2417527656592404     
          28          31  0.17821161008199929     
          30          31   1.5898545863498070     
          30          32  0.96052296088674627     
          29          33  0.10137545824888439     
          31          33  0.14259723451147444     
          32          33   1.5488303826611194     
          27          34   1.3856813141979811     
          28          34  0.25037208960082685     
          29          34  0.28811645485771537     
          32          34   1.2629729351198504     
