   -0.10001632
    0.09625907
   -0.09646125
    0.16411084
   -0.08987897
    0.12069091
   -0.11279312
    0.06454434
    0.03348623
    0.12280184
   -0.18235118
    0.13165514
   -0.14353447
    0.14479336
   -0.02382387
   -0.07135377
    0.17761506
   -0.12931725
    0.05357662
    0.07484528
   -0.02119299
   -0.00802837
    0.03445304
   -0.01326586
   -0.03629763
    0.08927842
   -0.07632403
   -0.11339856
    0.02218828
   -0.05003852
    0.11490427
   -0.22587458
    0.32499140
   -0.34144781
   -0.00679325
    0.02260226
    0.00613433
    0.08137189
   -0.01899590
   -0.00029772
    0.01353304
   -0.00897905
   -0.02337111
