           1           2   2.1703494103074608     
           1           3  0.11200308952580759     
           2           3   1.1228031352543757     
           3           4   1.1065562955726151     
           4           5   1.4671303704951926     
           5           6   1.3952356334740432     
           6           7   1.2409316705094362     
           7           8   1.6698529503279806     
           8           9   1.3761708168103113     
           9          10   1.0812916853213141     
          10          11   2.8141661910168447     
           9          12   1.2331355749743624     
           8          13  0.17813171521175961     
          12          13   1.2372062686149610     
          13          14   1.2999635290147609     
          14          15   1.1967494759617525     
          15          16   1.8528731996879024     
          16          17   1.2936330496640902     
          17          18   1.0860372200966046     
          18          19   1.1120864804927899     
          19          20   1.2115804677869559     
          20          21   1.2504791348137432     
          21          22   1.6168943672069975     
          21          23  0.19844612971108597     
          22          23   1.6034356281815416     
          21          24  0.23432666181663420     
          23          24   1.5792974380806164     
          20          25   1.2483179264960396     
          22          25  0.26213662061832338     
          23          25  0.19019957405663818     
          24          25   1.5971433666807284     
          17          26   1.1775131823040954     
          26          27   1.0053782571283711     
          14          28   1.2368219238216396     
          15          28  0.29036367704130189     
          16          28  0.17314293417927207     
          26          28   1.5097856302018104     
           6          29   1.0614582151454623     
          12          29   1.1862183637567938     
           5          30  0.52245398729999537     
          29          30   1.4439117359475111     
           4          31   1.0573843289458067     
          30          31   1.3895654478626915     
          31          32   1.2838584425076796     
          32          33   1.2020378361882254     
          32          34  0.10619846009723673     
          33          34   1.6489588319961959     
          33          35  0.97582358642329015     
          35          36   2.2533953652133110     
          35          37  0.19615345316755312     
          36          37   1.3769522580729319     
          37          38   1.0415839322991010     
          37          39  0.14199308615314135     
          38          39   1.1404734905527905     
          39          40   1.5365366989716862     
          38          41  0.10288811855891411     
          39          41  0.14253291318141906     
          40          41   1.5405119990650946     
          37          42  0.10010978728360058     
          39          42  0.26084343595202725     
          40          42  0.15742250365153238     
          41          42   1.5241859575792893     
          38          43   1.1899302118817259     
          40          43  0.23190672378208632     
          41          43  0.16501050873382586     
          42          43   1.4314687558144794     
