           1           2   1.6538039138316973     
           2           3  0.99335839929585956     
           3           4   2.6099812936036617     
           4           5   1.1594691936800916     
           3           6  0.14866801946855310     
           5           6   1.8707486792193939     
           1           7  0.11141378388439535     
           2           7   1.2097237852942733     
           7           8   1.2504387177067766     
           8           9   1.2040538748789580     
           7          10  0.12943014927493723     
           9          10   1.7464180319300922     
          10          11   1.2668069483109663     
          11          12   1.2471675508300877     
           9          13  0.14094538163826489     
          12          13   1.5761936395602691     
          13          14   1.6001197316420723     
          14          15   1.2290550118217280     
          13          16  0.14986562501806502     
          15          16   1.3210467897526703     
          16          17   1.2344984249714848     
          17          18   1.2146737627987911     
          18          19   1.7242753528773642     
          19          20   1.3628447861802577     
          20          21   1.0020856219339889     
          20          22   1.2484489553900944     
          22          23   1.0065626845178557     
          17          24   1.2836885417425072     
          18          24  0.36180958316976181     
          19          24  0.14363459209307788     
          22          24   1.4632095331188442     
          11          25   1.1235900433826580     
          15          25   1.1695353528801200     
           8          26   1.2938789993425677     
           9          26  0.22858645419652426     
          10          26  0.15252624763623393     
          25          26   1.3980031275709530     
