           1           2   2.6070253417304041     
           2           3  0.90421285777736493     
           1           4  0.23537590031941888     
           3           4   1.6473773228496986     
           1           5  0.13354596773468524     
           3           5   1.2404140256243803     
           4           5  0.15649287522861133     
           5           6   1.2332074238871125     
           6           7   1.3383537300458681     
           7           8   1.4042909593200521     
           8           9   1.1514024099101126     
           9          10   1.2966829388246197     
          10          11   1.1946661324004091     
          11          12   1.2739257596649969     
          12          13   1.5961857122094232     
          12          14  0.36751347971706000     
          13          14   1.6604070120802426     
          14          15   1.2086197645894401     
          12          16  0.13083328004397252     
          15          16   1.3724173075074670     
          11          17   1.3126649695694308     
          12          17  0.17705789646471662     
          13          17  0.36695448241777262     
          14          17  0.16593891362487512     
          15          17   1.2759955551522464     
          16          17  0.16559407988012889     
           9          18   1.2851387138922383     
          10          18  0.11701645388197013     
          10          19  0.24631015396372158     
          18          19   1.5584989687381279     
          19          20   1.6214722518830171     
           8          21   1.1251908239633552     
          20          21   1.2185816337290278     
           7          22  0.38754433499798713     
          21          22   1.3078334722877871     
           6          23   1.2004058622823097     
          22          23   1.7278924663748711     
