   -0.09212252
    0.08952212
   -0.13860811
    0.15593918
   -0.07044759
    0.11438704
   -0.12596922
    0.08979048
    0.02591320
    0.12555939
   -0.17414191
    0.13428308
   -0.10859721
    0.13544610
   -0.05494700
   -0.06680690
    0.16861946
   -0.12848785
    0.06317207
    0.07702652
   -0.02967780
   -0.00450507
    0.04254047
   -0.00149235
   -0.00994481
    0.09271877
   -0.04960468
   -0.07838762
    0.00905832
   -0.07132190
    0.10480343
   -0.16416089
    0.29337882
   -0.37351585
   -0.02122700
    0.03649606
   -0.02093600
    0.04176877
    0.00276637
   -0.00541089
   -0.01189028
   -0.00098618
