           1           2   1.9749658276752311     
           2           3   1.1245406016613566     
           3           4   1.0285705179097859     
           4           5   1.4959806783563898     
           5           6   1.3686687205263544     
           6           7   1.1713045126598594     
           7           8   1.6672788899052429     
           8           9   1.5709042238752304     
           9          10   1.0985520622715970     
          10          11   2.7943919138497479     
           9          12  0.99634906091951403     
           8          13  0.10420288432312051     
          12          13   1.6446773180946122     
          13          14   1.1384406787595758     
          14          15   1.2382347738636843     
          15          16   1.7552373034972928     
          16          17   1.3143849498797491     
          17          18   1.0563134284814706     
          18          19   1.1270100293774814     
          19          20   1.2377670558142297     
          20          21   1.2353376218939032     
          19          22  0.10494373805714637     
          21          22   1.6262673232793363     
          19          23  0.10000000699081012     
          21          23  0.19764435617041068     
          22          23   1.5677062918390328     
          21          24  0.26725824653942420     
          23          24   1.5922535011427656     
          20          25   1.2377646353923197     
          22          25  0.22372565623453744     
          23          25  0.20921624756194751     
          24          25   1.6541198266857955     
          17          26   1.1988668565839198     
          26          27   1.0176043263332546     
          14          28   1.3189216896859359     
          15          28  0.29923073531578354     
          16          28  0.18599707944882551     
          26          28   1.4740806372299193     
           6          29   1.1220660515538756     
          12          29   1.0369196744000257     
           5          30  0.41614231826885578     
          29          30   1.5048061079027166     
           4          31   1.1428741452391051     
          30          31   1.3687406001124425     
          31          32   1.1777293012348973     
          32          33   1.4792536803275558     
          32          34  0.19040433877579813     
          33          34   1.3930066637587282     
          33          35  0.97970046123146970     
          34          35  0.10420907683188128     
          35          36   2.2351857828824286     
          35          37  0.13605743260696201     
          36          37   1.3569274685483796     
          37          38   1.2005029806213814     
          38          39   1.0347056864896513     
          39          40   1.3224869277316351     
          39          41  0.23753498520664784     
          40          41   1.6994230959680678     
          37          42  0.13646634869620072     
          38          42  0.99721829314319266     
          39          42  0.36848545564719537     
          40          42  0.23680117844703244     
          41          42   1.2419694989484917     
