           1           2   2.8068690228671489     
           2           3   1.0289234147203208     
           3           4   1.3408174505671215     
           4           5   1.6373080691384190     
           3           6  0.10507041079656743     
           4           6  0.34227866327739592     
           5           6   1.5916115426294766     
           6           7   1.3156584385628454     
           7           8   1.0916828224318789     
           8           9   1.5545743422342051     
           8          10  0.12650489230553905     
           9          10   1.1134533025290276     
           8          11  0.16659373328575108     
          10          11   1.6786247185131173     
          10          12  0.11153000898387869     
          11          12   1.6871933001173913     
          12          13   1.1484496602183656     
           9          14   1.0970943450595894     
          13          14   1.3536537878668549     
          14          15   1.1238314760921011     
          15          16   1.7544150918031380     
          16          17   1.2816456658082251     
          17          18   1.3099348875548209     
          18          19   1.2034933304233455     
          19          20   1.0150765071878369     
          20          21   1.6841349227885556     
          20          22   1.1458158240706922     
          21          22  0.12271457206813939     
          22          23   1.7208093577128745     
          22          24  0.12984208178685899     
          23          24   1.4833172981997316     
          24          25   1.2110879433052926     
          25          26   1.1106280895340859     
          24          27  0.10030623172120995     
          26          27   1.4176258293404014     
          27          28   1.1353491235443232     
          26          29  0.23491982255038252     
          27          29  0.20905842204203179     
          28          29   1.1324991174518251     
          25          30   1.1125187341283302     
          26          30  0.15129127777946086     
          27          30  0.22459046767946914     
          29          30   1.4420997959266753     
          18          31  0.18247213932602227     
          19          31   1.4566434789709113     
          17          32   1.0860236099456910     
          31          32   1.1199969183374485     
          17          33  0.10441167538279678     
          18          33  0.17669109439544325     
          31          33  0.17706102139475266     
          32          33   1.6733335043262882     
          15          34  0.82963197537389421     
          16          35  0.20288608086765453     
          34          35   1.5073022297689938     
          13          36   1.1650238578928707     
          16          36  0.13753768956918275     
          34          36   1.4483180742705692     
          35          36  0.16022358480652138     
           3          37   1.3677484540675864     
           4          37  0.15540094905475824     
           5          37  0.30102748507490673     
           6          37  0.16950408905558859     
           7          37   1.3534521526403449     
