   -0.10378875
    0.10790533
   -0.12008256
    0.16541367
   -0.08074062
    0.11939291
   -0.10539431
    0.06381328
    0.03529307
    0.12311264
   -0.18045023
    0.13030980
   -0.14184944
    0.14377647
   -0.06438411
   -0.07081788
    0.17757960
   -0.12442489
    0.05638207
    0.07533199
   -0.02046068
   -0.00623172
    0.03807640
   -0.00786606
   -0.03414874
    0.09057737
   -0.06184490
   -0.06894934
    0.02033004
   -0.05683240
    0.11763506
   -0.17909393
    0.29975296
   -0.42056672
    0.01286870
    0.04427752
   -0.02296686
    0.13560316
   -0.09337632
   -0.00282966
    0.05063532
   -0.01518589
   -0.02578134
