           1           2   2.1885717381011736     
           1           3  0.11104916962201562     
           2           3   1.1053578483708382     
           3           4   1.0333484527139607     
           4           5   1.5135322463481775     
           5           6   1.3574453268737854     
           6           7   1.2526998369818501     
           7           8   1.6738015706067708     
           8           9   1.3792048827256780     
           9          10   1.0814657484806380     
          10          11   2.8152777689321908     
           9          12   1.2329751209734212     
           8          13  0.17335634877616013     
          12          13   1.2272527808979650     
          13          14   1.3038880419662997     
          14          15   1.1804872612320620     
          15          16   1.8207945121620279     
          16          17   1.2908256695645584     
          17          18   1.0900697810272979     
          18          19   1.1153295920799704     
          19          20   1.2168799810935631     
          20          21   1.2467039926037318     
          21          22   1.6264009899927820     
          21          23  0.19765358046325207     
          22          23   1.6021706663183459     
          21          24  0.23289906752878697     
          23          24   1.5812486103922749     
          20          25   1.2464300594070314     
          22          25  0.26269364907752396     
          23          25  0.19027134819462865     
          24          25   1.6070402591925539     
          17          26   1.1761297705553284     
          26          27   1.0111538449002708     
          14          28   1.2502481453698981     
          15          28  0.31015374621519021     
          16          28  0.16225216544332760     
          26          28   1.5151337310247903     
           6          29   1.0760930935221951     
          12          29   1.2012148990238221     
           5          30  0.44337486890553907     
          29          30   1.4112448005038727     
           4          31   1.1030436522288050     
          30          31   1.4380199984221420     
          31          32   1.1794069009849695     
          32          33   1.4472809781635703     
          32          34  0.17467385308155992     
          33          34   1.3898113728295209     
          33          35   1.0144729002638428     
          35          36   2.3668052319626103     
          35          37  0.11927425816157616     
          36          37   1.2569161013017975     
          37          38   1.0859866774751252     
          37          39  0.43089981562449725     
          38          39   1.3697966013941161     
          38          40   1.0803244558120617     
          39          40  0.27369017105998589     
          40          41   1.6662262860652512     
          41          42   1.0231686292241731     
          39          43  0.12692312587494864     
          40          43  0.15232570427661649     
          41          43  0.29407186997945128     
          42          43   1.5427425335819041     
