   -0.12598389
    0.13455224
    0.03243243
    0.03669649
    0.09070062
    0.00241597
   -0.01143189
    0.23011059
   -0.26552130
    0.22374705
   -0.25193190
   -0.06972633
    0.30572300
   -0.30717191
    0.01967403
   -0.00317655
   -0.00066077
    0.02096156
    0.30951630
   -0.30017606
    0.03488866
    0.13959081
   -0.12632580
    0.03021744
    0.08924015
   -0.00564982
   -0.00856989
    0.22755265
   -0.26338905
    0.22078826
   -0.25492638
   -0.05920454
   -0.05130805
   -0.04365412
