           1           2   2.7895786570384478     
           2           3   1.0499890251731776     
           1           4  0.16088407912426228     
           3           4   1.7801747627081825     
           4           5   1.1978724550604134     
           4           6  0.13904637860934388     
           5           6   1.1760684447516851     
           6           7   1.7439569811728768     
           7           8   1.2445534251844632     
           6           9  0.17699327447519986     
           8           9   1.5872080033211771     
           8          10  0.96105184421670342     
           7          11  0.10935487999458056     
           9          11  0.13844135422851153     
          10          11   1.5459032298401734     
           5          12   1.3783897431342405     
           6          12  0.26380308292784221     
           7          12  0.28609825790992843     
          10          12   1.2620837592782215     
           3          13  0.92895064126561366     
          13          14   1.7723900178043548     
          13          15   1.1040031935199144     
          14          15  0.10479376359832608     
          15          16   1.1019482443381086     
          16          17   1.5326361086177307     
          17          18   1.0925297921959123     
          18          19   1.1070368105728576     
          18          20  0.10739961262272810     
          19          20   1.7814103135092481     
          19          21  0.91433150082445125     
          21          22   1.0492920735330711     
          22          23   2.7909780678828602     
          21          24   1.7949392618675208     
          23          24  0.16171379488770157     
          24          25   1.1908071027230893     
          24          26  0.13359956655664651     
          25          26   1.1437095285883196     
          24          27  0.23472313899301128     
          26          27   1.7411262380696406     
          27          28   1.2251856614868843     
          26          29  0.19484354410786203     
          28          29   1.5967152800998716     
          28          30  0.97175556905069271     
          29          31  0.15550234604924953     
          30          31   1.5805198105736566     
          25          32   1.4163959935972938     
          26          32  0.35006168519297592     
          27          32  0.26795667163883052     
          30          32   1.2527866139740138     
          17          33  0.12474141818550384     
          18          33   1.1361617054771411     
          15          34   1.1275442044382011     
          16          34  0.13190015581089096     
          33          34   1.3384694575422564     
