           1           2   1.6224233743475727     
           1           3  0.14048652251108129     
           2           3   1.1570956837654187     
           1           4  0.10985244639393910     
           3           4   1.4087127440865854     
           4           5  0.96037666140667655     
           5           6   1.6430677222422576     
           5           7   1.2933576554670509     
           6           7  0.20924829183934598     
           1           8  0.17651083020937050     
           3           8  0.14913240486835252     
           4           8   1.2713504546301151     
           2           9   1.0718524634972613     
           8           9   1.3119494196494856     
           3          10  0.10144442782342726     
           9          10   1.3045694750276651     
          10          11   1.8256996828962386     
          11          12  0.80329587972001426     
          10          13  0.13775323058265651     
          12          13   1.7479131297030903     
          10          14  0.17059939866914500     
          12          14   1.2493243872611686     
          13          14  0.16213518333010682     
          14          15   1.2424452258210128     
          15          16   1.2559436225516609     
          16          17   1.5894008156433512     
          17          18   1.6732542286147405     
          18          19   1.1638991369996516     
          17          20  0.19026525690160190     
          19          20   1.2828593452520183     
          20          21   1.2521380794623043     
          21          22   1.2171659302906852     
          22          23   1.7750171652556075     
          23          24   1.3578243833539552     
          24          25   1.0122607151229459     
          24          26   1.2419038995438230     
          26          27   1.0130825671576493     
          21          28   1.2668512670767367     
          22          28  0.32654236496740774     
          23          28  0.14879358609588372     
          26          28   1.4601489862916150     
          11          29   1.0861425289578419     
          15          29   1.2203363371389657     
          19          29   1.2937772699253247     
