           1           2   1.8443991699453952     
           1           3  0.15587005473850996     
           2           3   1.0699941085321083     
           3           4   1.4750605829096024     
           4           5  0.98011713031736947     
           5           6   1.7396081921601370     
           5           7   1.1276650177759528     
           6           8  0.10370220048541713     
           7           8   1.7522879262625026     
           8           9   1.0557244634646454     
           8          10  0.13935904700810328     
           9          10   1.5783830027635193     
           7          11  0.10623676446179967     
           8          11  0.21638375304938315     
           9          11   1.0598733254496797     
          10          11  0.10147697072894989     
          11          12   1.1438844054854949     
          11          13  0.13764282705477762     
          12          13   1.0706728962075815     
          11          14  0.12948629811520779     
          12          14  0.11268366557190569     
          13          14   2.1275024828663240     
          11          15  0.13964061362046082     
          12          15   1.1460804126317006     
          11          16  0.14804812022944969     
          15          16   2.0623912227502168     
           1          17  0.16994599470274205     
           4          17   1.2277997734471149     
           1          18  0.10382917278124833     
           2          18  0.94371028802785073     
          17          18   1.2709568220883223     
          18          19   1.4946369846997234     
          19          20   1.5051107744861505     
          20          21   1.0266042034846878     
          19          22  0.11659814839811491     
          21          22   1.5754882929459295     
          19          23  0.11962792479362502     
          21          23   1.2198377786037702     
          22          23  0.10325694811239165     
          23          24   1.2936104179784524     
          24          25   1.2437530168363971     
          25          26   1.5528624135444900     
          26          27   1.7157073863422052     
          27          28   1.1570737104709079     
          26          29  0.19288081454865727     
          28          29   1.3467442202773365     
          29          30   1.2344763026029058     
          30          31   1.2184374516796483     
          31          32   1.7071588025015187     
          32          33   1.3614320745083139     
          33          34   1.0084352067479687     
          33          35   1.2464285866915406     
          35          36   1.0118548107050331     
          30          37   1.2732342150959350     
          31          37  0.35616951638986177     
          32          37  0.14739611382074683     
          35          37   1.4619519484331926     
          20          38   1.1692873450016381     
          24          38   1.1632631447741737     
          28          38   1.2288573061860617     
