           1           2   1.8381964082151674     
           1           3  0.10272816845288640     
           2           3   1.0533447103371867     
           3           4   1.2170731956928964     
           4           5   2.0926522702075250     
           5           6   1.1580513348850217     
           4           7  0.13007545479550828     
           5           7  0.14467640860731312     
           6           7   1.3425484478682581     
           4           8  0.11679967603784866     
           6           8   1.3999531652544663     
           7           8  0.23587850967351601     
           3           9   1.2241317612265925     
           9          10   1.4406427218118190     
           1          11  0.17589400336528227     
           9          11   1.1924619258636582     
           2          12  0.92251783365616413     
          11          12   1.3076144087184252     
          12          13   1.5114774653271241     
          13          14   1.6306812641440052     
          14          15  0.82760579175407634     
          15          16   1.7378778091759872     
          13          17  0.11767448330351153     
          15          17   1.2302449749997446     
          16          17  0.13686767461375443     
          17          18   1.2375773427186092     
          18          19   1.3723229855720065     
          19          20   1.4140112523436239     
          20          21   1.0034500037484040     
          21          22   1.4099192213570801     
          22          23   1.6485116320341708     
          21          24  0.12871060556620789     
          22          24  0.15024614494905392     
          23          24   1.7769916743346577     
          22          25  0.37059704368186919     
          23          25  0.14674508716758172     
          24          25   1.6520418042214122     
          21          26   1.2218665671554649     
          23          26  0.10201987254289570     
          25          26   1.3487962638425464     
          26          27   1.0225324723650759     
          25          28  0.13217706178152269     
          27          28   1.5515324477525845     
          13          29  0.10910430978892795     
          19          29  0.17387374490976812     
          20          29   1.2902149632486708     
          19          30  0.30010955635112180     
          29          30   1.6256823802226283     
          14          31   1.0447250477374224     
          18          31   1.0927854749733430     
          30          31   1.4441972387713709     
