           1           2   2.6104676045760007     
           2           3  0.91615495809396130     
           1           4  0.29997748487759923     
           2           4  0.11746794787564364     
           3           4   1.3616725556117970     
           3           5   1.5134315507980847     
           4           5  0.16866333586437940     
           5           6   1.1606557484190814     
           6           7   1.4459896773004530     
           7           8   1.4190502641454008     
           8           9   1.1875152619695226     
           9          10   1.2466882086097322     
          10          11   1.2126410303998649     
          11          12   1.2640815216264820     
          12          13   1.6581963238464501     
          12          14  0.37227922593196122     
          13          14   1.6308781906706231     
          14          15   1.3615031878677857     
          15          16  0.99615525692820239     
          11          17   1.2887668796541154     
          12          17  0.15550297448434469     
          13          17  0.43121943180883371     
          14          17  0.15067444513337647     
          15          17   1.4210597664976399     
           9          18   1.2366543317300107     
          18          19   1.0813183744252135     
          19          20   2.8160712424553527     
          10          21  0.28538468274340467     
          18          21   1.3807088082473731     
          21          22   1.6721917383881262     
           8          23   1.0817296276684734     
          22          23   1.2398662346670644     
           7          24  0.38710297189204079     
          23          24   1.3730645539212540     
           6          25   1.1150525109246701     
          24          25   1.4595703041463268     
          25          26   1.0147756730800903     
           7          27  0.15108750356873410     
          24          27  0.15143791969245154     
          26          27   1.5573288892730539     
