           1           2   1.6862778724558387     
           2           3   1.0006926146117512     
           3           4   2.5482965453612598     
           4           5  0.98365388894404970     
           5           6   1.6618559312072212     
           5           7   1.2001126361802641     
           7           8   1.2645043640203713     
           8           9   1.2883408601948143     
           9          10   1.4905992878454293     
          10          11  0.97440133629701808     
          11          12   1.6020301409564164     
          12          13   1.1100502445065377     
          13          14   1.3130605046650408     
          14          15   1.6246248819420872     
          14          16  0.38916176100702277     
          15          16   1.6396754376625076     
          14          17  0.10002157960796376     
          16          17   1.3676450083135738     
          17          18  0.99590821739085811     
          13          19   1.3416047731089749     
          14          19  0.15755940450979850     
          15          19  0.35538839852252857     
          16          19  0.15162678788828102     
          17          19   1.4131067011030523     
          11          20   1.1837945360818505     
          12          20  0.10697750886867445     
          20          21   1.6818131576851050     
          21          22   1.6910556396121565     
          10          23   1.1782984741786722     
          22          23   1.0885028239024608     
           9          24  0.41109435509467940     
          23          24   1.3414562213613452     
           8          25   1.2033260983182403     
          24          25   1.6980995100396141     
           1          26  0.11684303055845283     
           2          26   1.1471696868346715     
          26          27   1.6202859008591992     
          26          28  0.13708218559268071     
          27          28   1.6743619829194083     
          28          29   1.4571324852326335     
          29          30   1.2741016848244260     
          29          31  0.19391639433716862     
          30          31   1.0450162269941663     
          31          32   1.5295317614666155     
          32          33   1.1293325274455601     
          29          34  0.14871180943910503     
          33          34   1.1520534987673041     
          29          35  0.11800857712157020     
          30          35   1.1035404348580675     
          31          35  0.18557255273276671     
          34          35   1.3796875663310153     
