           1           2   1.4048049861061147     
           1           3  0.37543413369916051     
           2           3   1.1046891755629178     
           3           4   1.3342406089610503     
           1           5  0.10409018621944482     
           3           5  0.13976555422912029     
           4           5   2.2810545320482305     
           5           6  0.96852594614649024     
           5           7  0.11988931589206962     
           6           7   1.3931597941987321     
           6           8   1.4898471374523337     
           7           8  0.19464648010848518     
           8           9   1.1804518108354658     
           9          10   1.2350208892814452     
          10          11   1.7351968772400050     
          11          12   1.2928108284482926     
          12          13   1.1669533632199565     
          10          14  0.11413136719222104     
          13          14   1.5812290184251672     
          14          15   1.7312285421765041     
          15          16   1.0893489838558417     
          14          17  0.13236249229273420     
          16          17   1.5929521183870086     
          17          18   1.0882768538400014     
          18          19   1.3229805367953633     
          19          20   1.6199617438454352     
          18          21  0.10084479484509305     
          19          21  0.38941593554233650     
          20          21   1.6352899006769690     
          19          22  0.10117099973396240     
          21          22   1.3653114047407948     
          22          23  0.99663966525182790     
          18          24   1.3556398420964306     
          19          24  0.15786298258022816     
          20          24  0.37774785437973235     
          21          24  0.15280741515614735     
          22          24   1.4141706844591095     
          12          25   1.1715906959353861     
          16          25   1.0555745743026399     
           9          26   1.3006506865652181     
          10          26  0.23985931165299162     
          11          26  0.16378729835279904     
          25          26   1.4386020997642142     
           1          27  0.34953093479715464     
           2          27   1.0279130436614254     
          27          28   1.4855645809123652     
          27          29  0.14932961391198574     
          28          29   1.8922785548348449     
