   -0.06082643
    0.05551203
    0.06345210
   -0.04535980
    0.10119505
    0.23870314
   -0.26545004
   -0.05082568
    0.11646263
   -0.12906308
    0.29388799
   -0.33994288
    0.10208746
   -0.05037951
    0.01857016
    0.03590064
    0.02296489
    0.12080892
   -0.05933611
    0.02192404
    0.13861079
   -0.19132646
    0.40327655
   -0.22361240
   -0.32336331
    0.10347212
   -0.08714433
    0.01019182
    0.07836805
   -0.03119847
    0.20901746
   -0.30935129
    0.11472721
   -0.02134574
    0.02471204
   -0.05834009
    0.11620359
   -0.08912802
    0.03082783
    0.02721021
    0.21066224
   -0.32275532
