           1           2   2.5506413885448209     
           2           3  0.93305061349948470     
           1           4  0.17712953571885381     
           3           4   1.6606029384338716     
           3           5   1.1931358621080541     
           4           5  0.10384297664281265     
           5           6   1.2939170952122387     
           6           7   1.3570413774548029     
           7           8   1.5240170074564849     
           8           9  0.99552668280829537     
           9          10   1.6054199281013142     
          10          11   1.0858979304929344     
          11          12   1.3191747299795731     
          12          13   1.6273824339455882     
          12          14  0.39674320064680074     
          13          14   1.6290629693945937     
          12          15  0.10207469861195195     
          14          15   1.3658779580995841     
          15          16  0.99462694126558071     
          11          17   1.3528397564026031     
          12          17  0.15313009759434887     
          13          17  0.41936525513856920     
          14          17  0.15526546884672468     
          15          17   1.4156657875360756     
           9          18   1.1561486545598592     
          10          18  0.15147579981203599     
          10          19  0.15821414895162819     
          18          19   1.6608645751231257     
          19          20   1.7082861284563171     
           8          21   1.1372663533178953     
          20          21   1.0797983128427293     
           7          22  0.50354658261480811     
          21          22   1.4316434119061840     
           6          23   1.0628160586417088     
          22          23   1.4378327155804083     
          23          24   1.1013224735359919     
          24          25   1.1571246664776811     
          25          26   1.4252443712767604     
          25          27  0.11752048114083889     
          26          27   1.7449631369084464     
          27          28   1.1377044717659603     
          28          29   1.0802263504875365     
          29          30   1.3596995328089720     
          30          31   1.1870439273062694     
          27          32  0.22909366425392519     
          31          32   1.1231077549835604     
          28          33   1.0681445087285342     
          29          33  0.19480729103799022     
          32          33   1.4693484067966696     
