           1           2   1.8877266116960338     
           1           3  0.29057337558088442     
           2           3   1.6189777322938923     
           1           4  0.15226596782445539     
           3           4   1.4543976615117682     
           4           5   1.2250559096618441     
           4           6  0.13139840979720438     
           5           6   1.0305034288156683     
           6           7   1.2586299299313692     
           6           8  0.13824937625914996     
           7           8   2.5374830973097136     
           8           9   1.0122465980249349     
           9          10   1.4199621217199920     
           9          11   1.4430114477013383     
          10          11  0.26247851345621920     
          11          12   1.1933533660881543     
          12          13   1.2305442681793317     
          13          14   1.7319076719792743     
          14          15   1.2904821554874111     
          15          16   1.1832001261065586     
          13          17  0.10149090234193381     
          16          17   1.5558606020757155     
          17          18   1.7399347494367798     
          18          19   1.0869834175352198     
          17          20  0.15210955009109028     
          19          20   1.6000222649660878     
          20          21   1.0918958864074069     
          21          22   1.2927655030486593     
          22          23   1.6583729896783228     
          23          24   1.3794349244762956     
          24          25  0.99302245721089366     
          22          26  0.10802268097180227     
          24          26   1.2692938695219367     
          26          27   1.0051371448382778     
          21          28   1.3466610290498449     
          22          28  0.35059741409874418     
          23          28  0.15171828696906148     
          26          28   1.4312289172466692     
          15          29   1.1634165717422309     
          19          29   1.0532631398227059     
          12          30   1.2912263916118949     
          13          30  0.24591352397895139     
          14          30  0.18285063449456132     
          29          30   1.4485612302841266     
           4          31  0.12376333272847377     
           5          31   1.1471587041708418     
          31          32   1.5552989820797283     
          32          33   1.4768720228027052     
          31          34  0.13246261819507335     
          32          34  0.36185995094062390     
          33          34   2.0252274591074411     
