           1           2   1.6335370490756786     
           1           3  0.26424988806638899     
           2           3   2.1124288962844746     
           3           4  0.95967913601602384     
           3           5  0.10717675654508053     
           4           5   1.6783578710906142     
           1           6  0.11521990140979955     
           4           6   1.1926659718300290     
           5           6  0.14997066989383906     
           6           7   1.4762345526883729     
           7           8   1.0751335413115835     
           8           9   1.7006059586808724     
           9          10  0.96298604419852230     
          10          11   1.6235661424152978     
          11          12   1.0994817349734438     
          12          13   1.3188742123618700     
          13          14   1.6266769531096319     
          13          15  0.39672379277504349     
          14          15   1.6382913479306602     
          13          16  0.10054508085366441     
          15          16   1.3640056887056908     
          16          17  0.99323836994989045     
          12          18   1.3454333560189071     
          13          18  0.15279562955710657     
          14          18  0.41002064405559258     
          15          18  0.15315920906727737     
          16          18   1.4159466047313389     
          10          19   1.1694903108450960     
          11          19  0.10433648993191960     
          11          20  0.10363747162479343     
          19          20   1.6994023646080139     
          19          21  0.10039010328886543     
          20          21   1.7059800522822435     
           9          22   1.0090261573573198     
          21          22   1.1304305538062163     
           8          23  0.38737295818439904     
          22          23   1.4445641397343743     
           7          24   1.2016632700074448     
           8          24  0.10216325620456436     
          23          24   1.6337958039638234     
