           1           2   1.9734861835024593     
           1           3  0.38123951169687936     
           2           3   1.5293790622023484     
           3           4   1.0978357172118649     
           4           5   1.1387161342245813     
           5           6   1.3756606716304867     
           5           7  0.16477369228913138     
           6           7   2.2450263358576676     
           7           8  0.98140171001863052     
           8           9   1.6457401640904916     
           8          10   1.2067063628183474     
           9          10  0.10595892289966320     
          10          11   1.2716703819469812     
          11          12   1.2129999226074970     
          12          13   1.8643245389785439     
          13          14   1.3183410395113810     
          14          15   1.0955828417225348     
          12          16  0.11762665399797288     
          13          16  0.10548221779447894     
          15          16   1.6737960969962340     
          16          17   1.6575991478920320     
          17          18   1.1797695617927946     
          18          19   1.5741632154416951     
          19          20   1.1188922655067153     
          20          21   1.3086642650729448     
          21          22   1.6266151552265082     
          21          23  0.38493236721068147     
          22          23   1.6331838952644600     
          23          24   1.3655302029625018     
          24          25  0.99434554920385010     
          20          26   1.3330465236025286     
          21          26  0.15838747568294889     
          22          26  0.36040594770926998     
          23          26  0.15473377601681365     
          24          26   1.4157485928014708     
          14          27   1.1721653571966824     
          18          27   1.0060173803342041     
          11          28   1.2536398590049542     
          12          28  0.11431144628900668     
          13          28  0.16581354166512088     
          27          28   1.4802463621460609     
           3          29  0.10184567344971379     
           4          29   1.1412680640905111     
          29          30   1.6269987764927170     
          29          31  0.30780029985979024     
          30          31   1.8555855471849065     
