           1           2   2.1911304974860943     
           2           3   1.0435130644109607     
           3           4   1.0805787291991071     
           3           5  0.14322102737042747     
           4           5   1.7716987150142556     
           4           6  0.92462866211284378     
           6           7   1.2540938558078396     
           7           8   1.0373595762796266     
           7           9  0.12019753318376715     
           8           9   1.3207066728504355     
           9          10   1.6765453962399635     
           8          11  0.10853687407482825     
           9          11  0.17559000107784267     
          10          11   1.6151340401292358     
           9          12  0.21314177468453890     
          11          12   1.6218022695856540     
           7          13  0.11290007953851476     
           8          13   1.3196240583756091     
          10          13  0.21638737504962327     
          11          13  0.18312250759904594     
          12          13   1.6719878153353889     
           6          14   1.4126164805276944     
           7          14  0.13205953015310143     
          14          15   1.2290763786794816     
          14          16  0.15810003419197419     
          15          16   1.6751193956208745     
          15          17  0.92033880156068359     
          17          18   1.0486631100370065     
          18          19   2.7924106469792918     
          17          20   1.7846848850245034     
          19          20  0.15834210322133080     
          20          21   1.2082433591771344     
          20          22  0.13376389985141973     
          21          22   1.1726035766806187     
          22          23   1.7505352123705291     
          23          24   1.2416948461322854     
          22          25  0.17750993330614243     
          24          25   1.5881010153565474     
          24          26  0.96158467343925158     
          23          27  0.10355986169372888     
          25          27  0.13443503925962816     
          26          27   1.5394958556457241     
          21          28   1.3733602519199468     
          22          28  0.25908356840240909     
          23          28  0.27760725030719047     
          26          28   1.2688816722361926     
