   -0.00104054
   -0.01612814
    0.00230223
    0.05787865
   -0.02175994
   -0.01084620
   -0.01800491
    0.02553039
    0.00708296
    0.02964772
    0.02580142
    0.32134863
   -0.37057136
   -0.20756069
    0.14673525
    0.00089687
   -0.02106709
    0.12479601
   -0.11535492
    0.06439882
    0.03412980
    0.12402270
   -0.18130984
    0.13272913
   -0.17659938
    0.13251311
    0.02068542
   -0.02075297
    0.01610335
    0.11273270
   -0.06915419
   -0.10804724
    0.01592226
   -0.05706006
