           1           2   1.5194810220322270     
           1           3  0.15967486546823698     
           2           3   1.1015543029734856     
           1           4  0.13224774407639611     
           3           4   1.1263856703320732     
           3           5  0.13337842700719282     
           4           5   1.1892391435453837     
           3           6  0.19963660714955991     
           5           6   1.5094182856199896     
           3           7  0.13063434211097646     
           4           7  0.12882945668536538     
           5           7  0.40487899387960535     
           6           7   1.3951519529050507     
           4           8   1.0229542843456980     
           7           8   1.0982502377098273     
           5           9  0.10024723301106828     
           8           9   1.1256418084996642     
           9          10   1.2813128321768528     
           9          11  0.10521345649630134     
          10          11   2.5133907796387294     
          11          12   1.0178476009616566     
          12          13   1.6473207269752035     
          12          14   1.2002666776724902     
          13          14  0.12509773877528640     
          14          15   1.2287782690828726     
          15          16   1.2266627499507496     
          14          17  0.13011831125376369     
          16          17   1.6992527533407837     
          17          18   1.2897486066084742     
          18          19   1.2373094042067145     
          16          20  0.12726709038641307     
          19          20   1.6680465773986062     
          20          21   1.3923260091804077     
          21          22   1.0810361058257862     
          22          23   2.8162254602079124     
          21          24   1.2239423067960216     
          20          25  0.16866497631700911     
          24          25   1.2306015727547450     
          25          26   1.2209097630673884     
          26          27   1.2616906585264729     
          27          28   1.6615851089468894     
          27          29  0.37567483640369670     
          28          29   1.6245740915094007     
          29          30   1.3579530124280812     
          30          31  0.99462683705890897     
          26          32   1.2829590147492353     
          27          32  0.15339225565095016     
          28          32  0.42730027635646495     
          29          32  0.15257785750317546     
          30          32   1.4248863921159109     
          18          33   1.1187116771568748     
          24          33   1.2109189225119870     
          15          34   1.2981509848401154     
          16          34  0.27039462266535386     
          17          34  0.15555768302335837     
          33          34   1.3503023843534094     
