           1           2   2.5495450146554863     
           2           3  0.92730125082503045     
           1           4  0.12051757459157768     
           3           4   1.6839003855251962     
           3           5   1.1862922269899445     
           5           6   1.2610159171051742     
           6           7   1.3542809651947494     
           7           8   1.5043195155497378     
           8           9   1.0326318368267673     
           9          10   1.6158636581178847     
          10          11   1.0891877720856278     
          11          12   1.3178432826923883     
          12          13   1.6288054155831175     
          12          14  0.39591936657705540     
          13          14   1.6303216410967980     
          12          15  0.10225824338161747     
          14          15   1.3656987168074417     
          15          16  0.99443791881593691     
          11          17   1.3502307340806596     
          12          17  0.15299705003457961     
          13          17  0.43039996077851866     
          14          17  0.15526917747950711     
          15          17   1.4164518510914326     
           9          18   1.0816190959359377     
          10          18  0.10956141037134762     
          10          19  0.18207449602821907     
          18          19   1.7599297814943304     
          19          20   1.5884788551439608     
           8          21   1.1351550878935486     
          20          21   1.1595227129324519     
           7          22  0.47939209441381775     
          21          22   1.3638995079471663     
           6          23   1.0897957314799276     
          22          23   1.5055493553276384     
          23          24   1.0578482089370764     
          24          25   1.2220323229931827     
          25          26   1.4909395345739695     
          25          27  0.22653825560330215     
          26          27   1.7024510689962753     
          27          28   1.1110550221698088     
          28          29   1.1440441211709882     
          29          30   1.4022655360480900     
          30          31   1.0158752241072253     
          29          32  0.20808651898162239     
          30          32  0.12655176227589793     
          31          32   1.5008591026216718     
          29          33  0.23217047310991742     
          30          33  0.29222132579315768     
          31          33   1.0746836945822400     
          32          33  0.17763619144119835     
          28          34   1.0962354548641704     
          29          34  0.17127242959561362     
          32          34  0.40296469897122311     
          33          34   1.3551414427622603     
