           1           2   1.8419975403038316     
           2           3   1.0467230034898316     
           3           4   1.2405595902996429     
           3           5  0.10342893541189836     
           4           5   2.1895164468590984     
           5           6  0.83321310619926670     
           5           7  0.12201704988021943     
           6           7   1.6588433987599824     
           5           8  0.10911058987176254     
           6           8   1.3972014336362599     
           7           8  0.26326599373645571     
           3           9   1.2023441904300038     
           9          10   1.4647248351574214     
           1          11  0.16913116711749526     
           9          11   1.1965502609113050     
           2          12  0.92310314467067223     
          11          12   1.3338302105860347     
          12          13   1.4780962415010974     
          13          14   1.6124141946045083     
          14          15   1.0010021446750150     
          13          16  0.14389783691436939     
          15          16   1.5438876657963840     
          13          17  0.13552170417839857     
          15          17   1.2546001639115534     
          16          17  0.11891292718346003     
          17          18   1.2437824357253782     
          18          19   1.3634954545383140     
          19          20   1.3874464084481999     
          20          21   1.0012813474275855     
          21          22   1.3473830449365733     
          22          23   1.6184871742714004     
          21          24  0.11993533406095661     
          22          24  0.17551979985538629     
          23          24   1.6297861143627714     
          22          25  0.20032853896807984     
          24          25   1.6330889902648180     
          21          26   1.3491513472774737     
          23          26  0.20384070109079883     
          24          26  0.17730323278145455     
          25          26   1.6172887606136293     
          19          27  0.16713862524477055     
          20          27   1.3202676156245290     
          19          28  0.20618696678120110     
          27          28   1.6496039480614824     
          14          29   1.1170816179099547     
          18          29   1.0875526090353562     
          28          29   1.3984296311366515     
