   -0.33911112
    0.31973357
   -0.00152884
    0.04423590
    0.00608708
    0.08439891
   -0.01308523
   -0.06709088
    0.10099269
    0.04824315
   -0.01590607
   -0.03437380
    0.01597646
   -0.02850483
   -0.01264203
   -0.02535491
   -0.04739586
   -0.20699731
    0.14840510
   -0.02006921
   -0.01673799
    0.12761842
   -0.15647364
    0.16635460
   -0.20785216
    0.20487656
   -0.15316100
    0.13337502
    0.00870333
   -0.01856801
    0.00835561
    0.11322893
   -0.06314355
   -0.07761634
    0.00545125
   -0.03042377
