   -0.10053298
    0.09816727
   -0.09808954
    0.16427273
   -0.08961183
    0.12095496
   -0.11225780
    0.06530084
    0.03337324
    0.12243292
   -0.18187356
    0.13163811
   -0.13949648
    0.14231642
   -0.02319449
   -0.06141863
    0.17514572
   -0.14449788
    0.04784443
    0.07444596
   -0.02526479
   -0.00661006
    0.03373462
   -0.00326456
   -0.01732935
    0.09142596
   -0.07300025
   -0.10757276
    0.02330922
   -0.04752069
    0.12057798
   -0.22948297
    0.32373385
   -0.34270450
   -0.00021173
    0.02138417
   -0.00495323
    0.19412171
   -0.08950193
   -0.08579010
