           1           2   2.1763226536229014     
           1           3  0.11257822639853479     
           2           3   1.1232071226621798     
           3           4   1.1094005315232331     
           4           5   1.4658536509934674     
           5           6   1.3960428216555292     
           6           7   1.2428546421570810     
           7           8   1.6660706638831109     
           8           9   1.3817279430529295     
           9          10   1.0813738691876078     
          10          11   2.8138815312443128     
           9          12   1.2249165041018166     
           8          13  0.20933216167098698     
          12          13   1.2532680565867231     
          13          14   1.2810671312690016     
          14          15   1.2075705725196171     
          15          16   1.8149253571604911     
          16          17   1.3126004331086907     
          17          18   1.0493990101309305     
          18          19   1.1096405758986665     
          19          20   1.1757359854305596     
          20          21   1.2641961706335036     
          21          22   1.6100321671923450     
          21          23  0.18838179944094841     
          22          23   1.5767880358682484     
          21          24  0.24424554611753746     
          23          24   1.6033794133804224     
          20          25   1.2683711908684117     
          22          25  0.22307379698822610     
          23          25  0.19398619187317337     
          24          25   1.6253442078006213     
          17          26   1.2006063477945186     
          26          27   1.0066485852797986     
          14          28   1.2436313601924582     
          15          28  0.29173867444789081     
          16          28  0.16414338669667872     
          26          28   1.4920154642123555     
           6          29   1.0584317813478537     
          12          29   1.1817635952649050     
           5          30  0.51834052690874377     
          29          30   1.4534709289230858     
           4          31   1.0541354254257376     
          30          31   1.3790298375248502     
          31          32   1.2920870879484054     
          32          33   1.1809048349502609     
          33          34   1.6721154735890897     
          33          35  0.98500626605826225     
          35          36   2.2717618246557385     
          36          37   1.3541571764095670     
          37          38  0.95993851729965551     
          35          39  0.16181686035470019     
          37          39  0.46757656091709987     
          38          39   1.3557857575917074     
          35          40  0.15096961853623214     
          37          40  0.47392233659904454     
          38          40   1.3588068656127243     
          39          40  0.51213858186165406     
