   -0.08667846
    0.14498375
   -0.15386751
    0.16228106
   -0.16225523
    0.20815492
   -0.13861514
    0.13500388
   -0.02500542
   -0.04912751
    0.16254167
   -0.14265298
    0.05285470
    0.06546806
    0.02055887
   -0.01083883
   -0.00323373
    0.20633149
   -0.15614597
   -0.07576458
    0.08669420
   -0.07858194
   -0.10126399
    0.04777015
   -0.05328101
    0.15855941
   -0.17046694
    0.30017427
   -0.31729905
   -0.14728176
    0.06914117
   -0.00619551
    0.04502678
    0.01057325
    0.01111478
   -0.01268987
    0.00401303
