   -0.00085600
   -0.01982593
    0.15697954
   -0.07344338
    0.11801057
   -0.11341701
    0.05802982
    0.03449566
    0.12338237
   -0.17874178
    0.12818161
   -0.15906619
    0.13950670
   -0.06066816
   -0.07614977
    0.19973523
   -0.11498182
    0.05665864
    0.07526530
   -0.01949304
   -0.00181296
    0.04130324
   -0.00784840
   -0.03266069
   -0.05205151
   -0.02656163
    0.02436043
   -0.04906174
    0.11733831
   -0.19812140
    0.30012385
   -0.43356864
    0.00985704
    0.03331666
   -0.00414705
    0.18922671
   -0.09434483
   -0.08894976
