           1           2   1.5526907054239472     
           2           3   1.0182991884832162     
           1           4  0.14219463645711058     
           3           4   1.4485247472395326     
           4           5   1.3779608535370442     
           5           6   1.2408938487994841     
           6           7   1.6601898680994349     
           7           8   1.3652239780332378     
           8           9   1.0821128700210125     
           9          10   2.8145098514897300     
           8          11   1.2451286042352920     
           7          12  0.13901732011991674     
          11          12   1.2322389153991480     
          12          13   1.3189172713789434     
          13          14   1.1943565684868958     
          14          15   1.5851804532708964     
          15          16   1.2522494949202896     
          16          17   1.0947566470536330     
          17          18   1.1336781996523178     
          18          19   1.2060510738322687     
          19          20   1.2516819223404139     
          20          21   1.6129137196756651     
          20          22  0.19469034180530101     
          21          22   1.6076472611411681     
          20          23  0.23238838988035182     
          22          23   1.5858222668745312     
          19          24   1.2513006250605780     
          21          24  0.25792637840462068     
          22          24  0.18565378281989034     
          23          24   1.5953889920867499     
          15          25  0.33418681512475379     
          16          25   1.2287212832193461     
          13          26   1.2068023803412311     
          14          26  0.34317706091632250     
          25          26   1.6088485083589188     
           5          27   1.0808147638834786     
          11          27   1.1848415714779676     
           1          28  0.19816373901930392     
           4          28  0.35920509910738513     
          27          28   1.4161493415350104     
           3          29   1.1119962221747266     
          28          29   1.4429337989683955     
          29          30   1.1675915572098490     
          30          31   1.4777712301710513     
          30          32  0.17909419716866845     
          31          32   1.3709639170181673     
          31          33   1.0014030533864759     
          32          33  0.13488080494174198     
          33          34   2.2341126198321040     
          34          35   1.3842426610417091     
          35          36  0.96014386558697229     
          33          37  0.13628250810445725     
          35          37  0.44679648010083201     
          36          37   1.3420950901576849     
          33          38  0.11322068755590836     
          35          38  0.39298671769936955     
          36          38   1.3620978283361889     
          37          38  0.50664480780308807     
