           1           2   2.1645223879792277     
           1           3  0.10806458151575442     
           2           3   1.1236887694196764     
           3           4   1.1047639287039335     
           4           5   1.4744640668089350     
           5           6   1.3895218178931521     
           6           7   1.1882046723504764     
           7           8   1.6366968607672849     
           8           9   1.5734370083665747     
           9          10   1.1039620144586710     
          10          11   2.7782329263158210     
           9          12  0.97157597816955810     
           8          13  0.19606204654485948     
          12          13   1.6679647243408187     
          13          14   1.1060769314400618     
          14          15   1.2870771050440231     
          15          16   1.7158810954117489     
          16          17   1.3610191882481435     
          17          18  0.97989497230112910     
          18          19   1.1737735670894505     
          19          20   1.1687344002814601     
          20          21   1.3085967189265384     
          19          22  0.11998328322585175     
          21          22   1.7637760063758576     
          22          23   1.3025336384781041     
          23          24   1.0086513916145978     
          21          25  0.36786115960589555     
          22          25  0.13616119116735845     
          23          25   1.3853846876138864     
          20          26   1.1831522972764708     
          25          26   1.4624931214606374     
          26          27   1.0136640886499668     
          15          28  0.10798702750270109     
          17          28   1.2516999724069575     
          28          29   1.0073615895249528     
          14          30   1.3367299314267311     
          15          30  0.26303964322193013     
          16          30  0.17579887219802301     
          28          30   1.4400870908647869     
           6          31   1.1053215835323313     
          12          31   1.0485181217949702     
           5          32  0.48742940245811933     
          31          32   1.5356689778773422     
           4          33   1.0666960167095019     
          32          33   1.3310758369800726     
          33          34   1.3102473262143606     
          34          35   1.1958359412033037     
          34          36  0.11786726131240936     
          35          36   1.6722537931055708     
          35          37  0.96599064898166020     
          37          38   2.3065161597544011     
          37          39  0.15045761898702711     
          38          39   1.3094955475554759     
          39          40   1.0624317248399380     
          40          41   1.2747887600590166     
          37          42  0.12399329138142183     
          39          42  0.40647196340355551     
          40          42   1.2886374223891990     
          41          42  0.51373424283553226     
