           1           2   2.5967802820108585     
           2           3  0.91888987384252707     
           1           4  0.17333395660000200     
           3           4   1.7150746506919661     
           3           5   1.1400092877478085     
           5           6   1.4480886217798805     
           6           7   1.0090920199380240     
           7           8   2.1189399358468690     
           8           9   1.1694038284019270     
           9          10   1.2049670877066803     
           7          11  0.10125524471821737     
          10          11   1.5413774255454951     
          11          12   1.7570438578368897     
          12          13   1.1138111100202137     
          13          14   1.6172767228948304     
          14          15   1.1088014318661856     
          15          16   1.2889372905832275     
          16          17   1.6828728232418413     
          17          18   1.3774066576741326     
          18          19  0.99921607632869569     
          16          20  0.10558806724380007     
          18          20   1.2692119125379500     
          20          21   1.0041497750648471     
          15          22   1.3287220143092620     
          16          22  0.32516348746291240     
          17          22  0.17636765545240202     
          20          22   1.4455734259329478     
           9          23   1.2765557038949105     
          13          23  0.99274135243996464     
           6          24   1.2830499334374048     
           8          24  0.19818438912791428     
          23          24   1.3668157369379872     
