           1           2   2.8031698334697084     
           2           3   1.0585579714875635     
           3           4   1.0585669933237036     
           4           5   2.8031616104305330     
           1           6  0.11019633449351557     
           3           6   1.6329923114050233     
           5           6  0.11019897948475328     
           6           7  0.91731989578869966     
           7           8   1.6731585178821136     
           7           9   1.2739971253472950     
           8           9  0.20676495811529078     
           9          10   1.1139996497488946     
           9          11  0.14405373961721318     
          10          11   1.6541886779964794     
           9          12  0.25426983315285129     
          10          12   1.1140001846648551     
          11          12  0.14405138558101360     
           6          13  0.91731686459420403     
          12          13   1.2739993164618493     
          12          14  0.20676184741669484     
          13          14   1.6731589131964668     
