           1           2   1.5533474803309755     
           2           3   1.0352273862642729     
           1           4  0.11336386994007530     
           3           4   1.4381125550976934     
           4           5   1.2880770033342785     
           5           6   1.2319383925850949     
           6           7   1.8450045607788721     
           7           8   1.0479786691991526     
           6           9  0.15751610297615173     
           8           9   2.7854167767223967     
           7          10  0.85917385650424094     
           6          11  0.11793310641400304     
          10          11   1.4089404389731293     
           6          12  0.11301149189943929     
          10          12   1.5784996345083768     
          11          12  0.19995858671755865     
           4          13  0.42116626287148434     
           5          13   1.2603508115367128     
          13          14   1.4986852168508056     
          14          15   1.1065664846669721     
          15          16   1.3981904945173806     
          16          17  0.96997923673626418     
          17          18   1.3953506944035770     
          18          19   1.5523102610026516     
          17          20  0.11301066038855104     
          18          20  0.20797023451793414     
          19          20   1.7963473675593618     
          18          21  0.41075876894547664     
          19          21  0.14889966813989441     
          20          21   1.5856677918367890     
          17          22   1.3197891821456114     
          19          22  0.26622413870892292     
          21          22   1.5258773698212729     
           3          23   1.1188174866497496     
          14          23   1.1157776339372800     
           4          24  0.12577271869277012     
          13          24  0.17983961094789314     
          23          24   1.4853893197135017     
