           1           2   1.6797784586367523     
           1           3  0.26805480991149039     
           2           3   1.3341857781158990     
           2           4  0.86886743063384997     
           4           5   2.5581838693437087     
           5           6  0.96022808052509590     
           6           7   1.6822774109651664     
           6           8   1.1868427094821976     
           8           9   1.2626894783190508     
           9          10   1.2212867825636966     
           8          11  0.12030937079322206     
          10          11   1.7712217327876354     
          11          12   1.3095369232821277     
          12          13   1.0997667341043702     
          10          14  0.11358004643955912     
          13          14   1.6777317051666563     
          14          15   1.6655963332401813     
          15          16   1.1810352995695503     
          16          17   1.5767659014608428     
          17          18   1.1207740906376027     
          18          19   1.3005880986209617     
          19          20   1.6210598290680518     
          19          21  0.38660945496597132     
          20          21   1.6355228744375794     
          21          22   1.3633792630660506     
          22          23   1.0021935695299411     
          18          24   1.3421590900100600     
          19          24  0.16207785408093150     
          20          24  0.34249010421378745     
          21          24  0.15111127961786419     
          22          24   1.4141977713222020     
          12          25   1.1739303826505567     
          16          25   1.0049282118811036     
           9          26   1.2454569479633524     
          10          26  0.15481579146762398     
          11          26  0.16831411484376008     
          25          26   1.4841725525207650     
