           1           2   1.5443670044748590     
           1           3  0.10222811608469774     
           2           3   1.0254596504009377     
           1           4  0.17875102505983437     
           3           4   1.4507212580341093     
           4           5   1.3709410685221826     
           5           6   1.2459089138337027     
           6           7   1.6467841557952727     
           7           8   1.3750624056692273     
           8           9   1.0806363685239271     
           9          10   2.8154843668729113     
           8          11   1.2332312445950633     
           7          12  0.25296707832335685     
          11          12   1.2557106291468119     
          12          13   1.2573672701628624     
          13          14   1.2055151776000212     
          14          15   1.7475284841465999     
          15          16   1.3591004607524710     
          16          17   1.0043238871395150     
          16          18   1.2479574635122845     
          18          19   1.0069601205975272     
          13          20   1.2675610543135363     
          14          20  0.36295594544124821     
          15          20  0.17713163761665671     
          18          20   1.4695765673275603     
           5          21   1.0804074774331649     
          11          21   1.1813313625986743     
           1          22  0.16036003964696516     
           4          22  0.34900659377799514     
          21          22   1.4200281605587988     
           3          23   1.0943828620341001     
          22          23   1.3959485560399771     
           1          24  0.13783354764352970     
          23          24   1.2442111742481512     
          24          25   1.2174855615764446     
          24          26  0.13492079174944471     
          25          26   1.6518842878232143     
          25          27  0.96872969845805590     
          27          28   2.2805487473451462     
          27          29  0.20023635518046137     
          28          29   1.3636131700242002     
          29          30   1.0811396602131471     
          29          31  0.10404715936910276     
          30          31   1.1744582390647040     
          31          32   1.4257066170868509     
          32          33   1.1588394765016505     
          31          34  0.18617222783966778     
          32          34  0.24969817721745283     
          33          34   1.1663108993827762     
          29          35  0.10782956119688158     
          30          35   1.1800144034295936     
          31          35  0.17665297623830689     
          32          35  0.17812499328703021     
          34          35   1.4065044559512494     
