   -0.09211015
    0.10250225
   -0.09330316
    0.16381015
   -0.08768575
    0.12157548
   -0.11121104
    0.06504472
    0.03460945
    0.12285389
   -0.17433073
    0.13136313
   -0.14323976
    0.13887392
   -0.03984475
   -0.04896334
    0.08035630
    0.04565986
    0.00725697
    0.01754283
   -0.13772159
    1.20603997
   -0.52610406
   -0.53142578
   -0.06712495
   -0.04595910
    0.01059120
    0.02576898
    0.00212477
   -0.02055736
   -0.03559075
    0.02282913
   -0.05206576
    0.12130869
   -0.22738961
    0.32386434
   -0.34897204
    0.00163380
    0.02098295
    0.00168775
    0.19357656
   -0.09147434
   -0.08678307
