           1           2   2.1675504192923136     
           1           3  0.11620268513523210     
           2           3   1.1302434208892209     
           3           4   1.1092601965349531     
           4           5   1.4596400359317308     
           5           6   1.3983680599279764     
           6           7   1.2414564292870311     
           7           8   1.6681600986321501     
           8           9   1.3775318641118541     
           9          10   1.0809516931653518     
          10          11   2.8161423666564218     
           9          12   1.2374862257082953     
           8          13  0.20409448738038896     
          12          13   1.2597189196461949     
          13          14   1.2602346890075304     
          14          15   1.2127413122944188     
          15          16   1.6876500165146902     
          16          17   1.3528241401419114     
          17          18   1.1107651478018981     
          15          19  0.13360144518828734     
          16          19  0.26832215695611683     
          18          19   1.1961161524451762     
          15          20  0.17056668289531093     
          19          20   1.8600681581459679     
          17          21   1.1149484268324157     
          20          21   1.1609032344418968     
          21          22  0.80606552869274672     
          22          23   1.6346770780681150     
          22          24   1.6277677487321285     
          23          24  0.12188421333696205     
          22          25  0.72800869698223258     
          25          26   1.3863247548814905     
          26          27   1.5542019582298354     
          25          28  0.12339023834680685     
          26          28  0.16826390486731088     
          27          28   1.6316573861686687     
          26          29  0.25537046687670728     
          28          29   1.6298537745712780     
          25          30   1.3844438420157206     
          27          30  0.22091007698855827     
          28          30  0.17009210357333782     
          29          30   1.5573554035749653     
          14          31   1.2696508281219239     
          15          31  0.30781467199854878     
          16          31  0.17526424361678694     
          18          31   1.3967916298828493     
           6          32   1.0595229750232567     
          12          32   1.1738885513676534     
           5          33  0.48713159541543766     
          32          33   1.4533117886620917     
           4          34   1.0554271517571219     
          33          34   1.3719450164364067     
          34          35   1.2939093140679319     
          35          36   1.1777490707680704     
          36          37   1.6790057972062660     
          36          38  0.98305479792550987     
          38          39   2.2856413568973339     
          39          40   1.3464789533098602     
          40          41  0.96374091850708454     
          38          42  0.15496908548513955     
          40          42  0.45847239567084846     
          41          42   1.3537343896541230     
          38          43  0.12849732586611193     
          40          43  0.44155573353022121     
          41          43   1.3529278901773167     
          42          43  0.50873391354065578     
