           1           2   1.4499199178313340     
           1           3  0.33954753375061936     
           2           3  0.99920354306771320     
           3           4   1.3496324801528863     
           1           5  0.10582536580302548     
           3           5  0.16166767983794852     
           4           5   2.2946611967508326     
           5           6  0.97219069905247846     
           6           7   1.6872167492290504     
           6           8   1.1834580842087872     
           8           9   1.2786624815769978     
           9          10   1.2033190378281065     
           8          11  0.11026253284113900     
          10          11   1.7605013099192617     
          11          12   1.2761476045261897     
          12          13   1.1843801105118570     
          10          14  0.12231475345606771     
          13          14   1.5646749670729869     
          14          15   1.7294256871598157     
          15          16   1.0887878784434240     
          14          17  0.13660997037571593     
          16          17   1.5994384482973283     
          17          18   1.0865780089963755     
          18          19   1.3219193010888617     
          19          20   1.6221133803381977     
          18          21  0.10064280486352428     
          19          21  0.39099949500233216     
          20          21   1.6335958114607967     
          19          22  0.10148758002465560     
          21          22   1.3656232270174993     
          22          23  0.99508178642006995     
          18          24   1.3571930259918079     
          19          24  0.15759164340700746     
          20          24  0.39603382543907018     
          21          24  0.15373162685677655     
          22          24   1.4149924204437356     
          12          25   1.1632624915811631     
          16          25   1.0531462255214297     
           9          26   1.2449122151129344     
          10          26  0.22078378732221293     
          11          26  0.14963512687211750     
          25          26   1.4624569470392645     
           1          27  0.39695808139810990     
           2          27   1.1370353278281651     
           3          27  0.10103190369171276     
           1          28  0.12164795214737713     
           3          28  0.10871086701700777     
          27          28   1.3471062695246034     
           1          29  0.13235540145201136     
          27          29  0.12216473099991329     
          28          29   1.8690412613630469     
