           1           2   1.5719967157618986     
           2           3  0.99453030027214151     
           1           4  0.11096371729418522     
           3           4   1.6632708155392997     
           4           5   1.1048284662602046     
           5           6   1.6046739767247384     
           6           7   1.5631294842627277     
           7           8   1.0774881642582652     
           6           9  0.13124056598566547     
           8           9   2.7963407402502392     
           7          10   1.1349734595351655     
           6          11  0.18049812285684610     
          10          11   1.5063013814695108     
          10          12   1.2435236339214155     
          11          12  0.60820411150633047     
           4          13  0.42751211821930662     
           5          13   1.1041146132636308     
          13          14   1.7404867554909751     
          14          15   1.0037704967955343     
          15          16   1.0638431117955800     
          16          17   1.5575729548950816     
          17          18   1.1914555635988353     
          18          19   1.3185897224148464     
          19          20   1.7072526855244556     
          19          21  0.14746205648347033     
          20          21   1.8235309882435560     
          19          22  0.39603582317246833     
          20          22  0.12802217805528512     
          21          22   1.6799747949070474     
          18          23   1.2021957340115161     
          20          23  0.10284703896397418     
          22          23   1.3709337330862683     
          16          24   1.1641627183767380     
          17          24  0.15200823625789178     
          23          24   1.1077014115537513     
           3          25  0.95855414959778384     
          14          25  0.98563783580176323     
           4          26  0.10999968647685435     
          13          26  0.12627314080458954     
          25          26   1.7632363617766444     
