           1           2   1.5485384216253686     
           2           3   1.0219077488727049     
           1           4  0.12347152635007476     
           3           4   1.6166562275917999     
           4           5   1.1188123979167828     
           5           6   1.5289994704297314     
           6           7   1.6385304401320089     
           7           8   1.0616535818654458     
           6           9  0.12813168696345664     
           8           9   2.7972632242464681     
           7          10  0.79528935985274984     
          10          11   1.4550105532625155     
           6          12  0.10671313011153595     
          10          12   1.5831585227470499     
          11          12  0.19531637800719642     
           4          13  0.39101664193078722     
           5          13   1.1376757613784674     
          13          14   1.6505676094107449     
          13          15  0.10094726309886015     
          14          15   1.1422852185163830     
          15          16   1.5044988106495045     
          16          17  0.97650281920495807     
          17          18   1.3955969873015435     
          18          19   1.5988795535585736     
          17          20  0.11753011437342359     
          18          20  0.14620532570764747     
          19          20   1.7684688054325526     
          18          21  0.32478013697186503     
          19          21  0.13624802563556412     
          20          21   1.6614725172972831     
          17          22   1.2980661756777101     
          19          22  0.15420004158448261     
          21          22   1.4086414496307400     
          22          23  0.87251826981458103     
          23          24   1.6567858333439338     
          11          25  0.11279282320360443     
          23          25   1.3468555633345163     
          24          25  0.21127161383701915     
           3          26  0.95560663564704362     
          14          26  0.94947846370544342     
           4          27  0.10938886477398703     
          13          27  0.14253982958104849     
          26          27   1.7877340519804137     
