           1           2   1.2711078395750557     
           1           3  0.50402381993385015     
           2           3   1.2895533081456814     
           1           4  0.10558598864653365     
           2           4   1.0652724117556924     
           3           4  0.45333416703748003     
           4           5   1.2323620457271327     
           5           6   2.5383216094502785     
           6           7   1.0015799839127077     
           7           8   1.4138982522776689     
           7           9   1.4558558543402937     
           8           9  0.23513986020079919     
           9          10   1.1848353851736269     
          10          11   1.2331114568238684     
          11          12   1.7569064046258340     
          12          13   1.2922893247024265     
          13          14   1.1671694753682778     
          11          15  0.11410538508504657     
          14          15   1.5798739827882098     
          15          16   1.7311712983248553     
          16          17   1.0883410554066546     
          15          18  0.13461001833584432     
          17          18   1.5952757371763451     
          18          19   1.0877142443804997     
          19          20   1.3224751183430181     
          20          21   1.6210989648636560     
          19          22  0.10078145202284366     
          20          22  0.38943397445801509     
          21          22   1.6352381275869912     
          20          23  0.10129983339310625     
          22          23   1.3653423655421122     
          23          24  0.99615853020791734     
          19          25   1.3563916224938848     
          20          25  0.15698585141980242     
          21          25  0.38205783535128585     
          22          25  0.15297317157337584     
          23          25   1.4144140713247424     
          13          26   1.1699700080830919     
          17          26   1.0548633619817642     
          10          27   1.2979183437989457     
          11          27  0.22402710529617961     
          12          27  0.16671578353273067     
          26          27   1.4432033325730249     
