           1           2   1.4192168714196498     
           2           3   1.0146102564860637     
           3           4   2.5215376528853284     
           3           5  0.13967863572613662     
           4           5   1.2676625296075779     
           5           6   1.0747414483475579     
           5           7  0.13855668086778167     
           6           7   1.1723954310212426     
           7           8   1.4236097750809593     
           8           9   1.1512541357848320     
           7          10  0.17467026710238848     
           8          10  0.26539215485431389     
           9          10   1.1617610947395081     
           5          11  0.13252034344848895     
           6          11   1.1792106387660082     
           7          11  0.18565771796032055     
           8          11  0.16343542074973016     
          10          11   1.4304012738715661     
           1          12  0.25667993772307046     
           2          12   1.4404388662393222     
          12          13   1.1822726322800197     
          13          14   1.2339339600037575     
          14          15   1.7619686036027964     
          15          16   1.2901752807291376     
          16          17   1.1654940565514351     
          14          18  0.11160578775404824     
          17          18   1.5746127825161789     
          18          19   1.7364108634088613     
          19          20   1.0896157451938897     
          18          21  0.13440087353972344     
          20          21   1.5946889778722055     
          21          22   1.0879008213816859     
          22          23   1.3218067084421061     
          23          24   1.6231180168878201     
          22          25  0.10033492941856086     
          23          25  0.38941996468695450     
          24          25   1.6292040279368003     
          23          26  0.10150257129908989     
          25          26   1.3659982961442896     
          26          27  0.99580332720916853     
          22          28   1.3555371448624860     
          23          28  0.15691121757481011     
          24          28  0.38393029009898327     
          25          28  0.15691193904314682     
          26          28   1.4152558867600247     
          16          29   1.1712355395265781     
          20          29   1.0544160822752200     
          13          30   1.2992346638594761     
          14          30  0.22157539926816755     
          15          30  0.17147352976382357     
          29          30   1.4437886511045148     
