           1           2   2.5594481129272628     
           2           3  0.94031777897765367     
           1           4  0.21328198611631008     
           3           4   1.6632901474903359     
           1           5  0.15023226942739559     
           3           5   1.1869941155384911     
           4           5  0.12331068419650043     
           5           6   1.3245177277334803     
           6           7   1.3088103081439799     
           7           8   1.6068709465070514     
           8           9   1.2860826621614418     
           9          10   1.3712858717310676     
           7          11  0.11451842906898842     
          10          11   1.5470295935100977     
          11          12   1.6113581115342281     
          12          13   1.0879474358602430     
          13          14   2.8056931892299937     
          12          15  0.98690361775918400     
          15          16   1.6605585660217661     
          16          17   1.0889481942609698     
          17          18   1.3201761593687917     
          18          19   1.6219172375703454     
          18          20  0.39260858248711150     
          19          20   1.6435033709279687     
          18          21  0.10077709820428721     
          20          21   1.3653008019608137     
          21          22  0.99600817755685311     
          17          23   1.3501013481984685     
          18          23  0.15905704228589787     
          19          23  0.40246313014789875     
          20          23  0.14888481696891578     
          21          23   1.4128571113505719     
           9          24  0.97608953533728793     
          15          24   1.0520956865265454     
           6          25   1.1321086186342482     
           7          25  0.23752855897206479     
           8          25  0.18499716012593651     
          11          25  0.10386874154790718     
          24          25   1.6672267636766915     
