           1           2   2.0405916121518839     
           2           3   1.1398337552403870     
           3           4   1.0724673618506300     
           4           5   1.4561709557557816     
           5           6   1.3875639132104478     
           6           7   1.1754203422649265     
           7           8   1.6565283651203986     
           8           9   1.5750688792996341     
           9          10   1.0994983344493683     
          10          11   2.7933328397857347     
           9          12  0.98931862711820218     
           8          13  0.11287027050749830     
          12          13   1.6620619739072195     
          13          14   1.0963074687948087     
          14          15   1.2829873888221823     
          15          16   1.6787193972159375     
          16          17   1.3585205253423460     
          17          18   1.0229343891590117     
          18          19  0.94820060612529822     
          18          20  0.10647991759349769     
          19          20   1.8211059841840780     
          19          21  0.94074465552550668     
          21          22   1.3561601071520526     
          22          23   1.5598916333342001     
          21          24  0.11579799529053200     
          22          24  0.17172261335585537     
          23          24   1.6338072782949653     
          22          25  0.21528220501332818     
          24          25   1.6366123135999950     
          21          26   1.3486442258508911     
          23          26  0.20421397649250383     
          24          26  0.16824877866155646     
          25          26   1.5720676779147158     
          15          27  0.10553885154827529     
          17          27   1.2489727578071055     
          27          28   1.0073448720500309     
          14          29   1.3371442662899296     
          15          29  0.27163188085813550     
          16          29  0.17603792648037164     
          27          29   1.4423367844593913     
           6          30   1.1062720273878552     
          12          30   1.0302096569895105     
           5          31  0.44290749573208910     
          30          31   1.5234433774716003     
           4          32   1.1279590330904772     
          31          32   1.3506754510802426     
          32          33   1.2029041907804958     
          33          34   1.4222782955906652     
          33          35  0.18923710962375700     
          34          35   1.3978996233046894     
          34          36   1.0204420750873922     
          36          37   2.2661759904246357     
          37          38   1.3488057681036774     
          38          39  0.96383396960215229     
          36          40  0.16295744031465512     
          38          40  0.49168702449468460     
          39          40   1.3455300067782858     
          36          41  0.16208311596540437     
          38          41  0.44996052521911994     
          39          41   1.3585133141137933     
          40          41  0.50641350804983765     
