           1           2   1.4475716353388337     
           1           3  0.73030609355432752     
           2           3   1.4694781604205931     
           2           4  0.89577137596012879     
           1           5  0.12928133725631405     
           3           5  0.11253432818063704     
           4           5   1.2923742606985378     
           5           6   1.2826929834954997     
           6           7   2.4972657408108661     
           7           8   1.0156449010191884     
           8           9   1.6360513888439114     
           8          10   1.2031770360129344     
           9          10  0.12203241683920273     
          10          11   1.2428260108907379     
          11          12   1.2211453467074023     
          10          13  0.11850389067052834     
          12          13   1.7347747837262100     
          13          14   1.2837476230921721     
          14          15   1.2408382590543248     
          12          16  0.16287711560435708     
          15          16   1.6682632946988853     
          16          17   1.4070694977601697     
          17          18   1.0809151243452126     
          18          19   2.8159220433487597     
          17          20   1.2092391975464170     
          16          21  0.12363928074495605     
          20          21   1.2800981783304533     
          21          22   1.2071324724338635     
          22          23   1.2614572288646488     
          23          24   1.6316423406972860     
          23          25  0.40726960756031039     
          24          25   1.6149460011153431     
          25          26   1.3568122571902426     
          26          27  0.99588437823750497     
          22          28   1.3026106806732702     
          23          28  0.16721937129759928     
          24          28  0.39135306813757509     
          25          28  0.13938164325740232     
          26          28   1.4290957252018828     
          14          29   1.1117572720928173     
          20          29   1.1927317015452075     
          11          30   1.2912866160139687     
          12          30  0.21813542630206653     
          13          30  0.16481271884632118     
          29          30   1.3806093596817599     
           4          31  0.89379692192604410     
           4          32  0.15009972622328260     
           5          32  0.25489898693788937     
          31          32   1.4325329807504132     
           5          33  0.20000891760903849     
          31          33   1.4790552961817096     
          32          33  0.65989678464409618     
