           1           2   1.3569844548341647     
           1           3  0.49588488138451386     
           2           3   1.3505784075215681     
           1           4  0.43795009880906111     
           2           4  0.96246918346145294     
           3           4  0.44560239146399461     
           4           5   1.3626909232512692     
           1           6  0.13194532512574264     
           3           6  0.14522174680520783     
           5           6   2.2590710469751754     
           6           7  0.97638672188789488     
           7           8   1.6640254359774591     
           7           9   1.1944541035003353     
           9          10   1.2932175835917916     
          10          11   1.2150682755683142     
           9          12  0.11301748937512550     
          11          12   1.8007937122233388     
          12          13   1.2832445337168139     
          13          14   1.1992689112570534     
          11          15  0.15216937609369713     
          14          15   1.6181259125374874     
          15          16   1.5731461038306225     
          16          17   1.1009010022737871     
          17          18   2.7938232361477757     
          16          19  0.98940264898178876     
          19          20   1.6580009696198934     
          20          21   1.1085220027928613     
          21          22   1.2721171217030069     
          22          23   1.6839737646010915     
          23          24   1.3768584688928946     
          24          25  0.99355959784480874     
          22          26  0.10489739438730197     
          24          26   1.2614520934964764     
          26          27   1.0057779663319493     
          21          28   1.3355632952422891     
          22          28  0.34411968520472347     
          23          28  0.16752463954043897     
          26          28   1.4379901812144886     
          13          29   1.1364524159170544     
          19          29   1.0450409703974879     
          10          30   1.2303840595622819     
          11          30  0.14624998311257495     
          12          30  0.18437000739735376     
          29          30   1.5044993264615085     
