           1           2   1.5698575653884899     
           1           3  0.20453614279411819     
           2           3   2.3059607618090090     
           3           4   1.0694045123471452     
           1           5  0.16060983611703669     
           3           5  0.11651446849375380     
           4           5   1.3744688136119469     
           4           6   1.4248072419543978     
           5           6  0.22498641976136360     
           6           7   1.1816962629801775     
           7           8   1.2611041495745421     
           8           9   1.7475294810818842     
           9          10   1.3024108119635887     
          10          11   1.1692232023846458     
           8          12  0.16791384804479714     
          11          12   1.6603393731929728     
          12          13   1.5734743833028169     
          13          14   1.1011579289829152     
          14          15   2.7924064001195661     
          13          16  0.99071879223961967     
          16          17   1.6552267016266746     
          17          18   1.0979402340740252     
          18          19   1.3107235186312600     
          19          20   1.6241377892168345     
          19          21  0.38847310680899544     
          20          21   1.6376043259950002     
          19          22  0.10032282389357415     
          21          22   1.3667841061753643     
          22          23  0.99439776246574718     
          18          24   1.3536688141969546     
          19          24  0.16031609114305234     
          20          24  0.37646000949160036     
          21          24  0.15127741476475748     
          22          24   1.4142941816593992     
          10          25   1.1422171323465182     
          16          25   1.0500298127975656     
           7          26   1.2769431081078531     
           8          26  0.16215936050772101     
           9          26  0.25054233863841280     
          25          26   1.4777934004401536     
