   -0.12802237
    0.14270915
    0.03623620
    0.04240036
    0.08953512
   -0.00832641
   -0.00908245
    0.22917197
   -0.26322327
    0.21892801
   -0.26188880
   -0.05281040
    0.32315375
   -0.32120614
   -0.13552200
    0.06763561
    0.08582120
   -0.00207775
   -0.00234331
    0.00181993
    0.08382064
    0.03461397
   -0.14550777
    0.31632569
   -0.36077869
    0.03739931
    0.13765462
   -0.12820691
    0.05641472
    0.09190255
    0.00139472
   -0.01025143
    0.23099832
   -0.26493365
    0.22324610
   -0.25350962
   -0.06486963
   -0.03862132
