           1           2   2.0733074283523996     
           2           3   1.1243955096076901     
           3           4   1.0951173042105042     
           1           5  0.11931806680144465     
           3           5  0.12543583005054923     
           4           5   2.1483889386311095     
           1           6  0.14103841449261370     
           3           6   1.1917768948130212     
           5           6  0.12025761556022531     
           6           7   1.4308313269538835     
           6           8  0.11426205736303935     
           7           8   1.7280971956966003     
           8           9   1.1412455801438461     
           8          10  0.10715211941697066     
           9          10   1.6832114239309974     
           9          11   1.0215322210061488     
          11          12   1.4723344011786192     
          12          13   1.1359020170693761     
          12          14  0.14448201730838833     
          13          14   1.6624469457364437     
          13          15   1.0801070604731942     
          14          15  0.10925517132106008     
          15          16   1.2296132955581580     
          16          17   1.7969986609595840     
          17          18  0.78387882249710494     
          16          19  0.17066932767285639     
          18          19   1.7333180880035499     
          16          20  0.22703078029587861     
          18          20   1.2783353978075371     
          19          20  0.17764150722296207     
          20          21   1.2280630609746963     
          21          22   1.2686361323556856     
          22          23   1.5642539126531041     
          23          24   1.6412554813594709     
          24          25   1.1717028672826126     
          23          26  0.18024408072984660     
          25          26   1.2812070362379557     
          26          27   1.2403574285118577     
          27          28   1.2971971400553606     
          28          29   1.8131601775518333     
          29          30   1.3003844274116991     
          30          31   1.0349759901397679     
          28          32  0.16242169035891241     
          29          32  0.25469623310801626     
          30          32   1.3598929630087884     
          27          33   1.1636682028962297     
          32          33   1.4694466131487713     
          33          34  0.99651350915493886     
          17          35   1.0895943432843282     
          21          35   1.2197320027592176     
          25          35   1.2874083599409840     
          11          36   1.1915766092795297     
          12          36  0.15026535613100850     
          14          36  0.18103542531112604     
          15          36   1.3542455449193467     
