           1           2   1.5546412607954758     
           1           3  0.18942250446070549     
           2           3   2.3130330333492406     
           3           4   1.0504978570187373     
           1           5  0.17725875907624256     
           3           5  0.11551115788686740     
           4           5   1.3866679904946064     
           4           6   1.4334848042496071     
           5           6  0.22072538086803453     
           6           7   1.1765546753859959     
           7           8   1.2483377146746550     
           8           9   1.7254388900768256     
           9          10   1.3089355360410331     
          10          11   1.1509452012579722     
           8          12  0.12428051504174831     
          11          12   1.5850920691704091     
          12          13   1.7793935350366075     
          13          14   1.1008881198185305     
          14          15   1.6197197992407131     
          15          16   1.1070148082578104     
          16          17   1.3145028423951075     
          17          18   1.6260617316545172     
          17          19  0.39240624444369210     
          18          19   1.6378087519172269     
          19          20   1.3627723685694773     
          20          21  0.99496417149458194     
          16          22   1.3441270433540369     
          17          22  0.15712116054590988     
          18          22  0.38251498712388043     
          19          22  0.15411544764029314     
          20          22   1.4161122149372767     
          10          23   1.1615200322253740     
          14          23   1.0185774253351576     
           7          24   1.2889009030834524     
           8          24  0.18829003425937357     
           9          24  0.21645083681360622     
          23          24   1.4717584837521445     
