           1           2   1.9600231900252814     
           2           3   1.1182562422252300     
           3           4   1.0796030323985963     
           4           5   1.4698965472585821     
           5           6   1.3876833949954051     
           6           7   1.2379052786094695     
           7           8   1.6700936013404546     
           8           9   1.3856011587177610     
           9          10   1.0800736228201264     
          10          11   2.8157309027734003     
           9          12   1.2284849713309980     
           8          13  0.19898701043459804     
          12          13   1.2363147594528521     
          13          14   1.2682577655257239     
          14          15   1.2154686535550956     
          15          16   1.7727592561947383     
          16          17   1.3232348978451500     
          17          18   1.0294751783180738     
          18          19   1.1130987679948607     
          19          20   1.1627279286172651     
          20          21   1.2684409032002533     
          21          22   1.6236017889979120     
          21          23  0.18971632283726408     
          22          23   1.5738416431903020     
          21          24  0.23613184429002071     
          23          24   1.6013993306983190     
          20          25   1.2744695371736963     
          22          25  0.21649958650188575     
          23          25  0.19329244274835281     
          24          25   1.6388321598620230     
          17          26   1.2131603737899674     
          26          27   1.0083112866300556     
          14          28   1.2500086907997852     
          15          28  0.29953438041233299     
          16          28  0.16372741834960192     
          26          28   1.4795029125424266     
           6          29   1.0711994111802010     
          12          29   1.1938594084485030     
           5          30  0.41243215175206516     
          29          30   1.4122684904508283     
           4          31   1.0951002656980970     
          30          31   1.4490277841275845     
          31          32   1.1615609431582685     
          32          33   1.5037115864670338     
          32          34  0.20042404017422419     
          33          34   1.3904372126479445     
          33          35  0.95805712619242911     
          34          35  0.13476593808029416     
          35          36   2.2099921172896062     
          35          37  0.10382343682840953     
          36          37   1.4037887946130563     
          37          38  0.95896566993568166     
          35          39  0.12798296711202370     
          37          39  0.43488498135277182     
          38          39   1.3451146106752940     
          37          40  0.36372002760063871     
          38          40   1.3656952339855155     
          39          40  0.48301112216116193     
