           1           2   1.4499199178313631     
           1           3  0.33954753375064278     
           2           3  0.99920354306771142     
           3           4   1.3496324801528814     
           1           5  0.10582536580305206     
           3           5  0.16166767983794678     
           4           5   2.2946611967508392     
           5           6  0.97219069905247824     
           6           7   1.6872167492289685     
           6           8   1.1834580842088576     
           8           9   1.2786624815768322     
           9          10   1.2033190378282050     
           8          11  0.11026253284128901     
          10          11   1.7605013099189717     
          11          12   1.2761476045262001     
          12          13   1.1843801105117620     
          10          14  0.12231475345608880     
          13          14   1.5646749670730247     
          14          15   1.7294256871597433     
          15          16   1.0887878784434342     
          14          17  0.13660997037569669     
          16          17   1.5994384482973041     
          17          18   1.0865780089963746     
          18          19   1.3219193010888564     
          19          20   1.6221133803382017     
          18          21  0.10064280486352281     
          19          21  0.39099949500233311     
          20          21   1.6335958114607902     
          19          22  0.10148758002465624     
          21          22   1.3656232270175011     
          22          23  0.99508178642006606     
          18          24   1.3571930259918055     
          19          24  0.15759164340700485     
          20          24  0.39603382543904919     
          21          24  0.15373162685677882     
          22          24   1.4149924204437359     
          12          25   1.1632624915812280     
          16          25   1.0531462255214410     
           9          26   1.2449122151129544     
          10          26  0.22078378732235596     
          11          26  0.14963512687182909     
          25          26   1.4624569470391469     
           1          27  0.39695808139823990     
           2          27   1.1370353278281558     
           3          27  0.10103190369170122     
           1          28  0.12164795214745829     
           3          28  0.10871086701702444     
          27          28   1.3471062695246672     
           1          29  0.13235540145208674     
          27          29  0.12216473099989714     
          28          29   1.8690412613629273     
