           1           2   2.4738731431282726     
           2           3  0.99300078859662311     
           1           4  0.13229163791203877     
           3           4   1.7418164281527775     
           3           5   1.0557425394401856     
           5           6   1.1337055051390090     
           2           7  0.11488444480882075     
           6           7   1.2929137121963061     
           6           8  0.51804910973600105     
           7           8   1.4225944013919496     
           5           9   1.1439331965715982     
           8           9   1.2503112411576958     
           9          10   1.2173457336896107     
           8          11  0.11969105899145253     
          10          11   1.4266538714281247     
          10          12   1.2060277046159118     
          11          12  0.14784683444954630     
          12          13   1.3009985573494967     
          13          14   1.3409908225994325     
          14          15   1.5347678316765090     
          15          16   1.0296391802962190     
          16          17   1.6147093067863247     
          17          18   1.0983260080383972     
          18          19   1.3422714272243765     
          19          20   2.1637906739588191     
          20          21   1.3724537358877831     
          21          22   1.0000036631812708     
          19          23  0.11845026927443394     
          21          23   1.3068376580630943     
          23          24   1.0218169122052194     
          18          25   1.2775958187300422     
          20          25  0.11943322970318697     
          23          25   1.3641837456468173     
          25          26  0.99607169227697712     
          16          27   1.0875565818587414     
          17          27  0.11205357381053650     
          17          28  0.18426879880301289     
          27          28   1.7488390765396402     
          28          29   1.5775762896082450     
          15          30   1.1164145508308474     
          29          30   1.1662649862080923     
          14          31  0.51323382472870072     
          30          31   1.3896861738670530     
          13          32   1.0758587529161812     
          31          32   1.4912304543085111     
          32          33   1.0770207517287644     
          33          34   1.2496555101969475     
          34          35   1.5762314355768008     
          35          36   1.0656772229719791     
          34          37  0.21506716565165321     
          35          37  0.32905382660858107     
          36          37   1.5904200283239522     
