           1           2   1.5439506618315941     
           2           3   1.0251480393944390     
           3           4   1.3152516305391326     
           4           5   1.6393006075506515     
           4           6  0.37273513837073852     
           5           6   1.6374013469744029     
           4           7  0.11973163764173522     
           6           7   1.3674732751574066     
           7           8  0.99265400983267016     
           8           9   1.3190843376891981     
           9          10   1.6461661468833724     
          10          11   1.4429591849570127     
          11          12   1.1151970195307797     
           8          13   1.4012914345711365     
           9          13  0.18254378149293402     
          10          13  0.22009726872532234     
          12          13   1.3815085380465806     
          12          14   1.2119939978621967     
          14          15   1.2700426925978621     
          14          16  0.17006525138053821     
          15          16   1.7377734069445447     
          11          17   1.0480577965038322     
          15          17  0.78347139926997333     
           9          18  0.11181597229877693     
          14          18  0.19485982037574323     
          16          18  0.16326888702284609     
          17          18   1.8515878700037076     
          18          19   1.1991489081035045     
          19          20   1.4017117699106492     
          20          21   1.1736907402221446     
          19          22  0.11008289911105434     
          21          22   1.5306073717600110     
          21          23   1.1540575615253261     
          23          24   1.2303515095849940     
          23          25  0.10077506869265419     
          24          25   2.1932594092505848     
          25          26  0.83392804695095424     
          25          27  0.11052219516595109     
          26          27   1.6572212319676849     
          25          28  0.10961958534135544     
          26          28   1.3976722517926659     
          27          28  0.27480204223392557     
          19          29   1.0944730765367396     
          23          29   1.1261697504629424     
          20          30  0.27699342450247949     
          29          30   1.6354606823419722     
           1          31  0.10031175234509236     
           3          31   1.3328322136263879     
           4          31  0.14906512514546164     
           5          31  0.43980816857901450     
           6          31  0.15345993475815170     
           7          31   1.3961467327253785     
