   -0.10205464
    0.08038916
   -0.10794339
    0.16230882
   -0.08269010
    0.11571725
   -0.13648645
    0.08740483
    0.02197326
    0.12459781
   -0.17925597
    0.13477703
   -0.11170142
    0.13456379
   -0.05294977
   -0.07420147
    0.17239465
   -0.12686313
    0.04841212
    0.07296590
    0.00779528
   -0.03123625
    0.09427090
   -0.06225172
    0.01351284
    0.09644548
   -0.04640358
   -0.07173251
    0.01278596
   -0.05635274
    0.11840696
   -0.21953240
    0.32293111
   -0.37087347
   -0.00801988
    0.03902044
   -0.03350993
    0.17455445
   -0.06593886
   -0.09523035
