           1           2   1.9744595408630063     
           2           3   1.1322653261017477     
           3           4   1.0983090786146765     
           4           5   1.4716369126485573     
           5           6   1.4044785904204855     
           6           7   1.1759880603147661     
           7           8   1.6523028222990874     
           8           9   1.5843323538682408     
           9          10   1.0983608985690914     
          10          11   2.7941285043361859     
           9          12  0.99123560007568101     
           8          13  0.10339225779949866     
          12          13   1.6576261456461168     
          13          14   1.1269519691978351     
          14          15   1.2424473121138899     
          15          16   1.7638687279370866     
          16          17   1.3127185561910131     
          17          18   1.0650980061523250     
          18          19   1.1554368069048739     
          19          20   1.1477106890440121     
          20          21   1.3022443869464899     
          21          22   1.6160240622464239     
          21          23  0.32206698481774337     
          22          23   1.6200905501475444     
          21          24  0.27841501641678268     
          23          24   1.4839265092487006     
          20          25   1.3060201727821712     
          21          25  0.14946531791143922     
          22          25  0.40768822874286259     
          23          25  0.11483450784624205     
          24          25   1.5097743797350076     
          17          26   1.1890646990742633     
          26          27   1.0172340110536264     
          14          28   1.3255666683626106     
          15          28  0.29453253002946639     
          16          28  0.18796568366666780     
          26          28   1.4725468064399481     
           6          29   1.0936319336581737     
          12          29   1.0297177920809815     
           5          30  0.44102352674223461     
          29          30   1.5471688145896061     
           4          31   1.0673255907495878     
          30          31   1.3171150644184426     
          31          32   1.3271768618254596     
          32          33   1.1825020698578601     
          32          34  0.10211246089195029     
          33          34   1.6547384718535931     
          33          35  0.99521779018534628     
          35          36   2.3788691211984636     
          36          37   1.2376984267346178     
          37          38   1.0586237091045114     
          37          39  0.11739478434867041     
          38          39   1.2749574537459831     
          37          40  0.48723617236157668     
          38          40   1.2962961922180392     
          39          40  0.46947598740650121     
